Filename,Wav2Vec
afrikaans1.wav,PLEASE CALL STELLA ASK HER TO BRING THESE THINGS WITH HER FROM THE STORE SIX SPOONS OF FRISH SNOW APIECE FIVE THICK SLAPS OF BLUE CHEESE AND MAYBE A SNACK FOR HER BROTHER ER BROTHER BOB WE ALSO NEED A SMALL PLASTIC SNAKE AND A BIG TOAY FROK FOR THE KIDS SHE CAN SCOOP THESE THINGS INTO THREE RED BAGS AND WE WILL GO MEET ER WINSTAY AT THE TRAIN STATION
afrikaans2.wav,PLEASE CALL STELLA ASK HER TO BRING THESE THINGS WITH HER FROM THE STORE SIX SPOONS OF FRESH SNOW PEAS FIVE THICK SLABS OF BLUE CHEESE AND MAYBE A SNACK FOR HER BROTHER BOB WE ALSO NEED A SMALL PLASTIC SNAKE AND A BIG TOY FROG FOR THE KIDS SHE CAN SCOOP THESE THINGS INTO THREE RED BAGS AND WE WILL GO MEET HER WEDNESDAY AT THE TRAIN STATION
afrikaans3.wav,PLEASE CALL STELLA ASK HER TO BRING THESE THINGS WITH HER FROM THE STORE SIX SPOONS OF FRESH SNOW PEAS FIVE THICK SLABS OF BLUE CHEESE AND MAYBE A SNACK FOR HER BROTHER BOB WE ALSO NEED A SMALL PLASTIC SNAKE AND A BIG TOY FROG FOR THE KIDS SHE CAN SCOOP THESE THINGS INTO THREE RED BAGS AND WE WILL GO MEET HER WEDNESDAY AT THE TRAIN STATION
afrikaans4.wav,PLEASE CALL STELLA ASK HER TO BRING THESE THINGS WITH HER FROM THE STORE SIX SPOONS OF FRESH SNOW PEAS FIVE THICK SLABS OF BLUE CHEESE AND MAYBE A SNAP FOR HER BROTHER BOB WE ALSO NEED A SMALL PLASTIC SNAKE AND A BIG TOY FROG FOR THE KIDS SHE CAN SCOOP THESE THINGS INTO THREE RED BAGS AND WE WILL GO MEET HER WEDNESDAY AT THE TRAIN STATION
afrikaans5.wav,PLEASE CALL STELLA ASK HER TO BRING THESE THINGS WITH HER FROM THE STORE SIX SPOONS OF FRESH NOW PEAS FIVE THICK SLABS OF BLUE CHEESE AND MAYBE A SNACK FOR HER BROTHER BOB WE ALSO NEED A SMALL PLASTIC SNAKE AND A BIG TOY FROG FOR THE KIDS SHE CAN SCOOP THESE THINGS INTO THREE RED BAGS AND WE WILL GO AND MEET HER WEDNESDAY AT THE TRAIN STATION
agni1.wav,PLEASE CALL STERA ASK HER TO BRING THISE THING WITH HER FROM THE STORE SIX SPOON OF FRESH SNOW PEAS FIVE TIK SLAB OF BLUE CHEESE AND MAYBE A SNAKE FOR HER BROTHER BOB WE ALSO NEED A SMALL PLASTIC SNAKE AND A BIG TOIL FROG FOR THE KIDS SHE CAN SCOOP THI THING INTO THREE RED BAGS AND WE WILL GO MEET HER WEDNESDAY AT TETWIN STATION
akan1.wav,PLEASE CALL STELLA ASK HER TO BRING THESE THINGS WITH HER FROM THE STORE SIX SIX SPOONS OF FRESH SNOW PEAS FIVE THICK SLAVS OF BLUE CHEESE AND MAYBE A SNUG FOR HER BROTHER BOB WE ALSO NEED A SMALL PLUSSY SNAKE AND A BIG TOY FROG FOR THE KITS SHE CAN SCOOP THESE THINGS INTO THREE RED BAGS AND WE'LL GO MEET HER WEDNESDAY AT THE TRAIN STATION
albanian1.wav,PLEASE CALL STELLA ASK HER TO BRING THESE THINGS WITH HER FROM THE STORE SIX SPOONS OF FRESH SNOW PEAS FIVE THICK SLABS OF BLUE CHEESE AND MAYBE A SNACK FOR HER BROTHER BOB WE ALSO NEED A SMALL PLASTIC SNAKE AND A BIG TOY FROG FOR THE KIDS SHE CAN SCOOP THESE THINGS INTO THREE RED BAGS AND WE WILL MEET WE WILL GO MEET HER WEDNESDAY AT THE TRAIN STATION
albanian2.wav,PLEASE CALL STELLA ASK HER TO BRING THESE THINGS WITH HER FROM THE STORE SIX SPOONS OF FRESH SNOW PEAS FIVE THICK SLAPS OF BLUE CHEESE AND MAYBE A SNAKE FOR HER BROTHER BOW WE ALSO NEED A SMALL PLASTIC SNAKE AND A BIG TOY FROG FOR THE KIDS SHE CAN SHE CAN SCOOP THESE THINGS INTO THREE RED BAGS AND WE WILL GO MEET HER WEDNESDAY AT THE TRAIN STATION
albanian3.wav,PLEASE CALL STELLA ASK HER TO BRING THESE THINGS WITH HER FROM THE STORE SIX SPOONS OF FRESH SNOW PEAS FIVE THICK SLABS OF BLUE CHEESE AND MAYBE A SNACK FOR HER BROTHER BOB WE OFTON NEED A SMALL PLASTIC SNAKE AND A BIG TOY FROG FOR THE KIDS SHE CAN SCOOP THESE THINGS INTO THREE RED BAGS AND WILL GO AND MEET HER WEDNESDAY AT THE TRAIN STATION
albanian4.wav,PLEASE CALL STELLA ASK HER TO BRING THESE THINGS WITH HER WITH HER FROM THE STORE SIX SPOONS OF FRESH SNOW PEESE FIVE THICK SLABS OF BLUE CHEESE AND MAYBE A SNACK FOR HER BROTHER BOB WE ALSO NEED A SMALL PLASTIC SNAKE AND A BIG TOY FROG FOR THE KIDS SHE CAN SCOOP THESE THINGS INTO THREE RED BAGS AND WE WILL GET WE'LL GO AND WE WILL GO MEET HER WEDNESDAY AT THE TRAIN STATION
albanian5.wav,PLEASE CALL STELLA ASK HER TO BRING THESE THINGS FOM WITH HER FROM THE STORE SIX SPOONS OF FRESH SNOW PEAS FIVE THICK SLAPS OF BLUE CHEESE AND MAYBE A SNACK FOR BROTHER BOB WE ALSO NEED A SMALL PLASTIC SNAKE AND A BIG TOY FROG FOR THE KIDS SHE CAN SCOOP THESE THINGS INTO THREE RED BAGS AND WE WILL GO MEET HER WEDNESDAY AT THE TRAIN STATION
albanian6.wav,PLEASE CALL STELLA ASK HER TO BRING THESE THINGS WITH HER MA WITH HER FROM THE STORE SIX SPOONS OF FRESH SNOW PEAS AND FIVE THICK SLABS OF BLUE CHEESE AND MAYBE A SNACK FOR HER BROTHER BOB WE ALSO NEED A SMALL PLASTIC SNAKE AND A BIG TOY FROG FOR RN FOUR THE KITS SHE CAN SCOOP THESE THINGS INTO THREE RED BAGS AND WE WILL GO MEET HER ONESDAY AT THE TRAIN STATION
albanian7.wav,PLEASE CALL STELLA ASK HER TO BRING THESE THINGS WITH HER FROM THE STORE SIX SPOONS OF FRESH SNOW PEESE FIVE THICK SLABS OF BLUE CHEESE AND MAYBE A SNACK FOR HER BROTHER BOB WE ALSO NEED A SMALL PLASTIC SNAKE AND A BIG TOY FROG FOR THE KIDS SHE CAN SCOOP THESE THINGS INTO THREE RED BAGS AND WE WILL GO MEET HER WEDNESDAY AT THE TRAIN STATION
albanian8.wav,PLEASE CALL STELLA ASK HER TO BRING THESE THINGS FROM WITH HER FROM THE STORE SIX SPOONS OF FRESH SNOW PEAS FIVE THICK SLABS OF BLUE CHEESE AND MAYBE A SNACK FOR HER BROTHER BOB WE ALSO NEED A SMALL PLASTIC SNAKE AND A BIG TOY FROG FOR THE KIDS SHE CAN SCOOP THESE THINGS INTO THREE RED BAGS AND WE WILL GO MEET HER WEDNESDAY AT THE TRAIN STATION
albanian9.wav,PLEASE CALL STELLA ASK HER TO BRING THESE THINGS WITH HER FROM THE STORE SIX SPOONS OF FRESH SNOW PEAS FIVE THICK SLABS OF BLUE CHEESE AND MAYBE A SNACK FOR HER BROTHER BOB WE ALSO NEED A SMALL PLASTIC SNAKE AND A BIG TOY FROG FOR THE KIDS SHE CAN SCOOP THESE THINGS INTO THREE RED BAGS AND WE WILL GO MEET HER WEDNESDAY AT THE TRAIN STATION
amazigh1.wav,PLEASE CALL STELLA ASK HER TO BRING THIS TANK WITH HER FROM THE STORE SIX POMPS OF FRESH SNOW PIECS FIVE TAKE STABBLES OR BROOCHES AND MAYBE A SNUCK FOR HER BROTHER BAB WE ALSO NEEDED A SMALL PLASTIC SNACK AND BIG TOI FROG FOR THE DEKIDS SHE CAN SCOOP THIS TANK UNTIL UNTIL TRE READ BAG AND WE WILL GO MEET HER WEDNESDAY AT THE TRRANC STATION
amazigh2.wav,PLEASE CALL STELLA ASK HER TO BRING THESE THINKS WITH HER FROM THE STORE SIX SPOONSO FRESH SNOW PEAS FIVE THICK SLABS OF BLUE CHEESE AND MAYBE A SNAG FOR HER BROTHER BOB WE ALSO NEED A SMALL PLASTIC SNAG AND A BIG TOY FROG FOR THE KIDS SHE CAN SCOOP THE THINGS INTO THREE RED BAGS AND WE WILL GO MEET HER WEDNESDAY AT THE TRAIN STATION
amharic1.wav,PLEASE CALL STILL ASK HER TO BRING THESE THINGS WITH HER FROM THE STORE SIX SPOON OF FRESH SNOW PEAS FIVE THICK SLEPS OF BLUE CHEESE AND MAYBE SNUG FOR HER PRASERBO WE ALSO NEED A SMALL PLASTIC SNUG AND BIG TOY FROG FOR THE KID SHE CAN SCOP THESE THINGS INTO THREE RG BAG AND WE WILL GO MEET HER WHENSTE AT THE TRAIN STATION
amharic10.wav,PLEASE CALL STELLA ASK ASK HER TO BRING THE THING WITH HER FROM THE TORE SIX SPOON OF FRESH SNOW PINS FIVE THICK LIPS OF BLUE CHEESE AND MAYBE A SNACK FOR HER BROT HER BROTHER BOB WE ALSO NEED A SMALL PLASTIC SNACK AND A BIG TOY FROG FOR THE KIDS THE CAN SCOP THE TINGT INTO THE RED BAG AND WE WILL GO MEET HER WEDNESDAY AT THE TRAIN STATION
amharic11.wav,PLEASE CALL STELLA ASK HER TO BRING THESE THINGS WITH HER FROM THE STORE SIX SPOONS OF FRESH SNOW PEAS FIVE THICK SLIPS OF BLUE CHEESE AND MAYBE A SNUG FOR HER BROTHER BOB WE ALSO NEED A SMALL PLASTIC SNUG AND A BIG TOY FROG FROM THE KITS SHE CAN SCOOP THESE THINGS INTO THREE RED BAGS AND WE ALL WE WILL GO MEET HER WEDNESDAY AT THE TRAIN STATION
amharic12.wav,PLEASE CALL STELLA ASK HER TO BRING THES THINGS WITH HER FROM THE STORE SIX A SPOON OF FRESH SNOW PEAS FIVE TICK SLOPS OF BLUE CHEESE AND MAYBE A SNUG FOR THE BROTHER BOB HER BROTHER BOB WE ALSO NEED A SMALL PLASTIC SNUG AND A BIG TOY FROG FOR THE KIDS SHE CAN SCOPE THE STINGS INTO THREE RED BAGS AND WE WILL GO MEET HER WENSDAY AT THE TRAIN STATION
amharic13.wav,PLEASE CALL STELLA ASK HER TO BRING THE THINGS WITH HER FROM THE STORES SIX SPOONS OF FRESH SNOW PEAS FIVE THICK SLABS OF BLUE CHEESE AND MAYBE A SNAG FOR HER BROTHER BOB WE ALSO NEED A SMALL PLASTIC SNUG SNAK SNUK AND A BIG TOY FOR FROG FOR THE KIDS SHE CAN SCOOP THE THINGS INTO THREE RED BAGS AND WE WILL GO MEET HER WEDNESDAY AT THE TRAIN STATION
amharic14.wav,PLEASE CALL ESTELLA I ASK HER TO BRING THESE THINGS WITH HER FROM THE STORE SIX SPOONS OF A FRESH MALL PEASE FIVE THICK SLABS OF A BLUE CHEESE AND MAYBE A SNACK OF A SNACK FOR HER BROTHER BOB WE ALSO NEED A SMALL PLASTIC SNAKE AND A BIG TOY FOR FROG O FOR THE KIDS SHE CAN SCOOP THE STAINGS INTOE THREE RED BAGS AND WE WILL GO MEET HER WEDNESDAY AT THE TRAIN STATION
amharic15.wav,PLEASE CALL STELLA ASK HER TO BRING THESE THINGS WITH HER FROM THE STORE SIX PONTS OF FRESH SNOW BEAMS FIVE TICKS SLABS OF BLUE CHEESE AND MAYBE A SNACK FOR HER BROTHER BOOK WE ALSO NEED A SMALL PLASTIC SNACK AND A BIG TOY FROG FOR THE KES SHE CAN SCOP THESE THINGS INTO THREE RED BAGS AND WE WILL GO MEET HER WEDNESDAY AT THE TRAIN STATION
amharic16.wav,PLEASE CALL STELLA ASK HER TO BRING THESE THINGS WITH HER FROM THE STORE SIX SPOONS OF FRESH SNOW PASE FIVE THICK SLABS OF BLUE CHEESE AND MAYBE A SNUG FOR HER BROTHER BAB WE ALSO NEED A SMALL PLASTIC SNUG AND A BIG TOY FROG FOR THE KIDS SHE CAN SCOOP THESE THINGS INTO THREE RED BAGS AND WE WILL GO MEET HER WEDNESDAY AT THE TRAIN STATION
amharic17.wav,PLEASE CALL STELLA ASK HER TO BRING THE THING WITH HER FROM THE STORE SIX SPOONS OF FRESH SNOW PEAS FIVE THICK SLABS OF BLUE CHEESE AND MAYBE A SNACK FOR HER BROTHER BOB WE ALSO NEED A SMALL PLASTIC SNAKE AND A BIG TOY FROG FOR THE KIDS SHE CAN SCOOP THESE THINGS INTO THREE RED BAGS AND WE'LL GO TO MEET HER WEDNESDAY AT THE TRAIN STATION
amharic18.wav,PLEASE CALL STELLA ASK HER TO BRING THESE THINGS WITH HER FROM THE STORE SIX SPOONS OF FRESH SNOW PEAS FIVE THICK SLABS OF BLUE CHEESE AND MAYBE A SNACK FOR HER BROTHER BOB WE ALSO NEED A SMALL PLASTIC SNAKE AND A BIG TOY FROG FOR THE KIDS SHE CAN SCOOP THESE THINGS INTO THREE RED BAGS AND WE WILL GO MEET HER WEDNESDAY AT THE TRAIN STATION
amharic19.wav,PLEASE CALL STELLA ASK HER TO BRING THESE THINGS WITH HER FROM THE STORE SIX SPOONS OF FRESH SNOW PEAS FIVE THICK SLABS OF BLUE CHEESE AND MAYBE A SNACK FOR HER BROTHER BOB WE ALSO NEED A SMALL PLASTIC SNAKE AND A BIG TOY FROG FOR THE KIDS SHE CAN SCOOP THESE THINGS INTO THREE RED BAGS AND WEW'LL GO MEET HER WEDNESDAY AT THE TRAIN STATION
amharic2.wav,PLEASE CALL STELLA ASK HER TO BRING THOSE THINGS WITH HER FROM THE STORE SIX SPOONS OF FRESH SNOW PEAS FIVE THICK SLABS OF BLUE CHEESE AND MAYBE A SNAK FOR HER BROTHER BOB WE ALSO NEED SMALL PLASTIC SNUGS AND SNACK AND BIG TOY FROG FORE THE KIT THE KITS SHE CAN COPY THESE THINGS INTO SHE CAN COPY SCOP THESE THINGS INTO THREE RED BOX AND WE WILL GO MEET HER ONE DAY AT THE TRAIN STATION
amharic20.wav,PLEASE CALL STILL STELLA ASK HER TO BRING THE THINGES WITH HER FROM THE STORE SEEX SPOON OF FRESH SNOW PEA FIVE TIK SLIB OF BLUE CHEESE AND MAYBE A SNUG FOR HER BROTHER BO WE ALSO NEED A SMALL PLASTIC SNUG AND A BIG TOY FORK FOR THE KIDS SHE CAN SCOP THE TINGES INTO THREE RED BAGS AND WE WILL GO MEET HER WEDNESDAY AT THE TRAIN STATION
amharic3.wav,PLEASE CALL SETA ASK HER TO BRING THESE THINGS WITH HER FROM THE STORE SIX SPOONFL OF FRESH SNOW PIECE FIVE THICK SLIP OF BLUE CHEESE AND MAYBE A SNUG FOR HER BRITE BOB WE ALSO NEED A SMALL PLASTIC SNAG AND BIG TOY FROG FOR HER KIDS TE SCAN SCOP THESE THINGS INTO THREE RED BAGS AND WE WILL GO MEET HER WEDNESDAY AT THE TRAIN STATION
amharic4.wav,PLEASE CALL SETELA ASK HER TO BRING THESE THINGS WITH HER FROM FROM THE STORE SIX SPOONS OF FRESH FRESH SNOW PIECS FIVE THICK SLABS OF BLUE CHEESE AND MAYBE THE ES A SNAKE OF HER BROTHER BOB WE ALSO NEED A SMALL PLASTIC SNAKE AND A BIG TOY FROG FOR THE KIDS SHE SHE CAN SCOPE THESE THINGS INTO THREE RED BAGS AND WE WE WILL GO MEET HER WEDNESDAY AT THE TRAIN STATION
amharic5.wav,PLEASE CALL IT STELLA ASK HER TO BRING THESE THINGS WITH HER FROM THE STOR SIX SPOONF OF FRESH SNOW PEES FIVE THICK SLABS OF BLUE CHEESE AND MAYBE A SNACK FOR HER BROTHER BOB WE ALSO NEED A SMALL PLASTIC SNAKE AND A BIG TOY FROG FOR THE KIDS SHE CAN SCOPE THESE THINGS INTO THREE RED BAGS AND WILL GO MEET HER WEDNESDAY AT THE TRAIN STATION
amharic6.wav,PLEASE CALL STELLA ASK HER TO BRING THESE THINGS WITH HER FROM THE STORE SIX SPOONS OF FRESH SNOW PEAS FIVE THICK SLABS OF BLUE CHEESE AND MAYBE A SNACK FOR HER BROTHER BOB WE ALSO NEED A SMALL PLASTIC SNAKE AND A BIG TOY FROG FOR THE KIDS SHE CAN SCOOP THESE THINGS INTO THREE RED BAGS AND WE WILL GO MEET HER WEDNESDAY AT THE TRAIN STATION
amharic7.wav,PLEASE CALL STELLA ASK HER TO BRING THESE THINGS WITH HER FROM THE STORE SIX SPOONFUS OF FRESH SNOW PEAS FIVE THICK SLABS OF BLUE CHEESE AND MAYBE A SNUG FOR HER BROTHER BOB WE ALSO NEED A SMALL PLASTIC SNAKE AND A BIG TOY FROG FOR THE KIDS SHE CAN SCOOP THESE THINGS INTO THREE RED BAGS AND WE WILL GO MEET HER WEDNESDAY AT THE TRAIN STATION
amharic8.wav,PLEASE CALL ESTELLA ASK HER TO BRING THOSE THINGS WITH HER FROM THE STORE SIX SPOON OF FRESH SNOW PIECE FIVE STICK LAPE OF BLUE CHEESE AND MAYBE A SNUG FOR HER BROTHER BOB WE ALSO NEED TO SMALL PLACE PLASTIC SNAKES AND A BAG TOY FOR HER THE KIDS SHE CAN SCOOP THOSE THINGS INTO THE INTO THEIR RAD BAK AND WE WILL GO MEET HER WEDNESDAY AT THE TRAIN STATION
amharic9.wav,PLEASE CA PLICE CALL STELLA ASK HER TO BRING THOSE THINGS WITH HER FROM THE STORE AND SIX SPOON O FRESH SPOON PIECE FIVE STICKS AVAN SARBINE OF A BLUE CHEESE AND MAYBE A SNACK OF SNACK FOR HER BROTER BOB WE ALSO NEED A SMALL PLASTIC SNACK AND BIG TOY TWOLV FROGS FROM THE KD FOR THE KIDS AND SHE CAN SCROP THOSE THINGS INTO THOS RADY BAG AND WE'LL GO AND MEET HER WHEN IS THERE AT THE TRAIN STATION
arabic1.wav,PLEASE CALL STILLA ASK HER TO BRING THESE THINGS WITH HER FROM THE STORE SIX SPOON OF FRESH SNOW BES FIVE THICK SLIPS OF BLUE CHEESE AND MAYBE A SNAKE FOR HER BROTHER BAB WE ALSO NEED A SMALL BLAK STICK SNAKE AND A BIG TOY FROG FOR THE KIDS SHE CAN SCOOP THESE THINGS INTO THREE RED BAGS AND WE WILL GO MEET HER WEDNESDAY AT THE TRAIN STATION
arabic10.wav,PLEASE CALL STELLA ASK HER TO BRING THESE THINGS WITH HER FROM THE STORE SIX SPOONS OF FRESH SNOWPEAS FIVE THICK SLABS OF BLUE CHEESE AND MAYBE A SNAKE FOR A SNACK FOR HER BROTHER BOB WE ALSO NEED A SMALL PLASTIC SNAKE AND A BIG TOY FROG FOR THE KIDS SHE CAN SCOOP THESE THINGS INTO THREE RED BAGS AND WE WILL GO MEET HER WEDNESDAY AT THE TRAIN STATION
arabic100.wav,PLEASE CALL STELLA ASK HER TO BRING THESE THINGS WITH HER FROM STORE SIX SPOONS OF FRESH SNOW PEAS FIVE THICK SLABS OF BLUE CHEESE AND MAYBE A SNAG FOR HER BROTHER BOB WE ALSO NEED A SMALL PLASTIC SNACK AND BIG TOY FROG FOR THE KIDS SHE CAN SCOOP THESE THINGS INTO THREE RED BAGS AND WE WILL GO MEET HER WEDNESDAY AT THE TRAIN STATION
arabic101.wav,PLEASE CALL STELLA ASK HER TO BRING THESE THINGS WITH HER FROM THE STORE SIX POONS OF FRESH SNOW BEES FIVE SIX SLABS OF BLUE CHEESE AND MAYBE A SNACK FOR HER BROTHER BOB WE ALSO NEED A SMALL PLASTIC SNAKE AND A BIG TOY FROG FOR THE KIDS SHE CAN SCOOP THESE THINGS INTO THREE RED BAGS AND WE WILL GO MEET HER WEDNESDAY AT THE STRAIN TRAIN STATION
arabic102.wav,PLEASE CALL STELLA ASK HER TO BRING THESE THINGS WITH HER FROM THE STORE SIX SPOONS OF FRESH SNOW PEAS FIVE THICK SLABS OF BLUE CHEESE AND MAYBE A SNACK FOR HER BROTHER BOB WE ALSO NEED A SMALL PLASTIC SNAKE AND A BIG TOY FROG FOR THE KIDS WE CAN SCOOP THESE THINGS INTO THREE RED BAGS AND WE WILL GO MEET HER A WEDNESDAY AT THE TRAIN STATION
arabic11.wav,PLEASE CALL STELLA ASK HER TO BRING THESE THINGS WITH HER FROM THE STORE SIX SPOONS FRESH SNOW PEAS FIVE THICK SLAPS OF BLUE CHEESE AND MAYBE A SNACK FOR HER BROTHER BOB WE ALSO NEED A SMALL PLASTIC SNACK O AND A BIG TOY FROG FOR THE KIDS SHE CAN SCOOP THESE THINGS INTO THREE RED BAGS AND WE WILL GO MEET HER WEDNESDAY AT THE TRAIN STATION
arabic12.wav,PLEASE CALL STELLA ASK HER TO BRING THESE THINGS WITH HER FROM THE STORE SIX SPOONS OF FRESH SNOW PEAS FIVEO FIVE THICK SLABS OF BLUE CHEESE AND MAYBE SNACK FOR HER BROTHER BOB WE ALSO NEED A SMALL PLASTIC SNAKE AND A BIG TOY FROG FOR THE KIDS SHE CAN SCOOP THESE THINGS INTO THREE RED BAGS AND WE WILL GO MEET HER WEDNESDAY AT THE TRAIN STATION
arabic13.wav,PLEASE CALL STELLA ASK HER TO BRING THIS THING WITH HER FROM THE STORE SIX SPOONS OF FRESH SNOW PEAS FIVE THICK SLABS OF BLUE CHEESE AND MAYBE A SNAKE FOR HER BROTHER BOB WE ALSO NEED A SMALL PLASTIC SNAKE AND A BIG TOY FROG FOR THE KIDS SHE CAN SCOOP THESE THINGS INTO THREE RED BAGS AND WE WILL GO MEET HER WEDNESDAY AT THE TRAIN STATION
arabic14.wav,PLEASE CALL STELLA ASK HER TO BRING THESE THINGS WITH HER FORM THE STORE SIXPENCE OF FRESH SNOW BEESE FIVE THICK SLABS OF BLUE CHEESE AND MAYBE A SNACK FOR HER BROTHER BOB WE ALSO NEED A SMALL PLASTIC SNACK AND A BIG TOY FROG FOR THE KIDS SHE CAN SCO THESE THINGS INTO THE THREE RED BAGS AND WE WILL GO MEET HER WIN WEDNESDAY AT THE TRAIN STATION
arabic15.wav,PLEASE CALL STELLA ASK HER TO BRING THESE THINGS WITH HER FROM TO STOP TO THE STORE FROM THE STORE SIX SPOONS OF FRESH SNOW PIECE FIVE THICK SLABS OF BLUE CHEESE AND MAYBE SNAKE OF HER BROTHER BOB WE ALSO NEED A SMALL PLASTIC SNACK AND A BIG BIG TOY FROG THE FROG FOR FOR THE KIDS SHE CAN SCOOP THESE THINGS IND THREE INTO THREE RED BAGS AND WE WILL GO MEET HER WEDNESDAY AT THE TRAIN STATION
arabic16.wav,PLEASE CALL STELLA ASK HER TO BRING THESE THINGS WITH HER FROM THE STOLE SIX SPOONS OF FRESH SNOW PEAS FIVE SIX SLABS OF BLUE CHEESE THAND MAYBE A SNACK FOR HER BROTHER BOB WE ALSO NEED A SMALL PLASTIC SNAKE IN THE BIG TOY FROG FOR THE KIDS SHE CAN SCOOP THESE THINGS INTO THREE RED BAGS IN WE WILL GO MEET HER WEDNESDAY AT THE TRAIN STATION
arabic17.wav,PLEASE CALL STELLA ASK HER TO BRING THESE THINGS WITH HER FROM THE STORE SIX SPOONFS OF FRESH SNOW PEAS FIVE THICK SLABS OF BLUE CHEESE AND MAYBE A SNACK FOR HER BROTHER BOB WE ALSO NEED A SMALL PLASSIC SNAKE AND A BIG TOY FROG FOR THE KIDS SHE CAN SCOOP THESE THINGS INTO THREE RED BAGS AND WE WILL GO MEET HER WEDNESDAY AT THE TRAIN STATION
arabic18.wav,PLEASE CALL STELLA ASK HER TO BRING THESE THINGS WITH HER FROM THE STORK SIX SPOONS OF WITCH SNOW PEAS FIVE THICK SLABS OF BLUE CHEESE AND MAYBE A SNACK FOR HER BROTHER BOB WE ALSO NEED A SMALL PLASTIC SNAKE AND A BIG TOY FORK FOR THE KIDS SHE CAN SCREW THESE THINGS INTO THREE RED BAGS AND WE WILL GO MEET HER ENES DAY AT THE TRAIN STATION
arabic19.wav,PLEASE CALL STELLA AS ASK HER TO BRING IN THESE TANKS WITH HER FROM THE STORE SIX SPOONS OF FRESH SNOW PEES FIVE TICK SLABS OF THE BLUE CHEESE AND MAYBE A SNAKE OF HER BROTHER BOB WE ALSO NEED A SMALL PLASTIC SNAKE AND A BIG TOY FROG FOR THE KITS SHE CAN SCOOP THE TINKS INTO THREE RED BAGS AND WE WILL GO MEET HER WEDNESDAY AT THE TRAIN STATION
arabic2.wav,PLEASE CALL STELLA ASK HER TO BRING THESE THINGS WITH HER FROM THE STORE SIX SPOONS OF FRESH SNOW PEAS FIVE THICK SLABS OF BLUE CHEESE AND MAYBE A SNACK FOR HER BROTHER BOB WE ALSO NEED A SMALL PLASTIC SNAKE AND A BIG TOY FROG FOR THE KIDS SHE CAN SCOOP THESE THINGS INTO THE THREE RED BAGS AND WE WILL GO MEET HER WEDNESDAY AT THE TRAIN STATION
arabic20.wav,PLEASE CALL STELLA ASK HER TO BRING THESE THINGS WITH HER FROM THE STORE SIX SPOONS OF FRESH SNOW PEAS FIVE THICK SLABS OF BLUE CHEESE AND MAYBE A SNAK OF HER BROTHER BAB WE ALSO NEED A SMALL PLASTIC SNAKE AND A BIG TOY FROG FOR THE KIDS SHE CAN SCROOP THESE THINGS INTO THREE RED BAGS AND YEU WILL GO MEET HER WEDNESDAY AT THE TRAIN STATION
arabic21.wav,PLEASE CALL STELLA ASK HER TO BRING THESE THINGS WITH HER FROM THE STORE SIX SPOONS OF FRESH SNOW PEAS FIVE THICK SLABS OF BLUE CHEESE AND MAYBE A SNACK FOR HER BROTHER BOB WE ALSO NEED A SMALL PLASTIC SNAKE AND A BIG TOY FROG FOR THE KIDS SHE CAN SCOOP THESE THINGS INTO THREE RED BAGS AND WE WILL GO MEET HER WEDNESDAY AT THE TRAIN STATION
arabic22.wav,PLEASE CALL STELLA ASK HER TO BRING THESE THINGS WITH HER FROM THE STORE SIX SPOUNS OF FRESH SNOW PEAS FIVE THICK SLABS OF BLUE CHEESE AN MABE SNIGT FOR HER BROTHER BOB WE ALSO NEED A SMALL PLASTIC SNAKE AND A BIG TOY FROK FOR THE KIDS SHE CAN SCROOP THESE THINGS INTO THREE RED BAGS AND WE WILL GO MEET HER WENESDAY AT THE TRAIN STATION
arabic23.wav,PLEASE CALL STELLA ASK HER TO BRING THESE THINGS WITH HER FROM THE STORE SIX SPOONS OF FRESH SNOW PEAS FIVE THICK SLABS OF BLUE CHEESE AND MAYBE A SNAK FOR HER BROTHER BOB WE ALSO NEED A SMALL PLASTIC SNAKE AND A BIG TOY FROG FOR THE KIDS SHE CAN SCOOP THESE THINGS INTO THREE RED BAGS AND WE WILL GO MEET HER WENESDAY AT THE TRAIN STATION
arabic24.wav,BES CALLEDS SITLE ASK HER TO BRING THESE THINGS WITH HER FROM THE STORE SIX SPOONS OF FRESH SNAW PITS FIVE THING THICK SLIP OF BLUE SHEETS AND THERE MAY BE A SNAKE F OR HER BROTHER POP WE ALSO MEET A SMALL PLASTIC SNAKE AND BIG TOY FOR A FROG FOR THE KIDS SHE CAN SCOOP THESE THINGS INTO THREE RED BEGS AND WE WILL GO MEET MEET HER WINSDAY AT THE TRAIN STATION
arabic25.wav,PLEASE CALL STELLA ASK HER TO BRING THESE THINGS WITH HER FROM THE STORE SIX SPOONS OF FRESH SNOW PEAS FIVE THICK SLABS OF BLUE CHEESE AND MAYBE A SNACK FOR HER BROTHER BOB WE WILL ALSO NEED A SMALL PLASTIC SNAKE AND A BIG TOY FROG FOR THE KIDS SHE CAN SCOOP THESE THINGS INTO THREE RED BAGS AND WE WILL GO MEET HER ONE DAY AT THE TRAIN STATION
arabic26.wav,PLEASE CALL STELLA ASK HER TO BRING THOSE THINGS WITH HER FROM THE STORE SIX SPOON OF FRESH SNOW PIECE FIVE THICK SLAB OF BLUE CHEESE AND MAYBE A SNACK FOR HER BROTHER BOB WE ALSO NEED A SMALL PLASTIC SNACK AND A BIG TOI FROG FOR HER FOR THE KITS SHE CAN SCOOP THOSE THINGS INTO THE THREE RED BAG AND WE WILL GO MEET HER ONCE DAY AT THE TRAIN STATION
arabic27.wav,PLEASE CO STELLA ASK HER TO BRING THESE THINGS WITH HER FROM THE STORE SIX SPOONS OF FRESH SNOW PEAS FIVE THICK SLABS OF BLUE CHEESE AND MAYBE A SNACK OR FOR HER BAB BROTHER BOB WE ALSO NEED A SMALL PLASTIC SNAK AND A BIG TOY FROG FOR THE KIDS SHE CAN SCOOP THESE THINGS INTO THREE RED BAG AND WE WILL GO MEET HER WENCETAY AT THE TRAIN STATION
arabic28.wav,PLEASE GOLL STELLA ASK HER TO BRING THESE THINGS WITH HER FROM THE STORE STORE SIX SPOONS OF FRESH SNOW PES FIVE THICK SLEVES OF BLUE CHEESE AND MAYBE A SNAKE FOR HER BROG BROTHER BOB BROTHER BOB WE ALSO NEED A SMALL BLASTIC SNAG AND A BIG TOY FROG FOR THE KIDS SHE CAN SCOOP THESE THINGS INTO THREE RED BAGS AND WE WILL GO MEET HER WEDNESDAY AT THE TRAIN STATION THANK YOU O WANT ME A MORE TIME BECAUSE I THIN THERE IS SOME NOISE BEGETERNO WE A ISONOBA LETUS FIND PLEASE GOL STELLA ASK HER TO BRING THESE THINGS WITH HER FROM THE STOR STORE SIX BOONS OF FRESH SNOW BEES FIVE THICK SLEEVES OF BLUE CHEESE AND MAYBE A SNAG FOR HER BROTHER BOB WE ALSO NEED A SMALL PLASTIC SNAKE AND A BIG TOY FOR FROG FOR THE KIDS SHE CAN SCOOP THESE THINGS INTO THREE RED BAGS AND AND WE WILL GO MEET HER WEDNESDAY AT THE TRAIN STATION
arabic29.wav,BLIS CALLED SILLA ASK HER TO BRING THESE THINGS WITH HER FROM THE STORE SIX SPOONS OF FRESH SNOW PEECE FIVE TEX SLAPS OR OF A BLUE CHEESE AND MAYBE A SNACK FOR HER BROTHER POP WE ALSO NEED SMALL PLASTIC SNACK AND A BIG TOY FROCK FOR THE KIDS SHE CAN SCOP THESE THINGS INTO THREE INTO THREE RED SPAGS AND WE WILL GO MEET HER WEDNESDAY AT THE TRAIN STATION
arabic3.wav,PLEASE CALL STELL STELLA ASK HER TO BRING THESE THINGS WITH HER FROM THE STORE SIX SPONS OF FRESH SNOW PEECE FIVE THICK SLABS OF BLUE CHEESE AND MAYBE A SNAKE FOR HER BROTHER BOB YOU ALSO NEED A SMALL PLASTICK SNAK AND BIG TOY F FROG FOR THE KIDS FOR THE KIDS SHE CAN SCOPE THESE THINGS INTO THREE RED BEGS AND WE WILL GO MET MEET HER ON ITS DAY AT THE TRAIN STATION
arabic30.wav,PLEASE CALL STELLA ASK HER TO BRING THESE THINGS WITH HER FOR THE STORE SIX SPOONS OF FRESH AM SPOONS OF FRESH SNOW PEAS FIVE THICK SLAPS OF BLUE CHEESE AND MAYBE A SNACK FOR HER BROTHER BOB WE ALSO NEED A SMALL PLASTIC SNACK A SNACK AND A BIG A TOY FROK FOR THE KIDS SHE CAN SCOOP THESE THINGS INTO THREE RED BAGS AND WE WILL GO MEET HER WEDNESDAY AT THE TRAIN STATION
arabic31.wav,PLEASE CALL STELLA ASK HER TO BRING THESE THINGS WITH HER FOR  WITH HER FROM THE STORE SIX SPOONS OF FISH SNOW A PPISE FIVE STICKS THICK LOPS OFA BLUE CHEESE AND MAYBE A STICK SNECK OF FOR HER BROTHER BOB WE ALSO NEED A SMALL PLASTIC SNICK AND A BIG TOY FORK FOR THE KITS SHE CAN SCOPE THESE THINGS INTO THEIR RED BACKS AND WE WILL GO MEET HER WEDNESDAY AT THE R TRAIN STATION
arabic32.wav,PLEASE CALL STELLA ASK HER TO BRING THESE THINGS WITH HER FROM THE STORE SIX SPOONS OF FRESH SNOW PEAS FIVE THICK SLABS OF BLUE CHEESE AND MAYBE SNACKS FOR HER BROTHER BOB WE ALSO NEED A SMALL PLASTIC SNACK A SNEAKE AND A BIG TOY FROG FOR THE KIDS SHE CAN SCOOP THESE THINGS INTO THREE RED BAGS AND WE WILL GO MEET HER WENESDAY AT THE TRAIN STATION
arabic33.wav,PLEASE CALL STELLA ASK HER TO BRING THESE THINGS WITH HER FROM THE STORE SIX SPOONS OF FRESH SNOW PEECE FIVE THICK SLAPS OF BLUE CHEESE AND MAYBE A SNACK FOR HER BROTHER BOB WE ALSO NEED A SMALL PLASTIC SNACK AND A BIG TOY FROG FOR THE KIDS SHE SHE CAN SCOP THESE THINGS INTO INTO THREE RED BACKS AND WE WILL GO WEWILL GO MET HER WEDNESDAY AT THE TRAIN STATION
arabic34.wav,PLEASE CALL STELLA ASK HER TO BRING THESE THINGS WITH HER FROM THE STORE SIX SPOONS OF FRESH SNOW PEAS FIVE THICK SLABS OF BLUE CHEESE AND MAYBE A SNACK FOR HER BROTHER BOB WE ALSO NEED A SMALL PLASTIC SNAKE AND A BIG TOY FROG FOR THE KIDS SHE CAN SCOOP THESE THINGS INTO THREE RED BAGS AND WE WILL GO MEET HER WEDNESDAY AT THE TRAIN STATION
arabic35.wav,PLEASE CALL STELLA ASK HER TO BRING THESE THINGS WITH HER FROM THE STORE SIX SPOONS OF FRESH SNOW PEAS FIVE THICK SLABS OF BLUE CHEESE AND MAYBE A SNACK OF HER BROTHER BOB WE ALSO NEED SMALL BLASTIC SNAG AND BIG TOY FROG FOR KITS FOR THE KIDS SHE CAN SCOOP THESE THINGS INTO THEIR READ BAGS AND WE WILL GO MEET HER WEDNESDAY AT THE TRAIN STATION
arabic36.wav,PLEASE CALLS TELA ASK HER TO BRING THESE THINGS WITH HER FROM THE STORE SIX SPONS SIX SPOONS OF RECH SNOW BEES FIVE THICK SLABS OF BLUE CHEESE AND MAYBE A SNARK FOR HER BROTHER BOB WE ALSO NEED A SMALL BLASTIC SNACK AND A BIG TOY FROG FOR THE KID SHE CAN SQOOP THESE THESE THINGS INTO THREE RED BAGS AND WE WILL GO MEET HER MEET HER ONY'S DAY AT THE TRAIN STATION
arabic37.wav,PLEASE CALL STELLA ASK HER TO BRING THESE THINGS FROM THE STORE SIX SPOONS OF FRESH SNOW PEAS FIVE THICK SLABS OF BLUE CHEESE AND MAYBE A SNAP FOR BROTHER BOB WE ALSO NEED A SMALL PLASTIC SNAKE AND A BAG A TOY FROG FOR THE KIDS SHE CAN SCOOP THESE THINGS INTO THREE RED BAGS AND WE WILL GO MEET HER WEDNESDAY AT THE TRAIN STATION
arabic38.wav,PLEASE CALL STELLA ASK HER TO BRING THESE THINGS WITH HER FROM THE STORE SIX SPOONS OF FRESH SNOW PEAS FIVE THICK SLABS OF BLUE CHEESE AND MAYBE A SNACK FOR HER BROTHER BOB WE ALSO NEED A SMALL PLASTIC SNAKE AND A BIG TOY FROG FOR THE KIDS SHE CAN SCOOP THESE THINGS INTO THREE RED BAGS AND WE WILL GO MEET HER WEDNESDAY AT THE TRAIN STATION
arabic39.wav,PLEASE CALL STELLA ASK HER TO BRING THESE THINGS WITH HER FROM THE STORE SIX SPOONS OF FRESH SNOW PEATS A FIVE THICK SLEPS OF BLUE CHEESE AND MAYBE A SNOG FOR HER BROTHER BOB WE ALSO NEED A SMALL PLASTIC SNAKE AND A BIG TOY FROG FOR THE CAKES SHE CAN SCOOP THESE THINGS INTO THREE RED BAGS AND WE WILL GO MEET HER WEDNESDAY AT THE TRAIN STATION
arabic4.wav,PLEASE CALL STELLA ASK HER TO BRING THESE THINGS WITH HER FROM THE STORE SIX SPOONS OF FRESH SNOW PEAS FIVE THICK SLABS OF BLUE CHEESE AND MAYBE A SNUG FOR HER BROTHER BOB WE ALSO NEED A SMALL PLASTIC SNAKE AND A BIG TOY FROG FOR THE KIDS SHE CAN SCOOP THESE THINGS INTO THREE RED BAGS AND WE'LL GO MEET HER WEDNESDAY AT THE TRAIN STATION
arabic40.wav,LEASE CALL STELLA ASK HER TO BRING THESE THINGS WITH HER FROM THE STORE SIX SPOONS OF FRESH SNOW BEES FIVE THICK SLABS OF BLUE CHEESE AND MAYBE A SNUK FOR HER BROTHER BOB WE ALSO NEED A SMALL BLASTIG SNAG AND A BIG TOY FROG FOR THE KIDS SHE CAN SCOWP THESE THINGS INTO THREE RED BAGS AND WE WILL GO MEET HER WEDNESDAY AT THE TRAIN STATION
arabic41.wav,PLEASE CALL SELLA I ASK HER TO BRING THESE THINGS WITH HER FROM THE STORE SIX SPOONS OF FRESH SNOW PES FIVE THICK SLABS OF WOOD CHEESE AND MAYBE A SNACK FOR HER BROTHER BOB WE ALSO NEED A SMALL GLASS STEK SNACK AND A BIG A TOY FROG FOR FOR THE KIDS SHE CAN SCOOP THESE THINGS INTO THREE RED BAGS AND AND WE WILL GO TO MEET HER WENS DAY AT THE TRAIN STATION
arabic42.wav,PLEASE CALL START ASK HERE TO BRING THIS THINGS WIH HEAR FROM THIS A THI STOL SIX A FON OF FRESH SNOW BES FIVE TAKE SLIPS OF LA SHOES AND MAYBE A SHAN SAN SNAK FOR HERE BROTHER BOG WE ALOS MEET A SMILE A BEST SNICK AND A BIG TO FROG FOR THE KID SHE CAN SCOP THIS THINGS IN THE VERYY BIGS AND WE WILL GO MAT HERE WHEN IS DAY AT THE TRAIN TAN STARTO STARTSTAT
arabic43.wav,PLEASE CALL STELLA ASK HER TO BRING THESE THINGS WITH HER FROM THE STORE SIX SPOONS OF FRESH SNOW PEAS FIVE SIX SLABS OF BLUE CHEESE AND MAYBE A SNACK FOR HER BROTHER BOB WE ALSO NEED A SMALL PLASTIC SNAKE AND A BIG TIE FROG FOR THE KIDS SHE CAN SCOOP THESE THINGS INTO THREE RED BAGS AND WE WILL GO MEET HER WEDNESDAY AT THE TRAIN STATION
arabic44.wav,PLEASE CALL STELLA ASK HER TO BRING THESE THINGS WITH HER FROM THE STORE SIX SPOONS OF FRESH SNOW PEAS FIVE THICK SLABS OF BLUE CHEESE AND MAYBE A SNAG FOR HER BROTHER BOB WE ALSO NEED A SMALL PLASTIC SNAG AND A BIG TOY FROG FOR THE KIDS SHE CAN SCOOP THESE THINGS INTO INTO THREE RED BAGS AND WE WILL GO MEET HER WENESDAY AT AT THE TRAIN STATION
arabic45.wav,PLEASE CALL STILLA ASK HER TO BRING THESE THINGS WITH HER FROM THE STORE SIX SPOONS OF FRESH SNOW PEAS FIVE THICK SLABS OF BLUE CHEESE AND MAYBE A SNAG FOR HER BROTHER BOB WE ALSO NEED A SMALL PLASTIC SNAG AND A BIG TOY FROG FOR THE KIDS SHE CAN SCOOP THESE THINGS INTO THEIR RED BAGS AND WE WILL GO MEET HER WEDNESDAY AT THE TRAIN STATION
arabic46.wav,PLEASE CALL STELLA ASK HER TO BRING THOSE ASK HER TO BRING THESE THINGS WITH HER FROM THE STORE SIX SPOONS OF FRESH SNOW PEAS FIVE THICK SLABS OF BLUE CHEESE AND MAYBE A SNACK OF HER BROTHER BOB WE ALSO NEED A SMALL PLASTIC SNAKE AND A BIG TOY FROK FOR THE KITS SHE CAN SCOOP THESE THINGS INTO THREE RIP BAGS AND WE WILL GO MEET HER WHEN WE STAY AT THE TRAIN STATION
arabic47.wav,PLEASE CALL STAL ASK HERE TO BRING THES THING WIT HEAR FROM THE STORY SIX SPOONS OF A FRESH SNOW BES FI THIK A SLAPES OF A BLUE SHES AND MAYBE A SNAK FOR HERE BROTHER BO WE ALSO NEED A SMALL LET'S TAKE A SNAK AND A BIG TO FROG FOR THE KIDS SHE CAN SCOPE THESE THINGS INTO THERE INTO TRERID BEGS AND WE WILL GO MEET HERE WHEN IS THEY AT THE TRINE STATION
arabic48.wav,PLEASE COLSTELLA ASK HER TO BRING THIS THING WITH HER FROM THE STORE SIX SPOONS OF FRENCH SNOW PEEE FIVE THICK SLAB OF BLUE CHEESE AND MAYBE A SNUG FOR HER BROTHER POP WE ALSO NEED A SMALL PLASTIC SNAKE AND A BIG TOY FROG FOR THE KITS SHE CAN SCOB THESE THINGS INTO THREE RED BAGS AND WE WILL GO MEET HERE WEDNESDAY AT THE DREN STATION
arabic49.wav,PLEASE CALL SILLA ASK HER TO BRING THESE THINGS WITH HER FROM THE STOREA SIX SPOONS OF FRESH SNALL PEES FIVE THICK SLABS OF BLUCES AND MAYBE A SNACK FOR HER BROTHER BOB WE ALSO NEED A SMALL APLASTIC SNACK AND A BIG TOY FROG FOR THE KIDSA SHE CAN SCOOP THESE THINGS INTO THREERE BAGS AND WE WILL GO MEET HER WENESDAY AT THE TRAIN STATION
arabic5.wav,PLEASE CALL STELLA ASK HER TO BRING THESE THINGS WITH HER FROM THE STORE SIX SPOONS OF FRESH SNOW PEAS FIVE THICK SLABS OF BLUE CHEESE AND MAYBE A SNUCK FOR HER BROTHER BOB WE ALSO NEED A SMALL PLASTIC SNAKE AND A BIG TOY FROG FOR THE KIDS SHE CAN SCOOP THESE THINGS INTO THREE RED BAGS AND WE WILL GO MEET HER WEDNESDAY AT THE TRAIN STATION
arabic50.wav,PLEASE CALL STELLA ASK HER TO BRING THESE THINGS WITH HER FROM THE STORK SIX SPOONS OF FRESH SNOW BEES FIVE THICK SLEPS OF BLUE CHEESE AND MAYBE A SNAGS FOR HER BROTHER POP WE ALSO NEED SMALL PLASTIC SNAGS AND A BIG TOY FROG FOR THES KIDS SHE CAN SCOPE THESE THINGS INTO THREE RED BAGS AND WE WILL GO MEET HER WENESDAY AT THE TRAIN STATION
arabic51.wav,PLEASE CALL STELLA ASK HER TO BRING THESE THINGS WITH HER FROM THE STORE SIX SPOONS OF FRESH SNOW PEAS FIVE THICK SLABS OF BLUE CHEESE AND MAYBE A SNACK FOR HER BROTHER BOB WE ALSO NEED A SMALL PLASTIC SNAKE AND A BIG TOY FROG FOR THE KIDS SHE CAN SCOOP THESE THINGS INTO THREE RRED BAGS AND WE WILL GO MEET HER ONE DAY AT THE TRAIN STATION
arabic52.wav,PLEASE CALL STELLA ASK HER TO BRING THESE THINGS WITH HER FROM THE STORE SIX SPOONS OF FRESH SNOW PEAS FIVE THICK SLABS OF BLUE CHEESE AND MAYBE A SNACK FOR HER BROTHER BOB WE ALSO NEED A SMALL PLASTIC SNAKE AND A BIG TOY FROG FOR THE KIDS SHE CAN SCOOP THESE THINGS INTO THREE RED BAGS AND WE WILL GO MEET HER WEDNESDAY AT THE TRAIN STATION
arabic53.wav,PLEASE CALL STELLA ASK HER TO BRING THESE THINGS WITH HER FROM THE STORE SIX SPOONS OF FRESH SNOW PE FIVE THICK SLABS OF BLUE CHEESE AND MAYBE A SNACK FOR HER BROTHER BOB WE ALSO NEED A SMALL PLASTIC SNAKE AH AND A BIG TOY FROG FOR THE KIDS SHE CAN SCOOP THESE THINGS INTO THREE RED BAGS AND WE WILL GO MEET HER WEDNESDAY AT THE TRAIN STATION
arabic54.wav,PLEASE CALL STELLA ASK HER TO BRING THESE THINGS WITH HER FROM THE STORE SIX SPOONS OF FRESH SNOW PEAS FIVE THICK SLABS OF BLUE CHEESE AND MAYBE A SNACK FOR HER BROTHER BOB WE ALSO NEED A SMALL PLASTIC SNAKE AND A BIG TOY FROG FOR THE KIDS SHE CAN SCOOP THESE THINGS INTO THREE RED BAGS AND WE WILL GO MEET HER WEDNESDAY AT THE TRAIN STATION
arabic55.wav,TO PLEASE CALL STELLA ASK HER TO BRING THESE THINGS WITH HER FROM THE STORE SIXA SPOONS OF FRESH SNOW PEAS FIVE THICK SLAP OF BLUE CHEESE AND MAYBE A SNACK FOR HER BROTHER BOB WE ALSO NEED A SMALL PLASTIC SNAKE AND A BIG TOY FROG FOR THE KITS SHE CAN SCOOP THESE THINGS INTO THREE RED BAGS AND WE WILL GO MEET HER WEDNESDAY AT THE TRAIN STATION
arabic56.wav,PLEASE CALL STILLA ASK HER TO BRING THESE THINGS WITH HER FROM THE STORE SIX SPOONS OF FRESH SNOW PEAS FIVE THICK SLIPES OF BLUE CHEESE AND MAYBE A SNAKE FOR HER BROTHER BOB WE ALSO NEED A SMALL PLASTIC SNAKE AND A BIG TOY FROG FOR THE KIDS SHE CAN SCOOP THESE THINGS INTO THREE RED BAGS AND WE WILL GO MEET HER WENESDAY AT THE TRAIN STATION
arabic57.wav,PLEASE CALL STELLA ASK HER TO BRING THESE THINGS WITH HER FROM THE STORE SIX SPOONS OF FRESH SNOW PEAS FIVE THICK SLABS OF FLUTE CHEESE AND MAYBE A SNACK FOR HER BROTHER BOB WE ALSO NEED A SMALL PLASTIC SNAKE AND A BIG TOY FROK FOR THE KIDS SHE CAN SCOOP THESE THINGS INTO THREE RED BAGS AND WE WILL GO MEET HER WEDNESDAY AT THE TRAIN STATION
arabic58.wav,PLEASE CALL STELLA ASK HER TO BRING THESE THINGS WITH HER FROM THE STORE SIX SPOONS OF FRESH SNOW BEES FIVE THICK SLOPS OF BLUE CHEESE AND MAYBE A SNACK FOR HER BROTHER BOB WE ALSO NEED A SMALL PLASTIC  SNAKE AND A BIG TOY FROG FOR THE KITS SHE CAN SCOOP THESE THINGS INTO THREE RED BOGS AND WE WILL GO  EAT HER WHEN ITS DAY AT THE TRAIN STATION
arabic59.wav,PLEASE CALL STELLA ASK HER TO BRING THESE THINGS WITH HER FROM THE STORE SIX SPOONS OF FRESH SNOW PEAS FIVE THICK SLABS OF BLUE CHEESE AND MAYBE A SNACK FOR HER BROTHER BOB WE ALSO NEED A SMALL PLASTIC SNAKE AND A BIG TOY FROG FOR THE KIDS SHE CAN SCOOP THESE THINGS INTO THREE RED BAGS AND WE WILL GO MEET HER ONE DAY AT THE TRAIN STATION
arabic6.wav,PLEASE COTILLA ASK HER TO BRING THESE THINGS WITH HER FROM THE STORE SIX PONS OF FRESH SNOW BEES FIVE THICK SLABS OF BLUE CHEESE AND MAYBE A SNAKE FOR HER BROTHER POP WE ALSO NEED A SMALL BLASSIG SNAKE AND A BIG TOY FROG FOR THE KIDS SHE CAN'T SCROBE THE THESE THINGS INTO THREE RT BAGS AND WE WILL GO MEET HER WEDNESDAY AT THE TRAIN STATION
arabic60.wav,PLEASE CALL STELLA ASK HER TO BRING THESE THINGS WITH HER FROM THE STORE SIX SPOONS OF FRESH SNOW PEAS FIVE SIX LAPS OF BLUE CHEESE AND MAYBE A SNACK FOR HER BROTHER BOB WE ALSO NEED A SMALL PLASTIC SNAKE AND A BIG TOY FROG FOR THE KIDSSHE CAN SCOOP THESE THINGS INTO THREE RED BAGS AND WE WILL GO MEET HER WEDNESDAY AT THE TRAIN STATION
arabic61.wav,PLEASE CALL STELLA ASK HER TO BRING THESE THINGS WITH HER FROM THE STORE SIX SPOONS OF FRESH SNOW PEAS FIVE THICK SLABS OF BLUE CHEESE AND MAYBE A SNACK FOR HER BROTHER BOB WE ALSO NEED A SMALL PLASTIC SNAKE AND A BIG TOY FROG FOR THE KIDS SHE CAN SCOOP THESE THINGS INTO THREE RED BAGS AND WE WILL GO MEET HER WEDNESDAY AT THE TRAIN STATION
arabic62.wav,PLEASE CALL STILLA ASK HER TO BRING THESE THINGS WITH HER FROM THE STORE SIX SPOONS OFOR A FRESH SNOW PIECE FIVE THING FIVE THICK SLABS OF BLUE CHEESE AND MAYBE AND A SNACK FOR HER BROTHER BOB WE ALSO NEED A SMALL BIST A PLASTIC SNACK AND BIG TOY FRANC FOR THE KIDS SHE CAN SCOB THESE THINGS INTO THREE RED BAGS AND WE WOULD GO MEAT HER ONCE DAY AT THE TRYIN TRAIN STATION
arabic63.wav,PLEASE CALL STELLOR ASK HER TO BRING THESE THINGS WITH HER FROM THE STORE SIX SPOONS OF FRESH SNOW PIECE FIVE THINGS FIVE THICK SLAPS OF BLUE CHEESE AND MAYBE A SNACK OF HER BROTHER POP WE SORRY WE ALSO NEED A SMALL PLASTIC SNACK AND A BIG TOY FROG FOR DECCADES SHE CAN SCOOP THESE THINGS INTWO THREE RED BAGS AND WE WILL GO MEET HER WEDNESDAY AT THE TRAIN STATION
arabic64.wav,PLEASE CALL STELLA ASK HER TO BRING THESE THINGS WITH HER FROM THE STORE SIX SPOONS OF FRESH SNOW PEAS FIVE THICK SLABS OF BLUE CHEESE AND MAYBE A SNACK FOR HER BROTHER BOB WE ALSO NEED A SMALL PLASTIC SNAKE AND A BIG TOY FROG FOR THE KITS WE CAN SCOOP THESE THINGS INTO THREE RED BAGS AND WE WILL GO MEET HER WEDNESDAY AT THE TRAIN STATION
arabic65.wav,PLEASE CALL STELLA ASK HER TO BRING THESE THINGS WITH HER FROM THE STORE SIX SPOONS OF FRESH SNOW PEAS FIVE THICK SLABS OF BLUE CHEESE AND MAYBE A SNUG FOR HER BROTHER'S BROTHER POP WE ALSO NEED A SMALL PLASTIC SNAKE AND A BIG TOY FROG FOR THE KIDS SHE CAN SCOOP THESE THINGS INTO THREE RED BAGS AND WE WILL GO MEET HER WEDNESDAY AT THE TRAIN STATION
arabic66.wav,PLEASE CALL STILLA ASK HER TO BRING THESE THINGS WITH HER FROM THE STORY SIX SPAWNS OF FRESH SNOW BEESS FIVE THICK SLABS OF BLUE CHEESE AND MAYBE A SNAKE FOR HER BROTHER POP WE ALSO NEED A SMALL PLASTIC SNAKE AND A BIG TOY FROG FOR THE KIDS SHE CAN SCOP THESE THINGS INTO THREE RED BAGS AND WE WILL GO MEET TO WENESDAY AT THE TRAIN STATION
arabic67.wav,PLEASE CALL STELLA ASK HER TO BRING THESE THINGS WITH HER FROM THE STORE SIX SPOONS OF FRESH SNOW BEES FIVE FIX SLAPS OF BLUE CHEESE AND MAYBE A SNACK FOR HER BROTHER A BROTHER BOB WE ALSO NEED A SMALL PLASTIC SNACK AND A BIG TOY FROG FOR THE KITS SHE CAN SCOOP THESE THINGS INTO THREE RED BAGS AND WE WILL GO MEET HER WEDNESDAY AT THE AT THE TRAIN STATION
arabic68.wav,PLEASE CALL STILLA ASK HER TO BRING THESE THINGS WITH HER FROM THE STORE SIX SPOONS OF FRESH SNOW PEAS FIVE THICK SLABS OF BLUE CHEESE AND MAYBE A SNACK FOR HER BROTHER BROTHER POB WE ALSO NEED A SMALL PLASTIC SNAKE AND A BIG TOY FROG FOR THE KIDS SHE CAN SCOOP THESE THINGS INTO THREE RID BAGS AND WE WILL GO MEET HER WEDNESDAY AT THE TRAIN STATION
arabic69.wav,PLEASE CALL STELLA ASK HER TO BRING THESE THINGS WITH HER FROM THE STORE SIX SPOONS OF FRESH SNOW PEAS FIVE THICK SLOPS OF BLUE CHEESE AND MAYBE SNIKE FOR HER BROTHER BOB WE ALSO NEDE A SMALL BLASTIC SNIKE AND A BIG TOLL FROG FOR THE KIDS SHE CAN SCOP THESE THINGS INTO THREE BAGS AND WE WILL GO MEET HER WEDNESDAY AT THE TRAIN STATION
arabic7.wav,PLEASE CASTELLA ASK HER TO BRING THESE THINGS WITH HER FROM FROM THE STORE SIX SPOONS OF FRESH SNOW PEAS FIVE THICK SLABS OF A BLUE CHEESE AND MAYBE A SNACK FOR HER BROTHER BOB WE ALSO NEED A SMALL PLASTIC SNACK AND A BIG TOY FROG FOR THE KIDS SHE CAN SCOOP THESE THINGS INTO THREE RED BAGS AND WE WILL GO MEET HER WEDNESDAY MEET HER WEDNESDAY AT THE TRAIN STATION
arabic70.wav,PLEASE CALL STELLA ASK HER TO BRING THESE THINGS WITH HER FROM THE STORE SIX SPOONS OF FRESH SNOW PEAS FIVE THICK SLABS OF BLUE CHEESE AND MAYBE A SNAG FOR HER BROTHER BOB WE ALSO NEED A SMALL PLASTIC SNAK AND A BIG TOY FROG FOR THE KIDS SHE CAN SCOOP THESE THINGS INTO THREE RED BAGS AND WEILL GO MEET HER WEDNESDAY AT THE TRAIN STATION
arabic71.wav,PLEASE CALL STELLA ASK HER TO BRING THESE THINGS WITH HER FROM THE STORE SIX SPOONS OF FRESH SNOW PEAS FIVE THICK SLABS OF BLUE CHEESE AND MAYBE  SNAG FOR HER BROTHER BOB WE ALSO NEED A SMALL PLASTIC SNAKE AND A BIG TOY FROG FOR THE KIDS SHE CAN SCROOP THESE THINGS INTO THREE RID BAGS AND WE WILL GO MEET HER WEDNESDAY AT THE TRAIN STATION
arabic72.wav,PLEASE CALL STELLA ASK HER TO BRING THESE THINGS WITH HER FROM THE STORE SIX SPOONS OF FRESH SNOW BEES FIVE THICK SLABS OF BLUE CHEESE AND MAYBE A SNIKE FOR HER BROTHER BOB WE ALSO NEED A SMALL PLASTIC SNAKE AND A BIG TOY FROG FOR THE KIDS SHE CAN SCOW THESE THINGS INTO THREE RED BAGS AND WE WILL GO MEET HER ON A DAY AT THE TAING STATION
arabic73.wav,PLEASE CALL STELLA ASK HER TO BRING THESE THINGS WITH HER FROM THE STORE SIX SPOONS OF FRESH SNOW PEAS FIVE THICK SLABS OF BLUE CHEESE AND MAYBE A SNACK FOR HER BROTHER BOB WE ALSO NEED A SMALL PLASTIC SNAKE AND A BIG TOY FROG FOR THE KIDS SHE CAN SCOOP THESE THINGS INTO THREE RED BAGS AND WE WILL GO MEET HER ON WEDNESDAY AT THE TRAIN STATION
arabic74.wav,PLEASE CALL STELLA ASK HER TO BRING THESE THINGS WITH HER FROM THE STORE SIX SPOONS OF FRESH SNOW PEASE FIVE THICK SLABS OF BLUE CHEESE AND MAYBE A SNACK FOR HER BROTHER BOB WE ALSO NEED A SMALL PLASTIC SNAKE AND A BIG TOY FROG FOR THE KIDS SHE CAN SCOOP THESE THINGS INTO THREE RED BAGS AND WE WILL GO MEET HER WEDNESDAY AT THE TRAIN STATION
arabic75.wav,PLEASE CALL STELLA ASK HER TO BRING THESE THINGS WITH HER FROM THE STORE SIX SPOONS OF FRESH SNOW PEAS FIVE THICK SLABS OF BLUE CHEESE AND MAYBE A SNACK FOR HER BROTHER BOB WE ALSO NEED A SMALL PLASTIC SNAKE AND A BIG TOY FROG FOR THE KIDS SHE CAN SCOOP THESE THINGS INTO THREE RED BAGS AND WE WILL GO MEET HER WEDNESDAY AT THE TRAIN STATION
arabic76.wav,PLEASE CALL STELLA ASK HER TO BRING THESE THINGS WITH HER FROM THE STORE SIX SPOONS OF FRESH SNOW PEAS FIVE THICK SLABS OF BLUE CHEESE AND MAYBE A SNACK FOR HER BROTHER BOB WE ALSO NEED A SMALL PLASTIC SNACK SNAKE AND A BIG TOY FROG FOR THE KIDS SHE CAN SCOOP THESE THINGS INTO THREE RED BAGS AND WE WILL GO MEET HER WENESDAY AT THE TRAIN STATION
arabic77.wav,PLEASE CALL STELLA ASK HER TO BRING THESE THINGS WITH HER FROM THE STORE SIX SPOONS OF FRESH SNOW PEASA FIVE FIVE THICK SLABS OF BLUE CHEESE AND MAYBE A SNAP FOR HER BROTHER BOB WE ALSO NEED A SMALL PLASTIC SNAKE AND A BIG TOY FROG FOR THE KIDS SHE CAN SCOOP THESE THINGS INTO THREE RED BAGS AND WE WILL GO MEET HER WEDNESDAY AT THE TRAIN STATION
arabic78.wav,PLEASE CALL STELLA ASK HER TO BRING THESE THINGS WITH HER FROM THE STORE SIX SPOONS OF FRESH SNOW PEAS FIVE BIG SLABS OF BLUE CHEESE AND MAYBE A SNACK FOR HER BROTHER BOB WE ALSO NEED A SMALL PLASTIC SNAKE AND A BIG TOY FROG FOR THE KIDS SHE CAN SCOOP THESE THINGS INTO THREE RED BAGS AND WE WILL GO MEET HER WEDNESDAY AT THE TRAIN STATION
arabic79.wav,PLEASE CALL STELLA ASK HER TO BRING THESE THINGS WITH HER FROM THE STORE SIX SPOONS OF RISH SNOW PEAS FIVE THICK SLABS OF BLUE CHEESE AND MAYBE A SNUG FOR HER BROTHER BOB WE ALSO NEED A SMALL PLASTIC SNAKE AND A BIG TOY FROCK FOR THE KIDS SHE CAN SCOOP THESE THINGS INTO THREE RID BAGS AND WE WILL GO MEET HER WEDNESDAY AT THE TRAIN STATION
arabic8.wav,PLEASE CALL STELLA ASK HER TO BRING THESE THINGS WITH HER FROM THE STORE SIX POUNDS OF FRESH SNOW PEAS FIVE THICK SLABS OF BLUE CHEESE AND MAYBE SNUG FOR HER BROTHER BOB BOB WE ALSO NEED A SMALL PLASTIC SNAKE AND A BIG TOY FROG FOR THE KIDS SHE CAN SCOOP THESE THINGS INTO THREE RED BAGS AND WE WILL GO MEET HER WEDNESDAY AT THE TRIN STATION
arabic80.wav,TIS CALLED STELA ASK HER TO BRING THESE THINGS WITH HER FROM THE STORE SIX SPOONS OF FRESH SNOW PIESS FIVE THICK SLOBS OF BLUE CHEESE AND MAYBE A SNACK FOR HER BROTHER BOB WE ALSO NEED A SMALL GLASTIC SNAKE AND A BIG TOY FROG FOR THE KIDS SHE CAN SCOOP THISE THING INTO THREE RED BAGS AND WE WILL GO MEET HER WE WILL GO MEET HER WEDNESDAY AT THE TRAIN STATION
arabic81.wav,PLEASE CALL STELLA ASK HER TO BRING THESE THINGS WITH HER FROM THE STORE A SIX SPOONS OF FRESH SNOW PEAS FIVE THICK SLABS OF BLUE CHEESE AND MAYBE A SNUCK OF HER BROTHER POB WE ALSO NEED A SMALL PLASTIC SNAKE AND A BIG TOY FROG FOR THE KIDS SHE CAN SCOOP THESE THINGS INTO THREE RED BAGS AND WE WILL GO MEET HER WEDNESDAY AT THE TRAIN STATION
arabic82.wav,PLEASE CALL STELLA ASK HER TO BRING THESE THINGS WITH HER FROM THE STORE SIX SPOONS OF FRESH SNOW PEAS FIVE THICK SLAPES OF BLUE CHEESE AND MAYBE A SNAKE A SNACK FOR HER BROTHER BOB WE ALSO NEED A SMALL PLASTIC SNAKE AND A BIG TOY FROG FOR THE KIDS SHE CAN SCOOP THESE THINGS INTO THREE RED BAGS AND WE WILL GO MEET HER WEDNESDAY AT THE TRAIN STATION
arabic83.wav,PLEASE CALL STELLA ASK HER TO BRING THIS THING WITH HER FROM THE STORE SIX SPOONS OF FRESH SNOW PASTE FIVE TING SLIPS OF BLUE CHEESE AND MAYBE A SNACK FROM HER BROTHER POP WE ALSO NEED A SMALL PLASTIC SNAG AND A BIG TOY FROG FOR THE KIDS SHE CAN SKIP THIS THING INTO THREE RED BAGS AND WE WILL GO MEET HER WEDNESDAY AT THE TRAIN STATION
arabic84.wav,PLEASE CALL STELLA ASK HER TO BRING THESE THINGS WITH HER FROM THE STORE SIX SPOONS OF A FRESH SNOW PEASE FIVE THICK SLABS OF BLUE CHEESE AND MAYBE A SNACK FOR HER BROTHER PA WE ALSO NEED A SMALL PLASTIC SNAKE SNAKE AND A BIG TOY FROG FOR THE KIDS SHE CAN SCOOP THESE THINGS INTO THREE RID BAGS AND WE WILL GO MEET HER ONE DAY AT THE TRAIN STATION
arabic85.wav,PLEASE CALL STELLA ASK HER TO BRING THESE THINGS WITH HER FROM THE STORE SIX SPOONS OF FRESH SNOW PEAS FIVE THICK SLABS OF BLUE CHEESE AND MAYBE A SNACK FOR HER BROTHER BOB WE ALSO NEED A SMALL PLASTIC SNACK AND A BIG TOY FROG FOR THE KIDS SHE CAN SCOOP THESE THINGS INTO THREE RED BAGS AND WE WILL GO MEET HER WEDNESDAY AT THE TRAIN STATION
arabic86.wav,PLEASE CALL STELLA ASK HER TO BRING THESE THINGS WITH HER FROM THE STORE SIX SPOONS OF FRESH SNOW PEAS FIVE THICK SLABS OF BLUE CHEESE AND MAYBE A SNACK FOR HER BROTHER BOB WE ALSO NEED A SMALL PLASTIC SNAKE AND A BIG TOY FROCK FOR THE KIDS SHE CAN SCOOP THESE THINGS INTO THREE RED BAGS AND WE WILL GO MEET HER WEDNESDAY AT THE TRAIN STATION
arabic87.wav,PLEASE CALL STELLA ASK HER TO BRING THESE THINGS WITH HER FROM THE STORE SIX SPOONS OF RESH SNOW PIECE FIVE THICK SLABS OF BLUE CHEESE AND MAYBE A SNACK FOR HER BROTHER BOB WE ALSO NEED A SMALL PLASTIC SNACK AND A BIG TOY FROG FOR THE KIDS SHE CAN SCOBE THIS THINGS INTO THREE BATTERIED BAGS AND WE WILL GO MEET HER WEDNESDAY AT THE TRAIN STATION
arabic88.wav,PLEASE CALL STALLA ASK HER TO BRING THESE THINGS WITH HER FROM THE STORE SIX SPOONS OF FRESH SNOWPEASE FIVE SIX SLABS OF BLUE CHEESE AND MAYBE A SNACK FOR HER BROTHER BOB WE ALSO NEED A SMALL PLASTIC SNAKE AND A BIG TOY FROG FOR THE KIDS SHE CAN SCOOP THESE THINGS INTO THREE RED BAGS AND WE WILL GO MEET HER WEDNESDAY AT THE TRAIN STATION
arabic89.wav,PLEASE CALL ASTELLA ASK HER TO BRING THESE THINGS WITH HER FROM THE STORE SIX SPOONS OF FRESH SNOW PEAS FIVE THICK SLAPS OF BLUE CHEESE AND MAYBE SNACKS FOR HER BROTHER BOB WE ALSO NEED A SMALL PLASTIC SNACKS AND A BIG TOY FROG FOR FOR THE KIDS SHE CAN SCOOP THESE THINGS INTO THREE RED BAGS AND WE WILL GO MEET HER WENESDAY AT THE TRAIN STATION
arabic9.wav,PLEASE CALL STELLA ASK HER TO BRING THESE THINGS WITH HER FROM THE STORE SIX SPOONS OF FRESH SNOW PEAS FIVE THICK SLABS OF BLUE CHEESE AND MAYBE A SNACK FOR HER BROTHER BOB WE ALSO NEED A SMALL PLASTIC SNAKE AND A BIG TOY FROG FOR THE KIDS SHE CAN SCOOP THESE THINGS INTO THREE RED BAGS AND WE WILL GO MEET HER WEDNESDAY AT THE TRAIN STATION
arabic90.wav,PLEASE CALL STILLA ASK HER TO BRING THESE THINGS WITH HER FROM THE START SIX SPOONS OF FRESH SNOW PIECE FIVE THICK SLAPS OF BLUE CHEESE AND MAYBE A SNAG FROM HER BROTHER BOB WE ALSO NEED A SMALL PLASTIC SNAK AND A BIG TOY FROG FROM THE KIDS FOR THE KIDS SHE CAN SCOOL THESE THINGS INTO THREE RED BAGS AND WE WILL GO MEET HER WEDNESDAY AT THE TRAIN STATION
arabic91.wav,BLISCAL STEALER ASK HE AS HERE TO BRING THE DI THINGS WITH FOR WITH HER FROM THE STORE SIX SPOONS OF FRISH SNOW PIECE FIVE THICK SLAPS OF BLOW CHEESE AND MAYBE A SNAK FORE PORHER BROTHER PUP WE ALSO NEED A SMALL BLASSTICK SNAKE A SNAK AND A BIG TOY FROG FOR THE KIT FOR THE KIT SHE CAN SCUB THES THINGS IN TWO THREE RIT BAGS AND WE WILL GO MEET HERE WHEN ITS DAY AT THE TRAIN STATION
arabic92.wav,PLEASE CALL STELLA ASK HER TO BRING THESE THINGS WITH HER FROM THE STORE SIX SPOONS OF FRESH SNOW PIECE FIVE THICK SLABBES OF BLUE CHEESE AND MAYBE A SNACK FOR HER BROTHER BOB WE ALSO NEED A SMALL PLASTIC SNACK AND A BIG TOY FROG FOR THE KITS SHE CAN SCOPE THESE THINGS INTO THREE RED BAGS AND WE WILL GO MEET HER WEDESDAY AT THE TRAIN STATION
arabic93.wav,PLEASE CALL ESTELLA ASK HER TO BRING THESE THINGS WITH HER FROM THE STORE SIX SPOON OF FRESH SNOW PIECE FIVE THICK SLABS OF PLUE CHEESE AND MAYBE A SNUG FOR HER BROTHER BOB WE ALSO NEED A SMALL PLASTIC SNAKE AND A BIG TOY FROG FOR THE KIDS SHE CAN SCOOP THESE THINGS INTO THREE RED BUGS AND WE WILL GO MEET HER INIS DAY AT THE TRAIN STATION
arabic94.wav,PLEASE CALL STELLA ASK HER TO BRING THESE THINGS WITH HER FROM THE STORE SIX SPOONS OF FRESH SNOW PEAS FIVE THICK SLABS OF BLUE CHEESE AND MAYBE A SNAG FOR HER BROTHER BOB WE ALSO NEED A SMALL PLASTIC SNAKE AND A BIG TOY FROG FOR THE KIDS SHE CAN SCOOP THESE THINGS INTO THREE RED BAGS AND WE WILL GO MEET HER WEDNESDAY AT THE TRAIN STATION
arabic95.wav,PLEASE CALL STELLA ASK HER TO BRING THESE THINGS WITH HER FROM THE STORE SIX SPOONS OF FRESH SNOW BEES FIVE THICK SLABS OF BLUE CHEESE AND MAY BE A SNACK FOR HER BROTHER BOB WE ALSO NEED A SMALL BLASTIG SNAKE AND A BIG TOY FROG FOR THE KIDS SHE CAN SCOOP THESE THINGS INTO THREE RED BAGS AND WE WILL GO MEET HER WEDNESDAY AT THE TRAIN STATION
arabic96.wav,PLEASE CALL STELLA ASK HER TO BRING THESE THINGS WITH HER FROM THE STORE SIX SPOONS OF FRESH SNOW PEAS FIVE THICK SLABS OF BLUE CHEESE AND MAYBE A SNACK OF HER FOR HER BROTHER BOB WE ALSO NEED A SMALL PLASTIC SNAKE AND A BIG TOY FROG FOR THE KIDS SHE CAN SCOOP THESE THINGS INTO THREE RED BEGS AND WE WILL GO MEET HER WEDNESDAY AT THE TRAIN STATION
arabic97.wav,PLEASE CALL ESTELLA ASK HER TO BRING THESE THINGS WITH HER FROM THE STORE SIX SPOONS OF FRESH SNOW PEAS FIVE THICK SLABS OF BLUE CHEESE AND MAYBE A SNAK FOR HER BROTHER BOB WE ALSO NEED A SMALL EPLASTIC SNAK AND A BIG TOY FROG FOR THE CATS SHE CAN SCOOP THESE THINGS INTO THREE RED BAGS AND WE WILL GO MEET HER WEDNESDAY AT THE TRAIN STATION
arabic98.wav,PLEASE CALL STETA ASK HER TO BRING THESE THINGS FROM THE STORE SIX SPOONS OF FRESH SNOW PEAS FIVE THICK SLAPS OF BLUE CHEESE AND MAYBE A SNACK FOR HER BROTHER BOB WE ALSO NEED A SMALL PLASTIC SNACK AND A BIG TOY FROG FOR THE KIDS SHE CAN SKEW THESE THINGS INTO THREE RED BAGS AND WE WILL GO MEET HER WEDNESDAY AT THE TRAIN STATION
arabic99.wav,PLEASE CALL STELLA ASK HER TO BRING THESE THINGS WITH HER FROM THE STORE SIX SPOONS OF FRESH SNOW BEES FIVE THICK SLABS OF BLUE CHEIS AND MAYBE A SNACK FOR HER BROTHER BOB WE ALSO NEED A SMALL BLASTIC SNA SNAKE AND A BIG TOY FRO FROG FOR THE KIDS SHE CAN SCOOP THESE THINGS INTO THREE RED BAGS AND WE WILL GO MEET HER WEDNESDAY AT THE TRAIN STATION
armenian1.wav,PLEASE CALL SELLA ASK HER TO BRING THISE THING WITH HER FROM THE STORE SIX PONS OF FRESH SNOW PENS FIVE THICK SLAPS OF BLUE CHEESE AND MAYBE A SNAKE FOR HER BROTHER BOB WE ALSO NEED A SMALL PLASTIC SNAKE AND BIG TOY FROCK FOR THE KIDS SHE CAN SCOOP THESE THINGS INTO THREE RED BAGS AND WE WILL GO MEET HER WEDNESDAY AT THE TRAIN STATION
armenian2.wav,PLEASE CALL STELLA ASK HER TO BRING THESE THINGS WITH HER FROM THE STORE SIX SPOONS OF FRESH SNOWS PEAS FIVE THICK SLABS OF BLUE CHEESE AND MAYBE A SNACK FOR HER BROTHER BOB WE ALSO NEED A SMALL PLASTIC SNAKE AND A BIG TOY FROG FOR THE KIDS SHE CAN SCOOP THESE THINGS INTO THREE RED BAGS AND WE WILL GO MEET HER WEDNESDAY AT THE TRAIN STATION
armenian3.wav,PLEASE CALL STELLA ASK HER TO BRING THESE THINGS WITH HER FROM THE STORE SIX SPOONS FOR FRESH SNOW PEES FIVE THICK SLIPS OF BLUE CHEESE AND MAYBE SNACK FOR HER BROTHER BOB WE ALSO NEED A SMALL PLASTIC SNACK AND A BIG TOY FROG FOR THE KIDS SHE CAN SCOOP THESE THINGS INTO THREE RED BAGS AND WE WILL GO MEET HER WEDNESDAY AT THE TRAIN STATION
armenian4.wav,PLEASE CALL STELLA ASK HER TO BRING THESE THINGS WITH HER FROM THE STORE SIX SPOONS OF FRESH SNOW PEAS FIVE THICK SLABS OF BLUE CHEESE AND MAYBE A SNACK FOR HER BROTHER BOB WE ALSO NEED A SMALL PLASTIC SNAKE AND A BIG TOY FROG FOR THE KIDS SHE CAN SCOOP THESE THINGS INTO THREE RED BAGS AND WE WILL GO MEET HER WEDNESDAY AT THE TRAIN STATION
armenian5.wav,PLEASE CALL STELLA ASK YOR TO BRING THESE THINGSWIT HERE FROM THE STORE SIX SPOONS OF FRESH SNOW PEAS FIVE THICK SLAPS OF BLUE CHEESE AND MAYBE A SNAKE FOR YER BROTHER BOB WE ALSO NEED A SMALL PESTIC SNAKE AND A BIG TOYFRO FROG FOR THE GEES SHE CAN SCOOP UT THESE THINGS INTO THREE RED BAGS AND WE WILL GO MEET YOR WEDNESDAY AT THE TRAIN STATION
armenian6.wav,PLEASE CALL STELLA ASK YOU TO BRING THOSE THINGS WITH HER FROM THE STORE SIX SPOONS OF FRESH SMALL PEAS FIVE THICK SLAPS OF BLUE CHEESE AND MAYBE A SNAKE FOR HER BROSE BOB WE ALSO NEED A SMALL PLASTIC SNAKE AND A BIG TOW FROK FOR THE KIDS SHE CAN SCOOP THOSE THINGS INTO THREE RED BAGS AND WE WILL GO MEET HER WEDNESDAY AT THE TRAIN STATION
armenian7.wav,PLEASE CALL STELLA ASK HER TO BRING THESE THREEE THESE THINGS WITH HER FROM THE STORE SIX SPOONS OF FRESH SNOW PINS FIVE THICK SLABS OF BLUE CHEESE AND MAYBE A SNAT FOR HER BROTHER BOB WE ALSO NEED A SMALL PLASTIC SNACK AND A BIG TOY FROG FOR THE KID SHE CAN SCOOP THESE THINGS INTO THREE RED BAGS AND WE WILL GO MEET HER WEDNESDAY AT THE TRAIN STATION
armenian8.wav,PLEASE CALL STELLA ASK HER TO BRING THE THINGS WITH HER FROM THE STORE SIX SPOONS OF FRESH SNOW PEAS FIVE THICK SLABS OF BLUE CHEESE AND MAYBE A SNACK FOR HER BROTHER BAB WE ALSO NEED A SMALL PLASTIC SNACK AND A BIG TOY FROG FOR THE KIDS SHE CAN SCOOP THE THINGS INTO THREE RED BAGS AND WE WILL GO MEET HER WENESDAY AT THE TRAIN STATION
ashanti1.wav,PLEASE CALL STELLA AXER TO BRING THESE TURNS WITH HER FROM THE STORE SIX SPOONS OF FRESH SNOW PEAS FIVE THICK SLABS OF BLUE CHEESE AND MAYBE A SNAK FOR HER BROTHER BOB WE ALSO NEED A SMALL PLASTIC SNAKE AND A BIG TOY FROG FOR THE KIDS SHE CAN SCOOP THESE TERNS INTO THREE RED BAGS AND WE WILL GO MEET HER WEDNESDAY AT THE TRAIN STATION
azerbaijani1.wav,PLEASE CALL STELLA ASK HER TO BRING HER THINGS WITH HER FROM THE STORE SIX SPOONS OF FRESH SNOW PEASE FIVE THICK SLABS OF BLUE CHEESE AND MAYBE A SNACK FOR HER BROTHER BOB WE ALSO NEED A SMALL PLASTIC SNAKE AND A BIG TOY FROG FOR THE KIDS SHE CAN SCOOP THESE THINGS INTO THREE RED BAGS AND WE WILL MEET HER WEDNESDAY AT THE TRAIN STATION
azerbaijani2.wav,PLACE CALL STILLE ASK HER TO BRING THE TINKS WITH HER FROM THE STORE SIX SPOONS OF FRESH SNOW PAS FIVE TISK SLABS OF BLUE CHEES AND MAYBE A SNAK SNIK SNISK FORBER BROTHER WOP WE ALSO NEED A SMALL PLASTIC SNACK AND A BIG TOY FROCK FOR THE KIDS SHEKAN SCOOP THES TINK INTO THREE RED BACKS AND WE WILL GO MEET HER VEDN STAY AT THE TRYIN STEN STATION
azerbaijani3.wav,PLEASE CALL STELLA ASK HER TO BRING THESE THINGS WITH HER FROM THE STORE SIX SPOONS OF FRESH SNOW PEAS FIVE THICK SLABS OF BLUE CHEESE AND MAYBE A SNACK OF HER BROTHER BOB WE ALSO NEED A SMALL PLASTIC SNAKE AND A BIG TOY FROG FOR THE KIDS SHE CAN SCOOP THE THINGS INTO THREE RED BAGS AND WE'LL GO MEET HER WEDNESDAY AT THE TRAIN STATION
bafang1.wav,PLEASE CALL STELLA ASK HER TO BRING THESE THINGS WITH HER FROM THE STORE SIX PON OF FRESH SNOW PIECE FIVE TINK SLAT OF BLUE CHEESE AND MAYBE A SNACK FROM HER BROTHER BOB WE ALSO NEED A SMALL PLASTIC SNAP AND A BIG TOY FROCK FOR THE KITS SHE CAN SCOPE THIS THING INTO THREE RED BAGS AND WE WILL GO MEET HER WEDNEESDAY AT THE TRAIN STATION
bafang2.wav,PLEASE CALL STELA AS HER TO BRING THIS THING WITH HER FROM THE STORE SIX POND OF FRESH NOW PIIT FIVE CHEEKS LAG OF BLUE CHEESE AND MAYBE A SNUG FOR HER BROUGHT UP BUB WE ALSO NEED A SMALL PLASTIC SNUK AND A BIG TOY FOR FOR THE KID SHE CAN SCOOP THIS TING INTO THREE RED BAGS AND WE WILL GO MEET THERE WEDNESDAY AT THE TRANSTATION
baga1.wav,PLEASE CALL STIF STELLA ASK HER TO BRING THESE THINGS WITH HER FROM THE STORE SIX SPOONS OF FRESH SNOW PEAS FIVE TIK SLABS OF BLUE CHEESE AND MAYBE A SNUG FOR HER BROTHER BOB WE ALSO NEED A SMALL PLASTIC SNAK AND A BIG TI FROG FOR THE KIDS SHE CAN SPOOK THESE THINGS INTO THREE RED BAGS AND WE WILL GO MEET HER WEDNESDAY AT THE TRAIN STATION
bai1.wav,PLEASE CORS IL ASK HER TO BRING THESE THINGS WITH E FROM THE TOR SIX FOS OF I NOW PE FIVE TICK NAP SOFT BLUE CHES AND MAYBE A NAK FOR HER BROTHE FOR WE ALSO MEETE MALL LAS TEK MAKE AND A BIG TOY  BROG ON THE CATE SHE CAN COOP THESE THINGS INTO THREE RED BAGS ANDE WE WOR GO MATE HER WINL STAY AT THE TRING STATIEN
bambara1.wav,PLEASE CALL STELA ASK HER TO BRING THESE THINGS WITH HER FROM THE STORE SIX SPOONS OF FRESH SNOW PEAS FIVE THICK SLABS OF BLUE CHEESE AND MAYBE A SNUG FOR HER BROTHER BOB WE ALSO NEED A SMALL PLASTIC SNAKE AND A BIG TOY FROG FOR THE KIDS SHE CAN SCOOP THESE THINGS INTO THREE RAG BAGS AND WE WILL GO MEET HER WEDNESDAY AT THE TRAIN STATION
bambara2.wav,PLEASE CALL STILLA ASK HER TO BRING THESE THINGS WITH HER FROM THE STORE SIX SPOONS OF FRESH SNOW PEAS FIVE THICK SLAVES OF BLUE CHEESE AND MAYBE A SNACK OF HER BROTHER PA WE ALSO NEED A SMALL PLASTIC SNAKE AND A BIG TOY FROG FOR THE KIDS SHE CAN CUP THESE THINGS INTO THREE RED BAGS AND WE WILL GO MEET HER WEDNESDAY AT THE TRANCE STATION
bambara3.wav,PLEASE CALL STELLA ASIR ASK HER TO BRING THESE THINGS WITH HER FROM THE STORE SHE'S SIX SPOONS AND FRESH SNOW PEES FIVE THICK SLABS AND BLOOCHES AND MAYBE A SNACK FOR HER BROTHER BOB WE ALSO NEED A SMALL PLASTIC SNAKE AND A BIG TOY FROG FOR THE KIDS SHE CAN SCOOP THESE THINGS INTO FRES RED BAGS AND WILL WE WILL GO MEET HER WENSTEY AR THE TRANSETION
bambara4.wav,PLEASE CALL STELLA ASK HER TO BRING THESE THINGS WHEZE HER FROM THE STORE THICK SPOON OF FRED SNA PEAS FIVE SIX SLAPE OF BLUE CHEESE AN MAY BE A SNAKE FOR HER BROTHER BOX WE ALSO KNIT A SMALL PLASTIC SNAKE AND A PIG TIT FROK FOR THE KIDS HE CAN'T SCOOP THESE THINGS INTO THREE RED BAGS AND WE WILL GO NET HER WENSDAY AT THE TRANSITION
bambara5.wav,PLEASE CALL STELLA ASK HER TO BRING THESE THINGS WITH HER FROM VE STORE SIX SPOONS OF FRESH SNOW PEAS FIVE THICK SLAPES OF BLUE SHEES AND MAYBE A SNAKE FOR HER BROTHER BOB WE ALSO NEED A SMALL PLASTIC SNAKE AND A BIG TO FROG FROM VE KIDS FOR WE KID SHE CAN SCOOP THESE THINGS INTO THREE READ BAGS AND WE WILL GO MEET HER WEDNESDAY AT THE TRAIN STATION
bamun1.wav,PLEASE CALL STELLA ASK HER TO BRING THESE THINGS WITH HER FROM THE STORE SIX SPOONS OF FRESH SNOW PEAS FIVET SLAPS OF BLUECHES AND MAYBE A SNACK FOR HER BROTHER BOB WE ALSO KNIET A SMALL PLASTIC NECK AND A BIG TOY FROCK FOR THE KIDS SHE CAN SCOOP THESE THINGS INTO THREE RED BAGS AND WE WILL GO MEET HER WHEN THEYR AT THE TRAIN STATION
bari1.wav,PLEASE CALL STELLA ASK HER TO BRING THESE THINGS WITH HER FROM THE STORE SIX SPOONFS OF FRESH SNOW PEAS FIVE THICK SLABS OF BLUE CHEESE AND MAYBE A SNACK OF HER BROTHER'S BROTHER JAW BOB WE ALSO NEED A SMALL PLASTIC SNAKE AND A BIG TOY FROCK FOR FOR THE KIDS SHE CAN SCOOP THESE THINGS INTO THREE RED BAGS AND WE WILL GO MEET HER WHEN YOU SAY AT THE TRANSSATION
bari2.wav,PLEASE CALL  STELLA ASK HER TO BRING THESE THINGS WITH HER FOM THE STORE SIX SPOONS OF FRESH SNOW PEAS FIVE THICK SLAPS OF BLUE HIS AND MAYBE A SNUG FOR HER BROTHER BOB WE ALSO NEED A SMALL PLATIC SNUG AND BIG AND A BIG TOY FROK FOR THE KIDS SHE CAN SCOOP THESE THINGS INTO THREE RED BAGS AND WE WILL GO MEET HER WHEN IS THEY AT THE TRAIN STATION
basque1.wav,PLEASE CALL ESTALIA ASK HER TO BRING THESE THINGS WITH HER FROM TO THE STORE SIX POUNDS OF FRESH SNOW PICE EH FIVE STICK NOW M FI THINK SLAVS OF THE BLUE CHESE AND MAYBE A SNACK FOR HER BROTHER BOB WE ALSO NEEDA SMALL PLASTIC SNAKE AND A BIG TOY FROM FOR THE KITS SE CAN COP THESE THINGS INTO THREE RED BACKS AND WE WILL GO MEET HER WEDNESDAY AT THE TRAIN STATION
basque2.wav,PLEASE CALL STELLA ASK HER TO BRING THESE THINGS WITH HER FROM THE STORE SIX SPOONS OF FRESH SNOW PEAS FIVE THICK SLABS OF BLUE CHEESE AND MAYBE A SNACK FOR HER BROTHER BOB WE ALSO NEED A SMALL PLASTIC SNAK AND A BIG TOY FROCK FOR THE KIDS SHE CAN SCOOP THESE THINGS INTO THREE RED BAGS AND WE WILL GO TO MEET HER WEDNESDAY AT THE TRAIN STATION
bavarian1.wav,PLEASE CALL STELLA ASK HER TO BRING THESE THINGS WITH HER FROM THE STORE SIX SPOONS OF FRESH SNOW PEAS FIVE THICK SLABS OF BLUE CHEESE IT MAY BE A SNAK FOR HER BROTHER BA WE ALSO NEED A SMALL PLASTIC SNAKE AND A BIG TOY FROGH FOR TE KISS SHE CAN SPRIT THESE THINGS INTO THREE RED BAGS AND WE WILL GO MEET HER WEDNESDAY AT THE TRAIN STATION
bavarian2.wav,PLEASE CALL STELLA ASK HER TO BRING THESE THINGS WITH HER FROM THE STORE SIX SPOONS OF FRESH SNOW PEAS FIVE THICK SLABS OF BLUE CHEESE AND MAYBE A SNAG FOR HER BROTHER BOB WE ALSO NEED A SMALL PLASTIC SNAKE AND A BIG TOY FROG FOR THE KIDS SHE CAN SCOOP THESE THINGS INTO THREE RED BAGS AND WE WILL GO MEET HER WEDNESDAY AT THE TRAIN STATION
belarusan1.wav,PLEASE CALL STELLA ASK HER TO BRING THESE THINGS WITH HER FROM THE STORE SIX SPOONS OF FRESH SNOW PEAS FIVE THICK SLEBS OF BLUE CHEESE AND MAYBE A SNAKE FOR HER BROTHER BOB WE ALSO NEED A SMALL PLASTIC SNAKE AND A BIG TOY FROG FOR THE KIDS SHE CAN SCOOP THESE THINGS INTO THREE RED BAGS AND WE WILL GO MEET HER WEDNESDAY AT THE TRAIN STATION
belarusan2.wav,PLEASE CALL STELLA ASK HER TO BRING THESE THINGS WITH HER FROM THE STORE SIX SPOONS OF FRESH SNOW KEAS FIVE SIX SLABS OF BLUE CHEESE AND MAYBE A SNACK FOR HER BROTHER BOB WE ALSO NEED A SMALL PLASTIC SNAKE AND A BIG TOY FROG FOR THE KIDS SHE CAN SCOOP THE THINGS INTO THREE RED BAGS AND TELL GI MEET HER ON TAY AT THE PA STATION
belarusan3.wav,PLEASE CALL STELLA ASK HER TO BRING THESE THINGS WITH HER FROM THE STORE SIX SPOONS OF FRESSNOW PEEASE FIVE THICK SLABS OF BLUE CHEESE AND MAYBE A SNAKE FOR HER BROTHER BOB WE ALSO NEED A SMALL PLASTIC SNAKE AND A BIG TOY FROCK FOR THE KID SHE CAN SCROOP THESE THINGS INTO THREE RED BAGS AND WE WILL GO MEET HER WEDDNESDAY AT THE TRAIN STATION
bengali1.wav,PLEASE CALL STELLA ASK HER TO BRING THESE THINGS WITH HER FROM THE STOLE SIX SPOONS OF FRESH SNOW PITCH FIVE THICK SPLIPS OF BLUE CHEESE AND MAYBE A SNAKE FOR HER BROTHER BOB WE ALSO NEED A SMALL PLASTIC SNAKE AND A BIG TOY FROG FOR THE KIDS SHE CAN SPOKE THESE THINGS INTO THEIR RED BAGS AND WE WILL GO MEET HER ONE DAY AT T HE RAIN STATION
bengali10.wav,PLEASE CALL STELLA ASK HER TO BRING THESE THINGS WITH HER FROM THE STORE SIX SPOONFS OF FRESH SNOW PEAS FIVE THICK SLABS OF BLUE CHEESE AND MAYBE A SNACK FOR HER BROTHER BOB WE ALSO NEED A SMALL PLASTIC SNAKE AND A BIG TOY FROG FOR THE KIDS SHE CAN SCOOP THESE THINGS INTO THREE RED BAGS AND WE WILL GO MEET HER WEDNESDAY AT THE TRAN STATION
bengali11.wav,PLEASE CALL STELLA ASK HER TO BRING THESE THINGS WITH HER FROM THE STORE SIX SPOONS OF FRESH SNOW PEAS FIVE THICK SLABS OF BLUE CHEESE AND MAYBE A SNACK FOR HER BROTHER BOB WE ALSO NEED A SMALL PLASTIC SNAKE AND A BIG TOY FROG FOR THE KIDS SHE CAN SCOOP THESE THINGS INTO THREE RED BAGS AND WE WILL GO MEET HER WEDNESDAY AT THE TRAIN STATION
bengali12.wav,PLEASE CALL STELLA ASK HER TO BRING THESE THINGS WITH HER FROM THE STORE SIX SPONS OF FRESH SNOW PEAS FIVE THICK SLABS OF FRUIT CHEESE AND MAYBE A SNAKE FOR HER BROTHER BR BOB WE ALSO NEED A SMALL PLASTIC SNAKE AND A BIG TOY FROG FOR THE KIDS SHE CAN SCOOP THESE THINGS INTO THREE RED BAGS AND WEW'LL GO MEET HER WEDNESDAY AT THE TRAIN STATION
bengali13.wav,PLEASE CALL ESTELLA ASK HER TO BRING THESE THINGS WITH HER FROM THE STORE SIX SPOONS OF FRESH SNOW PEAS FIVE THICK SLABS OF BLUE CHEESE AND MAYBE A SNECK FOR HER BROTHER BOB WE ALSO NEED A SMALL PLASTIC SNAKE SNAK SNAKE AND A BIG TOY FROG FOR THE KIDS SHE CAN SCOOP THESE THINGS INTO THREE RED BAGS AND WE WILL GO MEET HER WEDNESDAY AT THE TRAIN STATION
bengali14.wav,PLEASE CALL STELLA ASK HER TO BRING THESE THINGS WITH HER FROM THE STORE SIX SPOONS OF RED SNOW PEAS FIVE THICK SLAPS OF BLUE CHEESE AND MAYBE A SNACK FOR OUR BROTHER BOB WE ALSO NEED A SMALL PLASTIC SNAKE AND A BIG TOY FROG FOR THE KIDS SHE CAN SCOOP THESE THINGS INTO THREE RED BAGS AND WE'LL GO MEET HER WEDINS DAY AT THE TRAIN STATION
bengali15.wav,PLEASE CALL STELLA ASK HER TO BRING THESE THINGS WITH HER FROM THE STORE SIX SPOONS OF FRESH SNOW PEAS FIPE THICK SLIPS OF BLUE CHEESE AND MAYBE A SNAKE FOR HER BROTHER BOB WE ALSO NEED A SMALL PLASTIC SNAKE AND A BIG TOY FROG FOR THE KITS SHE CAN SCOOP THESE THINGS INTO THREE RED BAGS AND WE'LL GO MEET HER WEDNESDAY AT THE TRAIN STATION
bengali16.wav,PLEASE CALL ESTELLA ASK HER TO BRING THESE THINGS WITH HER FROM THE STORE SIX SPOONS OF FRESH SNOW PEES FIVE THICK SLAPS OF BLUE CHEESE AND MAYBE A SNAKE FOR HER  BROTHER BOB WE ALSO NEED A SMALL PLASTIC SNAKE AND A BIG TOY FROCK FOR TUCKES SHE CAN SCOOP THESE THINGS INTO THREE RED BAGS AND WE'LL GO MEET HER ONE DAY AT THE TRAIN STATION
bengali17.wav,PLEASE CALL STELLA ASK HER TO BRING THESE THINGS WITH HER FROM THE STORE SIX SPOONS OF FRESH SNOW PEAS FIVE THICK SLABS OF BLUE CHEESE AND MAYBE A SMACK FOR HER BROTHER BOB WE ALSO NEED A SMALL PLASTIC SNAKE AND A BIG TOY FROG FOR THE KIDS SHE CAN SCOOP THESE THINGS INTO THREE RED BAGS AND WE WILL GO MEET HER WEDNESDAY AT THE TRAIN STATION
bengali2.wav,PLEASE CALL STELLA ASK HER TO BRING THESE THINGS WITH HER FROM THE STORE SIX SPOONS OF FRESH SNOW PEAS FIVE THICK SLABS OF BLUE CHEESE AND MAYBE A SNACK FOR HER BROTHER BOB WE ALSO NEED A PLASTIC SNAKE AND A BIG TOY FROG FOR THE KIDS SHE CAN SCOOP THESE THINGS INTO THREE RED BAGS AND WE WILL GO MEET HER WEDNESDAY AT THE TRAIN STATION
bengali3.wav,PLEASE CALL STELLA ASK HER TO BRING THESE THINGS WITH HER FROM THIS STORE SIX SPOONS OF FRESH SNOW PEAS FIVE THICK SLABS OF BLUE CHEESE AND MAYBE A SNACK FOR HER BROTHER BOB WE ALSO NEED A SMALL PLASTIC SNACK AND A BIG TOY FROG FOR THE KIDS SHE CAN SCOOP THESE THINGS INTO THREE RED BAGS AND WE WILL GO MEET HER WEDNESDAY AT THE TRAIN STATION
bengali4.wav,PLEASE CALL STELLA ASK HER TO BRING THIS THING WITH HER FROM THE THE STORE SIX SPOON OF FRESH SNOW PEAS FIVE THICK SLAVES OR BLUE CHEESE AND MAYBE A SNAKE FOR HER BROTHER BOB WE ALSO NEED A SMALL PLASTIC SNAKE AND BICK AND A BIG TOY FROK FOR THE KIDS SHE CAN SCOOP THESE THINGS INTO THREE RED BAGS AND WE WILL GO MEET HER WHENDEY AT THE TRAIN STATION
bengali5.wav,PLEASE CALL STELLA ASK HER TO BRING THESE THINGS WITH HER FROM THE STORE SIX SPOONS OF FRESH PEACE FIVE THICK SLABS OF BLUE CHEESE AND MAYBE A SNACK FOR HER BROTHER BOB WE ALSO NEED A SMALL PLASTIC SNAKE AND A BIG TOY FROCK FOR THE KIDS SHE CAN SCOOP THESE THINGS INTO THREE RED BAGS AND WE WILL GO MEET HER WENISDAY AT THE TRAIN STATION
bengali6.wav,PLEASE CALL STELLA ASK HER TO BRING THESE THINGS WITH HER FROM THE STORE SIX SPOONS OF FRESH SNOW PEAS FIVE THICK SLABS OF BLUE CHEESE AND MAYBE A SNACK FOR HER BROTHER BOB WE ALSO NEED A SMALL PLASTIC SNAKE AND A BIG TOY FROG FOR THE KIDS SHE CAN SKEW THESE THINGS INTO THREE RED BAGS AND WE WILL GO MEET HER WEDNESDAY AT THE TRAIN STATION
bengali7.wav,PLEASE CALL STELLA ASK HER TO BRING THESE THINGS WITH HER FROM THE STORE SIX SPOONS OF FRESH SNOW PEES FIVE THICK SLAPS OF BLUE CHEESE AND MAYBE A SNAKE OF HER BROTHER BOB WE ALSO NEED A SMALL PLASTIC SNAKE AND A BIG TOY FROG FOR THE GITS SHE CAN SCOOP THESE THINGS INTO THREE RED BAGS AND WEWILL GO MEET HER ENESDAY AT THE TRAIN STATION
bengali8.wav,HIS CALLED STILLE ASKS HER TO BRING THESE THINGS WITH HER FROM THE STORE SIXY SPOONS OF FRESH SNAWL PEAS FIVE TI SLABS OF BLUE TEES AND MAYBE A SNAKE FOR HER BROTHER BOB WE ALSO NEED A SMALL PLASTIC SNAKE AND A BIG TOY FROG FOR THE KEES SHICKENS SCOB THESE THINGS INTO THREE RED BAGS AND WE WILL GO MEET HER WENESDAY AT THE TRAIN STATION
bengali9.wav,PLEASE CALL STELLA ASK HER TO BRING THESE THINGS WITH HER FROM THE STORE SIX SPOONS OF FRESH SNOW PEES FIVE THICK SLABS OF BLUE CHEESE AND MAYBE A SNACK FOR HER BROTHER BOB WE ALSO NEED A SMALL PLASTIC SNAKE AND A BIG TOY FROG FOR THE KIDS SHE CAN SCOOP THESE THINGS INTO THREE RED BAGS AND WE WILL GO MEET HER WITNESS DAY AT THE TRAIN STATION
bosnian1.wav,PLEASE CALL STELLA ASK HER TO BRING THESE THINGS WITH HER FROM THE STORE SIX PONS OF FRESH SNOW PICE FIVE THICK SLAPS OF BLUE CHEESE AND MAYBE A SNEAK FOR HER BROTHER BOB WE ALSO NEED A SMALL PLASTIC SNAKE AND A BIG TOY FROG FOR THE KIDS SHE CAN SCOP THE STINKS IN THE TREE RED BOX AND WE WILL GO MEET HER WIDNESDAY AT THE TRAIN STATION
bosnian2.wav,PLEASE CALL STELLA ASK HER TO BRING THESE THINGS WITH HER FROM THE STORE SIX SPOONS OF FRESH SNOW PEAS FIVE THICK SLABS OF BLUE CHEESE AND MAYBE A SNACK FOR HER BROTHER BOB WE ALSO NEED A SMALL PLASTIC SNAKE AND A BIG TOY FROK FOR THE KIDS SHE CAN SCOOP THESE THINGS INTO THREE RED BAGS AND WE WILL GO MEET HER WEDNESDAY AT THE TRAIN STATION
bosnian3.wav,PLEASE CALL STELA ASK HER TO BRING THESE THINGS WITH HER FROM THE STORE SIX SPOONS OF FRESH SNOW PEAS FIVE THICK SLABS OF PUOL CHEESE AND MAYBE A SNAKE FOR HER BROTHER BOB WE ALSO NEED A SMALL PLASTIC SNAKE AND THE BIG TOY FROK FOR THE KIDS SHE CAN SCOOP THESE THINGS INTO THREE RED BAGS AND WE WILL GO MEET HER WEDNESDAY AT THE TRAIN STATION
bosnian4.wav,PLEASE CALL STELLA ASK HER TO BRING THESE THINGS WITH HER FROM THE STORE SIX SPOONS OF FRESH SNOW PEAS FIVE THICK SLABS OF BLUE CHEESE AND MAYBE A SNACKE FOR HER BROTHER BOB WE ALSO NEED A SMALL PLASTIC SNAKE AND A BIG TOY FROG FOR THE KIDS SHE CAN SCOOP THESE THINGS INTO THREE RED BAGS AND WE WILL GO MEET HER WEDNESDAY AT THE TRAIN STATION
bosnian5.wav,PLEASE CALL STELLA ASK HER TO BRING THESE THINGS WITH HER MAM FROM THE STORE SIX SPOONS OF FRESH SNOW PEAS FIVE THICK SLABS OF BLUE CHEESE AND MAYBE A SNAK FOR HER BROTHER BOB WE ALSO NEED A SMALL PLASTIC SNAKE AND A BIG TOY FROG FOR THE KIDS SHE CAN SCOOP THESE THINGS INTO THREE RED BAGS AND WE WILL GO MEET HER WEDNESDAY AT THE TRAIN STATION
bosnian6.wav,PLEASE CALL STELLA ASK HER TO BRING THESE THINGS WITH HER FROM THE STORE SIX SPOONS OF FRESH SNOW PEAS FIVE THICK SLAPS OF BLUE CHEESE AND MAYBE A SNAK FOR HER BROTHER BOB WE ALSO NEED A SMALL PLATIC SNAKE AND A BIG TOY FROG FOR THE KIDS SHE CAN SCOOP THESE THINGS IN THE THREE RED BAGS AND WE WILL GO MEET HER WEDNESDAY AT THE TRAIN STATION
bosnian7.wav,PLEASE CALL STELLA ASK HER TO BRING THESE THINGS WITH HER FROM THE STORE SIX SPOONS OF FRESH SNOW PEAS FIVE THICK SLABS OF BLUE CHEESE AND MAYBE A SNACK FOR HER BROTHER BOB WE ALSO NEED A SMALL PLASTIC SNAKE AND A BIG TOY FROG FROM THE KITS FOR THE KIDS SHE CAN SCOOP THESE THINGS INTO THREE RED BAGS AND WE WILL GO MEET HER WEDNESDAY AT THE TRAIN STATION
bosnian8.wav,PLEASE CALL STELLA ASK HER TO BRING THESE THINGS WITH HER FROM THE STORE SIX SPOONS OF THE FRESH NOP PEAS FIVE TICK SLAB OF BLUE CHEESE AND MAYBE A SNACK FOR HER BROTHER BOB WE ALSO NEED A SMALL PLASTIC SNAKE AND A BIG TOY FO FROG FOR THE KIDS SHE CAN SCOOP THESE THINGS IN THE THREE RED BAGS AND WE WILL GO MEET HER WEDNESDAY AT THE TRAY STATION
bosnian9.wav,PLEASE CALL STELLA ASK HER TO BRING THESE THINGS WITH HER FROM THE STORE SIX SPOONS OF FRESH SNOW PEAS FIVE THICK SLEBS OF BLUE CHEESE AND MAYBE A SNECK FOR HER BROTHER BOB WE ALSO NEED A SMALL PLATIC SNAKE AND A BIG TOY FROG FOR THE KIDS SHE CAN SCOOP THESE THINGS INTO THREE RED BAGS AND WE WILL GO MEET HER WEDNESDAY AT THE TRAIN STATION
bulgarian1.wav,PLEASE CALL STELLA ASK HER TO BRING THESE THINGS WITH HER FROM THE STORE SIX PONS OF FRESH SNOW PEAS FIVE THICK SLABS OF BLUE CHEESE AND MAYBE A SNUCK FOR HER BROTHER BOB WE ALSO NEED A SMALL PLASTIC SNAKE AND A BIG TOY FROG FOR THE KIDS SHE CAN SCROOP THESE THINGS INTO THREE RED BAGS AND WE WILL GO MEET HER WEDNESDAY AT THE TRAIN STATION
bulgarian10.wav,PILIS COSTEA ASK HER TO BRING THESE THINGS WITH HER FROM THE STORE SIX SPOONS OF FRESH SNOW PEAS FIVE THICK SLAPS OF BLUE CHEESE AND MAYBE A SNACK FOR HER BROTHER BOB WE ALSO NEED A SMALL PLASTIC SNAKE AND A BIG TOY FROG  A BIG TOY FROG FOR THE KIDS SHE CAN SCOOP THESE THINGS INTO THREE RED BAGS AND W WI GO MEET HER WEDNESDAY AT THE TRAIN STATION
bulgarian11.wav,PLEASE CO STELLA ASK HER TO BRING THESE THINGS WITH HER FROM THE STORE SIX POONS FRESH SNOWP SNOW PEERS FIVE TAK SWAPS OR OF BOO CHEESE AND MAYBE A SNACK FOR HER BROTHER BOB WE ALSO MEET A SMALL PLASTIC SNAKE AND A BIG TOY FROK FOR THE KIDS SHE CAN SCOOP THESE THINGS INTO TREE BAG THREE RED BAGS AND WE WILL GO MEET HER WEDNESDAY AT THE TRAIN STATION
bulgarian12.wav,PLEASE CA STELLA ASK HER TO BRING THESE THINGS WITH HER FROM THE STORE SIX SPOONS OF FRESH SNOW PIECE FIVE THICK SLABS OF BLUE CHEESE AND MAYBE A SNACK FOR HER BROTHER BOB WE ALSO NEED A SMALL PLASTIC SNAKE AND A BIG TOY FROG FOR THE KIDS SHE CAN SCOOP THESE THINGS IN TWO FREE RED BAGS AND WE WILL GO MEET HER WEDNESDAY AT THE TRAIN STATION
bulgarian13.wav,PLEASE CALL STELLA ASK HER TO BRING THESE THINGS WITH HER FROM THE STORE SIX SPOONS OF FRESH SNOW PEAS FIVE THICK SLABS OF BLUE CHEESE AND MAYBE A SNACK FOR HER BROTHER BOB WE ALSO NEED A SMALL PLASTIC SNAKE AND A BIG TOY FROG FOR THE KIDS SHE CAN SCOOP THESE THINGS INTO INTO THREE RED BAGS AND WE WILL GO TO MEET HER WEDNESDAY AT THE TRAIN STATION
bulgarian14.wav,PLEASE CALL STELLA ASK HER TO BRING DOLL STINKS WITH HER FROM THE STORE SIX SPOONS A FRESH SNOW PEAS FIVE TICK SLAPS OF BLUE CHEESE AND MAYBE A SNACK FOR HER BROTHER BOB WE ALSO NEED A SMALL PLASTIC SNAKE AND A BIG TOY FROG FOR THE KIDS SHE CAN SCOOP DOLL STINKS INTO THREE RED BACGS AND WE WILL GO MEET HER WEDNESDAY AT THE TRAIN STATION
bulgarian15.wav,PLEASE CALL STELLA ASK HER TO BRING THESE THINGS WITH HER FROM THE STORE SIX SPOONS OF FRESH SNOW PEAS FIVE THICK SLABS OF BLUE CHEESE AND MAYBE A SNACK FOR HER BROTHER BOB WE ALSO NEED A SMALL PLASTIC SNAKE AND A BIG TOY FROG FOR HER FOR THE KIDS SHE CAN SCOOP THESE THINGS INTO THREE RED BAGS AND WELL GO AND WELL DO WE WILL MEET HER WEDNESDAY AT THE TRAIN STATION
bulgarian16.wav,PLEASE CALL STELLA ASK HER TO BRING THESE THINGS WITH HER FROM THE STORE SIX SPOONS A FRESH SNOW PIECE FIVE THICK SLAPS OF BLUE CHEESE AND MAYBE A SNUFF FOR HER BROTHER BOB WE ALSO NEED A SMALL PLASTIC SNAKE AND A VICTOR FROG FOR THE KIDS SHE CAN SQOP THESE THINGS INTO THREE RED BAGS AND WE WILL GO MEET HER WEDNESDAY AT THE TRAIN STATION
bulgarian17.wav,PLEASE CALL STELLA ASK HER TO BRING THESE THINGS WITH HER FROM THE STORE SIX SPOONS OF FRESH SNOW PEAS FIVE THICK SLABS OF BLUE CHEESE AND MAYBE A SNACK FOR HER BROTHER BOB WE ALSO NEED A SMALL PLASTIC SNAKE AND A BIG TOY FROG FOR THE KIDS SHE CAN SCOOP THESE THINGS INTO THREE RED BAGS AND WE WILL GO MEET HER WEDNESDAY AT THE TRAIN STATION
bulgarian18.wav,PLEASE CALL STELLA ASK HER TO BRING THESE THINGS WITH HER FROM THE STORE SIX SPOONFULS OF FRESH SNOW PEAS FIVE TICK SLAPS OF BLUE CHEESE AND MAYBE A SNACK FOR HER BROTHER BOB WE ALSO NEED A SMALL PLASTIC SNAKE AND A BIG TOY FROG FOR THE KIDS SHE CAN SCOOP THESE THINGS INTO THREE RED BAGS AND WE WILL GO MEET HER WEDNESDAY AT THE TRAIN STATION
bulgarian2.wav,PLEASE CALL STELLA ASK HER TO BRING THESE THINGS WITH HER FROM THE STORE SIX POONS A FRESH SNOW PIECE FIVE THICK SLAPS OF BLUE CHEESE AND MAYBE A SNAKE FOR HER BROTHER BUP WE ALSO NEED A SMALL PLASTIC SNAKE AND A BIG TOY FROCK FOR THE KIDS SHE CAN SCOOP THESE THINGS INTO THREE RED BAGS AND WE WILL GO MEET HER WEDNESDAY AT THE TRAIN STATION
bulgarian3.wav,PLEASE CALL STELLA ASK HER TO BRING THESE THINGS WITH HER FROM THE STORE SIX SPOONS OF FRESH SNOW PEAS FIVE THICK SLABS OF BLUE CHEESE AND MAYBE A SNACK FOR HER BROTHER BOB WE ALSO NEED A SMALL PLASTIC SNAKE AND A BIG TOY FROG FOR THE KIDS SHE CAN SCOOP THESE THINGS INTO THREE RED BAGS AND WE WILL GET WE WILL GO MEET HER WEDNESDAY AT THE TRAIN STATION
bulgarian4.wav,PLEASE CALL PLEASE CALL STELLA ASK HER TO BRING THESE THINGS WITH HER FROM FROM THE STORE SIX SPOONFS OF FRESH SNOW PEAS FIVE TICKS SLABS OF BLUE CHEESE AND MAYBE A SNACK FOR HER BROTHER BOB WE ALSO NEED A SMALL PLASTIC SNAKE AND A BIG TOY FROG FOR THE FOR THE FILKINS SHE CAN SCOOP THESE THINGS INTO THREE RED BAGS AND WE WILL GO MEET HER WEDNESDAY AT THE TRAIN STATION
bulgarian5.wav,PLEASE CO STELLA ASK HER TO BRING THESE THINGS WITH HER FROM THE STORE SIX SPOONS OF FRESH SNOW PEAS FIVE THICK SLAPS OF BLUE CHEESE AND MAYBE A SNAKE FOR HER BROTHER BOB WE ALSO NEED A SMALL PLASTIC SNAKE AND A BIG TOY FROG FOR THE KIDS SHE CAN SCOOP THESE THINGS INTO THREE RED BAGS AND WE WILL GO MEET HER WEDNESDAY AT THE TRAIN STATION
bulgarian6.wav,PLEASE CALL STELLA ASK HER TO BRING THESE THINGS WITH HER FROM THE STORE SIX SPOONFS OF FRESH SNOW PIECE FIVE THICK SLAPS OF BLUE CHEESE AND MAYBE A SNAKE FOR HER BROTHER BOB WE ALSO NEED A SMALL PLASTIC SNAKE AND A BIG TOY FROK FOR THE KIDS SHE CAN SCOOP THESE THINGS INTO THREE RED BAGS AND WE WILL GO MEET HER WEDNESDAY AT THE TRAIN STATION
bulgarian7.wav,PLEASE CALL STELLA ASK HER TO BRING THESE THINGS WITH HER FROM THE STORE SIX SPOONS OF FRESH SNOW PEAS FIVE THICK SLAPS OF BLUE CHEESE AND MAYBE A SNACK FOR HER BROTHER BOB WE ALSO NEED A SMALL PLASTIC SNAKE AND A BIG TOY FROCK FOR THE KIDS SHE CAN SCOOP THESE THINGS INTO THREE RED BAGS AND WE WILL GO MEET HER WEDNESDAY AT THE TRAIN STATION
bulgarian8.wav,PLEASE CALL STELLA ASK HER TO BRING THESE THINGS WITH HER FROM THE STORE SIX SPOONS OF FRESH SNOW PEAS FIVE THICK SLABS OF BLUE CHEESE AND MAYBE A SNAKE FOR HER BROTHER BOB WE ALSO NEED A SMALL PLASTIC SNAKE AND A BIG TOY FROG FOR THE KIDS SHE CAN SCOOP THESE THINGS INTO THREE RED BAGS AND WE WILL GO MEET HER WEDNESDAY AT THE TRAIN STATION
bulgarian9.wav,PLEASE CALL STELLA ASK HER TO BRING THESE THINGS WITH HER FROM THE STORE SIX SPOONS OF FRESH SNOW PEAS FIVE THICK SLAPS OF BLUE CHEESE AND MAYBE A SNACK FOR HER BROTHER BOB WE ALSO NEED A SMALL PLASTIC SNAKE AND A BIG TOY FROCK FOR THE KITS SHE CAN SCOOP THESE THINGS INTO THREE RED BAGS AND WE WILL GO MEET HER WEDNESDAY AT THE TRAIN STATION
burmese1.wav,PLEASE CAUL STELLA ACTS HER TO BRING THESE THINGS WITH HER FROM THE STOVE SIX PONS OF FRES SNOW PEAS FIVE THICK SLEPS OF LUCYS AN MAYBE A SNECK FOR HER BROTHER POL WE ALSO NEED A SMALL PLUSTY SNAKE AND A PIG TYNE FROT FOR THE CASE SHE CAN SCOOP THESE THINGS INTO THREE RAR BAGS AND WE WILL GO MEET HER WEDNESDAY AT THE TRAIN STATION
burmese2.wav,PLEASE CALL STEL ASK HER TO BRING THESE THINGS WITH ER FROM THE STORE SIX SPOON OF FRESH SNOW PEAS FIVE TIG SLABS OF BLUE CHEESE AND MAYBE A SNUF FORER BROTHER BOB WE ALSO NEED A SMALL PLASTER SNAKE AND A BIG TOY FROCK FOR THE KIDS SHE CAN SCOOP THESE THINGS INTO THREE RED BAGS AND WE WILL GO MEET HER ONLAY AT THE TRAIN STATION
cantonese1.wav,PREASE CALL STELLA ASK HER TO BRING THESE THINGS WITH HER WITH HER FROM THE STORE SIX SPOONS OF FRESH SNOW PIECE FINE SNAPS OF BU TREES AND MAYBE A SNAKE FOR HER BROTHER BOB WE ALSO NEED A SMALL A PRETES SNAKE AND A BIG TOY FOS FOR THE KEYS SHE CAN SPUT THESE THINGS INTO THREE RED PATS AND WE WILL GO MEET HER WEDNESDAY AT THE TRAIN STATION
cantonese10.wav,PLEASE CALL STELLA ASK HER TO BRING THESE THINGS WITH HER FROM THE STORE SIX SPOONFUS OF BLASHD SNOW PEAS FIVE FICK SNAP OF BREE CHEES AND MAYBE A SNACK FOR HER BROTHER BOB WE ALSO NEED A SMALL PLASTIC SNACK AND A BIG TOY FLOCK FOR THE KISS SHE CAN SCOOP THESE THINGS INTO THREE RED BACGS AND WE WILL GO MEET HER WEDNESDAY AT H THRAIN STATION
cantonese11.wav,PLEASE CALL STELLA ASK HER TO BRING THESE THINGS WITH HER FROM THE STORE SIX SPOONS OF FRESH SNOW PEAS FIVE THICK SNAPS OF BLUE CHEESE AND BABES NACK FOR HER BROTHER BOB WAS ONLI TA SMALL PLASTIC SNECK AND A BIG TOY FROCK FOR THE KIDS SHE CAN SCOOP THESE THINGS INTO THREE RABAKS AND WE WILL GO MITH HER WENSDAY AT THE TRAIN STATION
cantonese12.wav,PLEASE CALL STELLA ASK HER TO BRING THESE THINGS WITH HER FROM THE STORE SIX SPOONS OF FRESH SNOW PEAS FIVE THICK SLAPS OF BLUE CHEESE AND MAYBE A SNACK FOR HER BROTHER BOB WE ALSO NEED A SMALL PLASTIC SNAKE AND A BIG TOY FROK FOR THE KIDS SHE CAN SCOOP THESE THINGS INTO THREE RED BEGS AND WE WILL GO MEET HER WEDNESDAY AT THE TRAIN STATION
cantonese13.wav,PLEASE CALL STELLA ASK HER TO BRING THESE THINGS WITH HER FROM THE STORE SIX SPOONS OF FRESH SNOW PEASE FIVE THICK SLAPS OF BLUE CHEESE AND MAYBE A SNACK FOR BROTHER BOB WE ALSO NEED A SMALL PLASTIC SNAKE AND A BIG TOY FROCK FOR THE KIDS SHE CAN SCOOP THESE THINGS INTO THREE RED BAGS AND WE WILL GO MEET HER WEDNESDAY AT THE TRAIN STATION
cantonese14.wav,PLEASE CALL STELLA AS HER TO BRING THESE THINGS WITH HER FROM THE STORE SIX BONES OF FRESH SNOW PEAS FIVE THICK SLABS OF BLUE CHES  MAYBE A SNACK FOR HER BROTHER BUB WE ALSO NEED A SMALL PLASTIC SNACK AND A BIG TOY FROK FOR TKIS SHE CAN SCOB THESE THINGS INTO THREE RACK BAGS AND WE WILL GO MEET HER WEDNESDAY IN THE TRAIN STATION
cantonese15.wav,PLEASE CALL STELLA ASK HER TO BRING THESE THINGS WITH HER FROM THE STORE SIX SPOONS OF FRESH SNOW PEAS FIVE THICK SLAPS OF BLUE CHEESE AND MAYBE A SNACK FOR HER BROTHER BOB WE ALSO NEED A SMALL PLASTIC SNAKE AND A BIG TOY FOG FOR THE KIDS SHE CAN SCREW THESE THINGS INTO THREE RED BAGS AND WE'LL GO MEET HER WEDNESDAY AT THE TRAIN STATION
cantonese16.wav,PLEASE CALL STELLA ASK HER TO BRING THESE THINGS WITH HE FROM THE STORE SIX SPOONFUS OF FRESH SNOW PEAS FIVE THICK LUMPS OF BLUE CHEESE AND MAYBE A SNACK FOR BROTHER BOB WE ALSO NEED A SMALL PLASTIC SNAKE AND A BIG TOY FROG FOR THE KIDS SHE CAN SCOOP THESE THINGS INTE THREE RED BAGS AND WE'LL GO MEET HER WEDNESDAY AT THE TRAIN STATION
cantonese17.wav,PLEASE CALL STELLA ASK HER TO BRING THESE THINGS WITH HER FROM THE STORE SIX SPOONS OF FRESH SNOW PEAS FIVE THICK SLABS OF BLUE CHEYEAS AND MAYBE A SNACK FOR HER BROTHER BOB WE ALSO NEED A SMALL PLASTIC SNAKE AND A BIG TOY FROG FOR THE KIDS SHE CAN SCOOP THESE THINGS INTO THREE RED BAGS AND WE WILL GO MEET HER WEDNESDAY AT THE TRAIN STATION
cantonese18.wav,PLEASE CALL STELLA ASK HER TO BRING THESE THINGS WITH HER FROM THE STORE SIX SPOONS OF FRESH SNOW PEAS FIVE THICK SLABS OF BLUE CHEESE AND MAY BE A SNACK FOR HE BROTHER BOB WE ALSO NEED A SMALL PLASTIC SNAKE AND A BIG TOY FROCK FOR THE KIDS SHE CAN SCOOP THESE THINGS IN THE THREE RED BAGS AND WE WILL GO MEET HER WEDNESDAY AT THE TRAIN STATION
cantonese19.wav,PLEASE CALL STELLA ASK HER TO BRING THESE THINGS WITH HER FROM THE STORE SIX SPOONS OF FRESH SNOW PEESE FIVE THICK SLABS OF BLUE CHEESE AND MAYBE A SNACK FOR HER BROTHER BOB WE ALSO NEED A SMALL PLASTI SNACK SNAK AND A BIG TOY FROK FOR THE KEYS SHE CAN SNOOP THESE THINGS INTO THREE RED BAGS AND WE WILL GO MEET HER WEDNESDAY AT THE TRAIN STATION
cantonese2.wav,PISCO SAILER ASK HER TO BRING THIS THING WITH HER FROM THE STORE SIX SPOONS OF FRESH SNOW PIECE AND FIVE STICK SLAPS OF RUEL CHEESE AND MAYBE A SLAKE FOR HER FOR HER BROTHER BA WE ALSO NEED A SMALL PASTAK SNAK AND A AND A PECKTO FORK FOR THE KISS AND SHE SHE CAN SPOON THIS THING INTO THREE REPAS AND WE WILL GO MEET HER WEDNESDAY AT TRAIN STATION
cantonese20.wav,PLEASE CALL STELLA ASK HER TO BRING THESE THINGS WITH HER FROM THE STORE SIX SPOON OF FRESH SNOW PEASE FIVE THICK SLABS OF BLUD CHEESE AND MAYBE SNACKED FOR HER BROTHER BOB WE ALSO NEED A SMALL PLASTIC SNAKE AND A BIG TOY FROCK FOR THE KITS SHE CAN SCULP THESE THINGS INTO THREE RED BAGS AND WE WILL GO MEET HER WEDNESDAY AT TRAININ STATION
cantonese21.wav,PRISCO STELLER ASKS HER TO BRING THIS THING WITH HER FROM THE STOVE SIX SPOLS OF FRESH SNOW PEAS FIVE THICK SNAPPED UP BROOCHES AND MAYBE A SNICK FOR HER BROTHER BOB WE ALSO NIK A SMALL PRETICE NECK AND A BIG TOY FROST FOR THE KISS SHE CAN SCOOP THIS THINGS INTO THREE RED BATS AND WE'LL GO MEET HER RENS DAY AT THE TRAIN STATION
cantonese22.wav,PLEASE CALL STELLA ASK HER TO BRING THESE THINGS WITH HER FROM THE STORE SIX SPOONS OF FRESH NOW PEESE FIVE THICK SLIPS OF BLUE CHEESE AND MAYBE A SNACK FOR HER BROTHER BOB WE ALSO NEED A SMALL PLASTIC SNAKE AND A BIG TOY FROG FOR THE KIDS SHE CAN SCOOP THESE THINGS INTO THREE RED BAGS AND WE'LL GO MEET HER WEDNESDAY AT THE TRAIN STATION
cantonese23.wav,PLEASE CALL STELLA ASK HER TO BRING THESE THING WITH HER FROM THE STORE SIX SPOONS OF FRESH SNOWS PEASE FIVE THICK SLAPS OF BLUE CHEESE AND A BET SNACK FOR HER BROTHER BOB WE'LL SOON NEED A SMALL PLASTIC SNAKE AND A PET TOY FROG FOR THE KIDS SHE CAN SCROOP THESE THINGS INTO THREE RED BAGS AND WE WILL GO MEET HER ON WEDNESDAY AT THE TRAINI STATION
cantonese3.wav,PLEASE CALLSTELLER ASK HER TO BRING THESE THINGS WITH HER FROM THE STALL SIX PENCE A FRASNO PIECE FIVE THICK SLAPS OF BLUE CHEESE AND MAYBE A SNAKE FOR A BUTTER BULB WE ALSO NEED A SMALL PLASTIC SNAKE AND A BIG TOY FROCK FOR THE KIDS SHE CAN SCOOP THESE THINGS INTO THREE RACK BAGS AND WE WILL GO MEET HER WEDNESDAY AT THE TRAIN STATION
cantonese4.wav,PLEASE CALL STAE ASK HER TO BRING TESE TINES WITH HER FROM THE STORE SIX SPOONS OF FRESH SLOW PEAS FIVE THICK SNAKES OF OW TREES AND MAYBE A SNAKE FOR HER BROTHER BOB WIT AS ONLY A SMALL PRESTI SNAKE AND A BIG TOI FROG FRO FOR THE KISS SHE CAN SCOOL THESE THINGS INTO THREE RED BEDS AND WE WILL GO MEET HER WEDNESDAY AT THE TRAIN STAGIEN
cantonese5.wav,PLEASE CALL STELLA ASK HER TO BRING THESE THINGS WITH HER FROM THE STORE SIX SPOONS OF FRESH SNOW PEAS FIVE THICK SLABS OF BLUE CHEESE AND MAY BE A SNAKE FOR HER BROTHER BOB WE ALSO NEED A SMALL PLASTIC SNAKE AND A BIG TOY FROCK FOR THE KIDS SHE CAN SCOOP THESE THINGS INTO THREE RED BAGS AND WE WILL GO MEET HER NENSDAY AT THE TRAIN STATION
cantonese6.wav,PLEASE CALL STELLA ASK HER TO BRING THESE THINGS WITH HER FROM THE STORE SIX SPOONS OF FRESH SNOW PEASE FIVE THICK SLABS OF BLUE CHEESE AND MAYBE A SNACK FOR HER BROTHER BOB WE ALSO NEED A SMALL PLASTIC SNAKE AND A BIG TOY FROG FOR THE KIDS SHE CAN SCOOP THESE THINGS INTO THREE RED BAGS AND WE WILL GO MEET HER WEDNESDAY AT THE TRAIN STATION
cantonese7.wav,PLEASE CALL STELLA ASK HER TO BRING THESE THINGS WITH HER FROM THE STORE SIX SPOONS OF FRESH SNOW PEAS FIVE THICK SLABS OF BLUE CHEESE AND MAYBE A SNACK FOR HER BROTHER BOB WE ALSO NEED A SMALL PLASTIC SNAKE AND A BIG TOY FORK FOR THE KIDS SHE CAN SCOOP THESE THINGS INTO THREE RED BEDS AND WE WILL GO MEET HER WEDNESDAY AT THE TRAIN STATION
cantonese8.wav,PLEASE CALL STELLA ASK HER TO BRING THESE THINGS WITH HER FROM THE STORE SIX SPOONS OF FRESH SNOW PEASE FIVE THICK SLAPS OF BLUE CHEESE AND MAYBE A SNACK FOR HER BROTHER BOB WE ALSO NEED A SMALL PLASTIC SNAKE AND A BIG TOY FROG FOR THE KIDS SHE CAN SCOOP THESE THINGS INTO THREE RED BAGS AND WE WILL MEET HER WEDNESDAY AT THE TRAIN STATION
cantonese9.wav,PLEASE CALL STELLA ASK HER TO BRING THESE THINGS WITH HER FROM THE STORE SIX SPOONS OF FRESH SNOW PEAS FIVE THICK SLABS OF BLUE CHEESE AND MAYBE A SNACK FOR HER BROTHER BALL WE ALSO NEED A SMALL PLASTIC SNAKE AND A BIG TOY FROG FOR THE KIDS SHE CAN SCOOP THESE THINGS INTO THREE RED BAGS AND WE WILL GO MEET HER WEDNESDAY AT THE TRAIN STATION
carolinian1.wav,PLEASE CALL STELLA ASK HER TO BRING THESE THINGS WITH HER FROM THE STORE SIX SPOONS OF FRESH SNOW PEASE FIVE THICK SLABS OF BLUE CHEESE AND MAYBE A SNACK FOR HER BROTHER BOB WE ALSO NEED A SMALL PLASTIC SNAKE AND A BIG TOY FROG FOR THE KIDS SHE CAN SCOOP THESE THINGS INTO THREE RED BAGS AND WE WILL GO MEET HER WEDNESDAY AT THE TRAIN STATION
catalan1.wav,PLEASE CALL STELLA ASK HER TO BRING THESE THINGS WITH HER FROM THE STORE SIX SPOONS OF FRESH SNOW PEASE FIVE THICK SLAPS OF BLUE CHEESE AND MAYBE A SNAK FOR HER BROTHER BOB WE AL SO NEAT A SMALL PLASTIC SNAKE AND A BIG TOY FROK FOR THE KIDS SHE CAN SCOOP THESE THINGS INTO THREE RED BAGS AND WE WILL GO MEET HER WEDNESDAY AT THE TRAN STATION
catalan2.wav,PLEASE CALL STELLA ASK HER TO BRING THESE THINGS WITH HER FROM THE STORE SIX SPOONS OF FRESH SNOW PEAS FIVE THICK SLABS OF BLUE CHEESE AND MAYBE A SNAG FOR HER BROTHER BOB WE ALSO NEED A SMALL PLASTIC SNAKE AND A BIG TOY FROCK FOR THE KIDS SHE CANNOT SCOOP THESE THINGS INTO THREE RED BAGS AND WE WILL GO MEET HER WEDNESDAY AT THE TRAIN STATION
catalan3.wav,PLEASE CALL STELLA ASK HER TO BRING THESE THINGS WITH HER FROM THE STORE SIX SPOONS OF FRESH SNOW PEAS FIVE THICK SLABS OF BLUE CHEESE AND MAYBE A SNACK FOR HER BROTHER BOB WE ALSO NEED A SMALL CLASTIC SNAKE AND A BIG TOY FROG FOR THE KIDS SHE CAN SCOOP THESE THINGS INTO THREE RED BAGS AND WE WILL GO MEET HER WEDNESDAY AT THE TRAIN STATION
catalan4.wav,PLEASE CARLSTELLA ASK HER TO BRING THESE THINGS WITH HER FROM THE STORE SIX SPOONS OF FRESHNO PEAS FIVE THICG SLABS OF BLUE CHEESE AND MAYBE A SNACK FOR HER BROTHER BOB WE ALSO NEED A SMALL PLASTIC SNAKE AND A BIG DOUGH FROG FOR THE KIEDS SHE CAN SCOOP THESE THINGS INTO THREE RED BAGS AND WE WILL GO MEET HER WEDNESDAY AT THE TRAIN STATION
cebuano1.wav,PLEASE CALL STELLA ASK HER TO BRING THESE THINGS WITH HER FROM THE STORE SIX SPOONS OF FRESH NOPESE FIVE THICK SLABS OF BLUE CHEESE AND MAYBE A SNACK FOR HER BROTHER BOB WE ALSO NEED A SMALL PLASTIC SNAKE AND A BIG TOY FROG FOR THE KIDS SHE CAN SCOOP THESE THINGS INTO THREE RED BAGS AND WE WILL GO MEET HER WEDNESDAY AT THE TRAIN STATION
chaldean1.wav,PLEASE CALL STELLA ASK HER TO BRING THESE THINGS WITH HER FROM THE STORE SIX SPOONS OF FRESH SNOW PEAS FIVE THICK SLABS OF BLUE CHEESE AND MAYBE A SNACK FOR HER BROTHER BOB WE ALSO NEED A SMALL PLASTIC SNAKE AND A BIG TOY FROG FOR THE KIDS SHE CAN SCOOP THESE THINGS INTO THREE RED BAGS AND WE WILL GO MEET HER WEDNESDAY AT THE TRAIN STATION
chaldean2.wav,PLEASE CALL STELLA ASK HER TO BRING THESE THINGS WITH HER FROM THE STORE SIX SPOONS OF FRESH SNOW PIESE FIVE THICK SLAPS OF BLUE CHEESE AND MAYBE A SNAG FOR HER BROTHER BOB WE ALSO NEED A SMALL PLASTIC SNAKE AND A BIG TOY FROG FOR HER FOR THE KIDS SHE CAN SCOOP THESE THINGS INTO THREE RED BAGS AND WE WILL GO MEET HER WEDNESDAY AT THE TRAIN STATION
chamorro1.wav,PLEASE CALL STELLA ASK HER TO BRING THESE THINGS WITH HER FROM THE STORE SIX SPOONS OF FRESH SNOW PEAS FIVE THICK SLABS OF BLUE CHEESE AND MAYBE A SNACK FOR HER BROTHER BOB WE ALSO NEED A SMALL PLASTIC SNAKE AND A BIG TOY FROG FOR THE KIDS SHE CAN SCOOP THESE THINGS INTO THREE RED BAGS AND WE WILL GO MEET HER WEDNESDAY AT THE TRAIN STATION
chichewa1.wav,PLEASE CALL STELLA ASK HER TO BRING THESE THINGS WITH HER FROM THE STORE SIX SPOONS OF FRESH SNOW PEESE FIVE THICK SLABS OF BLUE CHEESE AND MAYBE A SNUG FOR HER BROTHER BOB WE ALSO NEED A SMALL PLASTIC SNAKE AND A BIG TOY FROG FOR THE KEYS SHE CAN SCOOP THESE THINGS INTO THREE RED BAGS AND YE WILL GO MEET HER WEDNESDAY AT THE TRAIN STATION
chittagonian1.wav,PLEASE CALL E PLEASE CALL STELLA ASK HER TO BRING THEE THEN BRING THING WITH HER FOM THE STOR SIX ON OF FISH SONO OF FISH PIS FIVE THINGS S SLAP OR BUL SIS AND MAYBE A SNAK FOR HER BROTHER BOK WE ALSO NEED A SMALL PLASTIC SNACK AND A BIG BIG TOY FOR FOR THE KIT SHE CAN SCROP THE THING INTO HER RED BACKS AND WE WILL GO MEET HER WENSTE AD THE TINSTATION
croatian1.wav,PLEASE CALL STELLA ASK HER TO BRING THESE THINGS WITH HER FROM THE STORE SIX SPOONS OF FRESH SNOW PEAS FIVE THICK SLABS OF BLUE CHEESE AND MAYBE A SNACK FOR HER BROTHER BOB WE ALSO NEED A SMALL PLASTIC SNAKE AND A BIG TOY FROG FOR THE KIDS SHE CAN SCOOP THESE THINGS INTO THREE RED BAGS AND WE WILL GO MEET HER WEDNESDAY AT THE TRAIN STATION
croatian2.wav,PLEASE CALL STELLA ASK HER TO BRING THESE THINGS WITH HER FROM THE STORE SIX SPOONS OF FRESH SNOW PEAS FIVE THICK SLABS OF BLUE CHEESE AND MAYBE A SNAKE FOR HER BROTHER BOB WE ALSO NEED A SMALL PLASTIC SNAKE AND A BIG TOY FROG FOR THE KIDS SHE CAN SCOOP THESE THINGS INTO THREE RED BAGS AND WE WILL GO MEET HER WEDNESDAY AT THE TRAIN STATION
croatian3.wav,PLEASE CALL STELLA ASK HER TO BRING THESE THINGS WITH HER FROM THE STORE SIX PONS OF FRESH SNOW PEAS FIVE THICK SLABS OF BLUE CHEESE AND MAYBE A SNACK FOR HER BROTHER BOB WE ALSO NEED A SMALL PLASTIC SNAKE AND A BIG TOY FROG FOR THE KIDS SHE CAN SCOOP THESE THINGS INTO THREE RED BAGS AND WE WILL GO MEET HER WEDNESDAY AT THE TRAIN STATION
croatian4.wav,PLEASE CALL STELLA ASK HER TO BRING THESE THINGS WITH HER FROM THE STORE SIX SPOONS OF FRESH SNOW PEAS FIVE THICK SLABS OF BLUE CHEESE AND MAYBE A SNAKE FOR HER BROTHER BOB WE ALSO NEED A SMALL PLASTIC SNAKEN A BIG TOY FROG FOR THE KIDS SHE CAN SCOOP THESE THINGS INTO THREE READ BAGS AND WE WILL GO GO MEET HER WEDNESDAY AT THE TRAIN STATION
croatian5.wav,PLEASE CALL STELLA ASK HER TO BRING THESE THINGS WITH HER FROM THE STORE SIX SPOONS OF FRESH SNOW PEAS FIFTY SLABS OF BLUE CHEESE AND MAYBE A SNACK FOR HER BROTHER BOB WE ALSO NEED A SMALL PLASTIC SNAKE AND A BIG TOY FROG FOR THE KIDS SHE CAN SCOOP THESE THINGS INTO THREE RED BAGS AND WE WILL GO MEET HER WEDNESDAY AT THE TRAIN STATION
croatian6.wav,PLEASE CALL STELLA ASK HER TO BRING THESE THINGS WITH HER FROM THE STORE SIX SPOONS OF FRESH SNOW PEAS FIVE TICK SLAPS OF BLUE CHEESE AND MAYBE A SNAKE FOR HER BROTHER BOB WE ALSO NEED A SMALL PLASTIC SNAKE AND A BIGGER TOY FOR AND A BIGGER TOY FROG FOR THE KIDS SHE CAN SCOOP THESE THINGSIN INTO THREE RED BAGS AND WE WILL GO MEET HER WEDNESDAY AT THE TRAIN STATION
croatian7.wav,PLEASE CALL STELLA ASK HER TO BRING THESE THINGS WITH HER FROM THE STORE SIX SPOONS OF FRESH SNOW PEAS FIVE THICK SLABS OF BLUE CHEESE AND MAYBE A SNACK FOR HER BROTHER BOB WE ALSO NEED A SMALL PLASTIC SNAKE AND A BIG TOY FROK FOR THE KIDS SHE CAN SCOOP THESE THINGS INTO THREE RED BAGS AND WILL MEET HER WEDNESDAY AT THE TRAIN STATION
croatian8.wav,PLEASE CALL STELLA ASK HER TO BRING THESE THINGS WITH HER FROM THE STORE SIX SPOONS OF FRESH SNOW PEAS FIVE THICK SLABS OF THE BLUE CHEESE AND MAYBE IT'S THE SNACK FOR HER BROTHER BOB WE ALSO NEED SMALL PLASTIC SNAKE AND THE BIG TOY FROG FOR THE KIDS SHE CAN SCOOP THESE THINGS IN THE RED BAGS AND WE WILL GO MEET HER WEDNESDAY AT THE TRAIN STATION
czech1.wav,PLEASE CALL STELLA ASK HER TO BRING THESE THINGS WITH HER FROM THE STORE SIX SPOONS OF FRESH SNOW PEAS FIVE THICK SLAPS OF BLUE CHEESE AND MAYBE A SNACK FOR HER BROTHER BOB WE ALSO NEED A SMALL PLASTIC SNAKE AND A BIG TOY FROG FOR THE KIDS SHE CAN SCOOP THESE THINGS INTO THREE RED BAGS AND WE WILL GO MEET HER WEDNESDAY AT THE TRAIN STATION
czech2.wav,PLEASE CALL STELLA ASK HER TO BRING THIS TINK WITH HER FROM THE STORER SIX SPOONS OF FRESH SNOW PEAS FIVE THICK SLEPS OF BLUE CHEESE AND MAYBE A SNACK FOR HER BROTHER BUB WE ALSO NEED A SMALL PLASTIC SNAKE AND A BIG TOY FROCK FOR THE KIDS SHE CAN SCOOP THIS TINK INTO THREE RED BACKS AND WE WILL GO MEET HER WEDNESDAY AT THE TRAIN STATION
czech3.wav,PLEASE CALL STELLA ASK HER TO BRING THESE THINGS WITH HER FROM THE STORE SIX SPOONS OF FRESH SNOW PEAS FIVE THICK SLABS OF BLUE CHEESE AND MAYBE A SNACK FOR HER BROTHER BOB WE ALSO NEED A SMALL PLASTIC SNAKE AND A BIG TOY FROG FOR THE KIDS SHE CAN SCOOP THESE THINGS INTO THREE RED BAGS AND WE WILL GO MEET HER WEDNESDAY AT THE TRAIN STATION
czech4.wav,PLEASE CALL STELLA ASK HER TO BRING THESE THINGS WITH HER FROM THE STORE SIX SPOONS OF FRESH SNOW HEAS FIVE THICK SLAPS OF BLUE CHEESE AND MAYBE A SNACK FOR HER BROTHER BAB WE ALSO NEED A SMALL PLASTIC SNAKE AND A BIG TOY FROG FOR THE KIT SHE CAN SCOOP THESE THINGS INTO THREE RED BAGS AND WE WILL GO MEET HER WEDNESDAY AT THE TRAIN STATION
czech5.wav,PLEASE CALL STELLA ASK HER TO BRING THESE THINGS WITH HER FROM THE STORE SIX SPOONS OF FRESH SNOW PEAS FIVE THICK SLIPES OF BLUE CHEESE AND MAYBE A SNAKE FOR HER BROTHER BOB WE ALSO NEED A SMALL PLASTIC SNAKE AND A BIG TOY FROCK FOR THE KIDS SHE CAN SCOOP THESE THINGS INTO THREE RED BAGS AND WE WILL GO MEET HER WEDNESDAY AT THE TRAIN STATION
czech6.wav,PLEASE CALL STELLA ASK HER TO BRING THESE THINGS WITH HER FROM THE STORE SIX SPOONS OF FRESH SNOW PEAS FIVE THICK SLIPES OF BLUE CHEESE AND MAYBE A SNACK FOR HER BROTER BOB WE ALSO NEED A SMALL PLASTIC SNAKE AND BIG TOY FROG FOR THE KIDS SHE CAN SCOOP THESE THINGS INTO THREE RED BAGS AND WE WILL GO MEET HER WEDNESDAY AT THE TRAIN STATION
czech7.wav,PLEASE CALL STELLA ASK HER TO BRING THESE THINGS WITH HER FROM THE STORE SIX SPOON OF FRESH SNOW PEAS FIVE THICK SLEBS OF BLUE CHEESE AND MAYBE A SNAKE FOR HER BROTHER BAB WE ALSO NEED A SMALL PLASTIC SNAKE AND A BIG TOY FROCK FOR THE KIDS SHE CAN SCOOP THESE THINGS INTO THREE RED BAGS AND WE WILL GO MEET HER WEDNESDAY AT THE TRAIN STATION
czech8.wav,PLEASE CALL STELLA ASK HER TO BRING THESE THINGS WITH HER FROM THE STORE SIX SPOONS OF FRESH SNOW PEAS FIVE THICK SLABS OF BLUE CHEESE AND MAYBE A SNACK FOR HER BROTHER BOB WE ALSO NEED A SMALL PLASTIC SNAKE AND A BIG TOY FROG FOR THE KIDS SHE CAN SCOOP THESE THINGS INTO THREE RED BAGS AND WE WILL GO MEET HER WEDNESDAY AT THE TRAIN STATION
czech9.wav,PLEASE CALL STELLA ASK HER TO BRING THESE THINGS WITH HER FROM STORE SIX SPOONS OF FRESH SNOW PEAS FIVE THICK SLABS OF BLUE CHEESE AND MAYBE A SNAKE FOR HER BROTHER BALL WE ALSO NEED A SMALL PLASTIC SNAKE AND A BIG TOY FROG FOR THE KIDS SHE CAN SCOOP THESE THINGS INTO THREE RED BAGS AND WE WILL GO MEET HER WEDNESDAY AT THE TRAIN STATION
danish1.wav,PLEASE CALL STELLA ASK HER TO BRING THESE THINGS WITH HER FROM THE STORE SIX SPOONS OF FRESH SNOW PEAS FIVE THICK SLAPS OF BLUE CHEESE AND MAYBE A SNACK FOR HER BROTHER BOB WE ALSO NEED A SMALL PLASTIC SNAKE AND A BIG TOIL FROK FOR THE KIDS SHE CAN SCOOP THESE THINGS INTO THREE RED BAGS AND WE WILL GO MEET HER WEDNESDAY AT THE TRAIN STATION
danish2.wav,PLEASE CALL STELLA ASK HER TO BRING THESE THINGS WITH HER FROM THE STORE SIX SPOONS OF FRESH SNOW PEAS FIVE THICK SLABS OF BLUE CHEESE AND MAYBE A SNACK FOR HER BROTHER BOB WE ALSO NEED A SMALL PLASTIC SNAKE AND A BIG TOY FROG FOR THE KIDS SHE CAN SCOOP THESE THINGS INTO THREE RED BAGS AND WE WILL GO MEET HER WEDNESDAY AT THE TRAIN STATION
danish3.wav,PLEASE CALL STELLA ASK HER TO BRING THESE THINGS WITH HER FROM THE STORE SIX SPOONS OF FRESH SNOW PEAS FIVE THICK SLABS OF BLUE CHEESE AND MAYBE A SNAK FOR HER BROTHER BOB WE ALSO NEED A SMALL PLASTIC SNAKE AND A BIG TOY FROCK FOR THE KIDS SHE CAN SCOOP THESE THINGS INTO THREE RED BAGS AND WE WILL GO MEET HER WEDNESDAY AT THE TRAIN STATION
danish4.wav,PLEASE CALL STELLA ASK HER TO BRING THESE THINGS WITHHER FROM THE STORE SIX SPOONS OF FRESH SNOW PEAS FIVE BIG SLABS OF BLUE CHEESE AND MAYBE A SNAG FOR HER BROTHER BOB WE ALSO NEED A SMALL PLASTIC SNAKE AND A BIG TOY FROG FOR THE KIDS SHE CAN SCOOP THESE THINGS INTO THREE RED BAGS AND WE'LL GO MEET HER WEDNESDAY AT THE TRAIN STATION
danish5.wav,PLEASE CALL STELLA ASK HER TO BRING THESE THINGS WITH HER FROM THE STORE SIX SPOONS OF FRESH SNOW PEAS FIVE THICK SLAPS OF BLUE CHEESE AND MAYBE A SNACK FOR HER BROTHER BOB WE ALSO NEED A SMALL PLASTIC SNAKE AND A BIG TOY FROG FOR THE KIDS SHE CAN SCOOP THESE THINGS INTO THREE RED BAGS AND WE WILL GO TO MEET HER WEDNESDAY AT THE TRAIN STATION
danish6.wav,PLEASE CALL STELLA ASK HER TO BRING THESE THINGS WITH HER FROM THE STORE SIX SPOONS OF FRESH SNOW PEASE FIVE THICK SLABS OF BLUE CHEESE AND MAYBE A SNACK FOR HER BROTHER BOB WE ALSO NEED A SMALL PLASTIC SNAKE AND A BIG TOY FROG FOR THE KIDS SHE CAN SCOOP THESE THINGS INTO THREE RED BAGS AND WE WILL GO MEET HER WEDNESDAY AT THE TRAIN STATION
danish7.wav,PLEASE CALL STELLA ASK HER TO BRING THESE THINGS WITH HER FROM THE STORE SIX SPOONS OF FRESH SNOW PEAS FIVE THICK SLABS OF BLUE CHEESE AND MAYBE A SNACK FOR A BROTHER BOB WE ALSO NEED A SMALL PLASTIC SNAKE AND A BIG TOY FROG FOR THE KIDS SHE CAN SCOOP THESE THINGS INTO THREE RED BAGS AND WE'LL GO MEET HER WEDNESDAY AT THE TRAIN STATION
danish8.wav,PLEASE CALL STELLA ASK HER TO BRING THESE THINGS WITH HER FROM THE STORE SIX SPOONS OF FRESH SNOWPEAS FIVE THICK SLABS OF BLUE CHEESE AND MAYBE A SNACK FOR HER BROTHER BOB WE ALSO NEED A SMALL PLASTIC SNAKE AND A BIG TID FROCK FOR THE KIDS SHE CAN SCOOP THESE THINGS INTO THREE RED BAGS AND WE WILL GO MEET HER WEDNESDAY AT THE TRAIN STATION
dari1.wav,PLEASE CALL STELLA ASK HER TO BRING THESE THINGS WITH HER WITH HER FROM THE STORE SIX SPOONSFOR FRESHA SNOW PEACE FIVE TAK SUB SUBUBS OF BLUE CHEESES AND THERE MAY BE A SNACK FOR HER BROTHER BOB WE ALSO NEED A SMALL PLASTIC SNACK AND A BIG TIR FROCK FOR THE KIDS SHE CAN SCOOP THESE THINGS INTO THREE RID BAGS AND WE WILL GO MEET HER WEDNESDAY AT THE AT THE TRAIN STATION
dari2.wav,PLEASE CALL STELLA ASK HER TO BRING THESE THINGS WITH HER FROM THE STORE SIX SPOONS OF FRESH SNOW PEASE FIVE THICK SLABS OF BLUE CHEESE AND MAYBE A SNAG FOR HER BROTHER BOT WE ALSO NEED A SMALL PLASTIC SNAKE AND A BIG TOI FROG FOR THE KIDS SHE CAN SCOOP THESE THINGS INTO THREE RID BAGS AND WE WILL GO MEET HER WEDNESDAY AT THE TRAIN STATION
dari3.wav,PLEASE CALL STELLA ASK HER TO BRING THESE THINGS WITH HER PROMISES FROM THE STORE SIX SPOONS OF FRESH SNOW PEAS FIVE THICK SLABS OF BLUE CHEESE AND MAYBE A SNACK FOR HER BROTHER BOB WE ALSO NEED A SMALL PLASTIC SNAK AND A BIG TOY FOR A TOY FROG FROM THE KIDS SHE CAN SCOOP THESE THINGS INTO THREE RED BAGS AND WE WILL GO MEET HER ONCE DAY AT THE TRAIN STATION
dari4.wav,PLEASE CALL STILLA ASK HER TO BRING THESE THINGS WITH HER FROM THE STORE SIX SPOON OR FRESH SNOW PEESE FIVE TIK SABLE OF BLUE CHEESE AND MAYBE SNACK FOR HE BROTHER BOB WE ALSO NEED A SMALL PLASTIC SNACK AND A BAG OF TOY FROG FROM THE FOR THE CATEAND SHE CAN SCOOP THE THING INTO THE TREE BAG AND WE WILL WE WILL GO MEET HER WEDNESDAY AT THE TRAINING STATION
dari5.wav,PLEASE CALL STELLA ASK HER TO BRING THESE THINGS WITH HER FROM THE STORE SIX SPOONS OF FRESH SNOW PEASE FIVE THICK SLABS OF BLUE CHEESE AND MAYBE A SNACK FOR HER BROTHER BOB WE ALSO NEED A SMALL PLASTIC SNAG AND A BIG TOY FROG FOR THE KIDS SHE CAN SCOOP THESE THINGS INTO THREE RED BAGS AND WE WILL GO MEET HER WEDNESDAY AT THE RAIN STATION AT THE TRAIN STATION SURRY
dinka1.wav,PLEASE CALL STELLA ASK HER TO BRING THESE THINGS WITH HER FROM THE STOR SIX SPOONS OF FRESH SNOW PEAS FIVE THICK SLIPS OF BLUE CHEESE AND MAYBE A SNUG FOR HER BROTHER BAB WE ALSO NEED A SMALL PLASTIC SNAKE AND A BIG TOY FROCK FOR THE KIDS SHE CAN SCOOP THESE THINGS INTO THREE RED BAGS AND W E WILL GO MEET HER WENESEDAY AT THE TRAIN STATION
dutch1.wav,PLEASE CALL STELLA ASK HER TO BRING THESE THINGS WITH HER FROM THE STORE SIX SPOONS OF FRESH SNOW PEAS FIVE THICK SLABS OF BLUE CHEESE AND MAYBE A SNACK FOR HER BROTHER BARB WE ALSO NEED A SMALL PLASTIC SNAKE AND A BIG TOY FROG FOR THE KIDS SHE CAN SCOOP THESE THINGS INTO THREE RED BAGS AND WE WILL GO MEET HER WEDNESDAY AT THE TRAIN STATION
dutch10.wav,PLEASE CALL STELLA ASK HER TO BRING THESE THINGS WITH HER FROM THE STORE SIX SPOONS OF FRESH SNOW PEAS FIVE THICK SLAPS OF BLUE CHEESE AND MAYBE A SNACK FOR HER BROTHER BOB WE ALSO NEED A SMALL PLASTIC SNAKE AND A BIG TOY FROG FOR THE KIDS SHE CAN SCOOP THESE THINGS INTO THREE RED BAGS AND WE WILL GO MEET HER WEDNESDAY AT THE TRAIN STATION
dutch11.wav,PLEASE CALL STELLA ASK HER TO BRING THESE THINGS WITH HER FROM THE STORE SIX SPOONS OF FRESH SNOW PEAS FIVE THICK SLABS OF BLUE CHEESE AND MAYBE A SNACK FOR HER BROTHER BOB WE ALSO NEED A SMALL PLASTIC SNAKE AND A BIG TOY FROG FOR THE KIDS SHE CAN SCOOP THESE THINGS INTO THREE RED BAGS AND WE WILL GO MEET HER WEDNESDAY AT THE TRAIN STATION
dutch12.wav,PLEASE CALL STELLA ASK HER TO BRING THESE THINGS WITH HER FROM THE STORE SIX SPOONS OF FRESH SNOW PEAS FIVE THICK SLAPS OF BLUE CHEESE AND MAYBE A SNACK FOR HER BROTHER BOB WE ALSO NEED A SMALL PLASTIC SNAKE AND A BIG TOY FROG FOR THE KIDS SHE CAN SCOOP THESE THINGS INTO THREE RED BAGS AND WILL GO MEET HER WEDNESDAY AT THE TRAIN STATION
dutch13.wav,PLEASE CALL STELLA ASK HER TO BRING THESE THINGS WITH HER FROM THE STORE SIX SPOONS OF FRESH SNOW PEAS FIVE THICK SLAPS OF BLUE KEYS AND MAYBE A SNACK FOR HER BROTHER JOB BOB WE ALSO NEED A SMALL PLASTIC SNAKE AND A BIG TOY FROG FOR THE KIDS SHE CAN SCOOP THESE THINGS INTO THREE RED BAGS AND WE WILL GO MEET HER WEDNESDAY AT THE TRAIN STATION
dutch14.wav,PLEASE CALL STELLA ASK HER TO BRING THESE THINGS WITH HER FROM THE STORE SIX SPOONS OF FRESH SNOW PEAS FIVE THICK SLAPS OF BLUE CHEESE AND MAYBE A SNOCK FOR HER BROTHER BOB SNACK FOR HER BROTHER BOB WE ALSO NEED A SMALL PLASTIC SNAKE AND A BIG TOY FROG FOR THE KIDS SHE CAN SCOOP THESE THINGS INTO THREE RED BAGS AND WE WILL GO MEET HER WEDNESDAY AT THE TRAIN STATION
dutch15.wav,PLEASE CALL STELLA ASK HER TO BRING THESE THINGS WITH HER FROM THE STORE SIX SPOONS OF FRESH SNOW PEAS FIVE THICK SLAPS OF BLUE CHEESE AND MAYBE A SNACK FOR BROTHER BOB WE ALSO NEED A SMALL PLASTIC SNAKE AND A BIG TOY FROG FOR THE KIDS SHE CAN SCOOP THESE THINGS INTO THREE RED BAGS AND WE WILL GO MEET ER WEDNESDAY AT THE TRAIN STATION
dutch16.wav,PLEASE CALL STELLA ASK HER TO BRING THESE THINGS WITH HER FROM THE STORE SIX SPOONS OF FRESH SNOW PEAS FIVE THICK SLABS OF BLUE CHEESE AND MAYBE A SNACK FOR HER BROTHER BOB WE ALSO NEED A SMALL PLASTIC SNAKE AND A BIG TOY FROG FOR THE KIDS SHE CAN SCOOP THESE THINGS INTO THREE RED BAGS AND WE WILL GO MEET HER WEDNESDAY AT THE TRAIN STATION
dutch17.wav,PLEASE CALL STELLA ASK HER TO BRING THESE THINGS WITH HER FROM THE STORE SIX SPOONS OF FRESH SNOW PEAS FIVE THICK SLAPS OF BLUE CHEESE AND MAYBE A SNACK FOR A BROTHER BOB WE ALSO NEED SMALL SPLAT A SMALL PLASTIC SNAKE AND A BIG TOY FROG FOR THE KIDS SHE CAN SCOOP THESE THINGS INTO THREE RED BAGS AND WE WILL GO MEET HER WEDNESDAY AT THE TRAIN STATION
dutch18.wav,PLEASE CALL STELLA ASK HER TO BRING THESE THINGS WITH HER FROM THE STORE SIX SPOONS OF FRESH SNOW PEES FIVE THICK SLAPS OF BLUE CHEESE AND MAYBE A SNACK FOR HER BROTHER BOB WE ALSO NEED A SMALL PLASTIC SNAKE AND A BIG TOY FROG FOR THE KIDS SHE CAN SCOOP THESE THINGS INTO THREE RED BAGS AND WE WILL GO MEET HER WEDNESDAY AT THE TRAIN STATION
dutch19.wav,PLEASE CALL STELLA ASK HER TO BRING THESE THINGS WITH HER FROM THE STORE SIX SPOONS OF FRESH SNOW PEES FIVE THICK SLAPS OF BLUE CHEESE AND MAYBE A SNACK FOR HA BROTHER BOB WE ALSO NEED A SMALL PLASTIC SNAKE AND A BIG TOY FROCK FOR THE KIDS SHE CAN SCOOP THESE THINGS INTO THREE RED BAGS AND WE WILL GO MEET HER WEDNESDAY AT THE TRAIN STATION
dutch2.wav,PLEASE CALL STELLA ASK HER TO BRING THESE THINGS WITH HER FROM THE STORE SIX SPOONS OF FRESH SNOW PIECE FIVE THICK SLAPS OF BLUE CHEESE AND MAYBE A SNACK FOR HER BROTHER BOB WE ALSO NEED A SMALL PLASTIC SNAKE AND A BIG TOY FROCK FOR THE KIDS SHE CAN SCOOP THESE THINGS INTO THREE RED BAGS AND WE'LL GO MEET HER WEDNESDAY AT THE TRAIN STATION
dutch20.wav,PLEASE CALL STELLA ASK HER TO BRING THESE THINGS WITH HER FROM THE STORE SIX SPOONS OF FRESH SNOW PEAS FIVE THICK SLABS OF BLUE CHEESE AND MAYBE A SNACK FOR HER BROTHER BOB WE ALSO NEED A SMALL PLASTIC SNAKE AND A BIG TOY FROG FOR THE KIDS SHE CAN SCOOP THESE THINGS INTO THREE RED BAGS AND WE WILL GO MEET HER WEDNESDAY AT THE TRAIN STATION
dutch21.wav,PLEASE CALL STELLA ASK HER TO BRING THESE THINGS WITH HER FROM THE STORE SIX SPOONS OF FRESH NO PEAS FIVE THICK SLABS OF BLUE CHEESE AND MAYBE A SNACK FOR HER BROTHER BOB WE ALSO NEED A SMALL PLASTIC SNAKE AND A BIG TOY FROG FOR THE KIDS SHE CAN SCOOP THESE THINGS INTO THREE RED BAGS AND WE WILL GO MEET HER WEDNESDAY AT A TRAIN STATION
dutch22.wav,PLEASE CALL STELLA ASK HER TO BRING THESE THINGS WITH HER FROM THE STORE SIX SPOONS OF FRESH SNOW PEAS FIVE THICK SLABS OF BLUE CHEESE AND MAYBE A SNACK FOR HER BROTHER BOB WE ALSO NEED A SMALL PLASTIC SNAKE AND A BIG TOY FROG FOR THE KIDS SHE CAN SCOOP THESE THINGS INTO THREE RED BAGS AND WE WILL GO MEET HER WEDNESDAY AT THE TRAIN STATION
dutch23.wav,PLEASE CALL STELLA ASK HER TO BRING THESE THINGS TO HER FROM THE STORE SIX SPOONS OF FRESH SNOW PEASE FIVE THICK SLABS OF BLUE CHEESE AND MAYBE A SNACK FOR HER BROTHER BOB WE ALSO NEED A SMALL PLASTIC SNAKE AND A BIG TOY FROG FOR THE KIDS SHE CAN SCOOP THESE THINGS INTO THREE RED BAGS AND WE WILL GO MEET HER WEDNESDAY AT A TRAIN STATION
dutch24.wav,PLEASE CALL SELLA ASK HER TO BRING THESE THINGS WITH HER FROM THE STORE SIX SPOONS OF FRESH SNOW PEAS FIVE THICK SLABS OF BLUE CHEESE AND MAYBE A SNACK FOR HER BROTHER BOB WE ALSO NEED A SMALL PLASTIC SNAKE AND A BIG TOY FROG FOR THE KIDS SHE CAN SCOOP THESE THINGS INTO THREE RED BAGS AND WE WILL GO MEET HER WEDNESDAY AT THE TRAIN STATION
dutch25.wav,PLEASE CALL STELLA ASK HER TO BRING THESE THINGS WITH HER FROM THE STORE SIX SPOONS OF FRESH SNOW PEAS FIVE THICK SLAPS OF BLUE CHEESE AND MAYBE A SNACK FOR HER BROTHER BOB WE ALSO NEED A SMALL PLASTIC SNAKE AND A BIG TOY FROG FOR THE KIDS SHE CAN SCOOP THESE THINGS INTO THREE RED BAGS AND WE WILL GO MEET HER WEDNESDAY AT THE TRAIN STATION
dutch26.wav,PLEASE CALL STELLA ASK HER TO BRING THESE THINGS WITH HER FROM THE STORE SIX SPOONS OF FRESH SNOW PEAS FIVE THICK SLABS OF BLUE CHEESE AND MAYBE A SNACK FOR HER BROTHER BOB WE ALSO NEED A SMALL PLASTIC SNAKE AND E BIG TOY FROCK FOR THE KIDS SHE CAN SCOOP THESE THINGS INTO THREE READ BAGS AND WI'LL GO MEET HER WEDNESDAY AT THE TRAIN STATION
dutch27.wav,PLEASE CALL STELLA ASK HER TO BRING THESE THINGS WITH HER FROM THE STORE SIX SPOONS OF FRESH SNOW PEAS FIVE THICK SLAPS OF BLUE CHEESE AND MAYBE A SNACK FOR HER BROTHER BOB WE ALSO NEED A SMALL PLASTIC SNAKE AND A BIG TOY FROK FOR THE KIDS SHE CAN SCOOP THESE THINGS INTO THREE RED BAGS AND WE WILL GO MEET HER WEDNESDAY AT THE TRAIN STATION
dutch28.wav,PLEASE CALL STELLA ASK HER TO BRING THESE THINGS WITH HER FROM THE STORE SIX SPOONS OF FRESH SNOW PEAS FIVE THICK SLABS OF BLUE CHEESE AND MAYBE A SNACK FOR HER BROTHER BOB WE ALSO NEED A SMALL PLASTIC SNAKE AND A BIG TOY FROG FOR THE KIDS SHE CAN SCOOP THESE THINGS INTO THREE RED BAGS AND WE WILL GO MEET HER WEDNESDAY AT THE TRAIN STATION
dutch29.wav,PLEASE CALL STELLA ASK HER TO BRING THESE THINGS WITH HER FROM THE STORE SIX SPOONS OF FRESH SNOW PEAS FIVE THICK SLABS OF BLUE CHEESE AND MAYBE A SNACK FOR HER BROTHER BOB WE ALSO NEED A SMALL PLASTIC SNAKE AND A BIG TOY FROG FOR THE KIDS SHE CAN SCOOP THESE THINGS INTO THREE RED BAGS AND WE WILL GO MEET HER WEDNESDAY AT THE TRAIN STATION
dutch3.wav,PLEASE CALL STELLA ASK HER TO BRING THESE THINGS WITH HER FROM THE STORE SIX SPOONS OF FRESH SNOW PEAS FIVE THICK SLAPS OF BLUE CHEESE AND MAYBE A SNACK FOR A BROTHER BON WE ALSO NEED A SMALL PLASTIC SNAKE AND A BIG TOY FROG FOR THE KIDS SHE CAN SCOOP THESE THINGS INTO THREE RED BAGS AND WE WILL GO MEET HER WEDNESDAY AT THE TRAIN STATION
dutch30.wav,PLEASE CALL STELLA ASK HER TO BRING THESE THINGS WITH HER FROM THE STORE SIX SPOONS OF FRESH SNOW PEAS FIVE THICK SLABS OF BLUE CHEESE AND MAYBE A SNACK FOR HER BROTHER BOB WE ALSO NEED A SMALL PLASTIC SNAKE AND A BIG TOY FROG FOR THE KIDS SHE CAN SCOOP THESE THINGS INTO THREE RED BAGS AND WE WILL GO MEET HER WEDNESDAY AT THE TRAIN STATION
dutch31.wav,PLEASE CALL STELLA ASK HER TO BRING THESE THINGS WITH HER FROM THE STORE SIX SPOONS OF FRESH SNOW PEAS FIVE THICK SLAPS OF BLUE CHEESE AND MAYBE A SNACK FOR HER BROTHER BOB WE ALSO NEED A SMALL PLASTIC SNAKE AND A BIG TOY FROCK FOR THE KITS SHE CAN SCOOP THESE THINGS INTO THREE RED BAGS AND WE WILL GO MEET HER WEDNESDAY AT THE TRAIN STATION
dutch32.wav,PLEASE CALL STELLA ASK HER TO BRING THESE THINGS WITH HER FROM THE STORE SIX SCOONS OF FRESH SNOW PEAS FIVE THICK SLABS OF BLUE CHEESE AND MAYBE A SNACK FOR HER BROTHER BOB WE ALSO NEED A SMALL PLASTIC SNAKE AND A BIG TOY FROCK FOR THE KIDS SHE CAN SCOOP THESE THINGS INTO THREE RED BAGS AND WE WILL GO MEET HER WEDNESDAY AT THE TRAIN STATION
dutch33.wav,PLEASE CALL STELLA ASK HER TO BRING THESE THINGS WITH HER FROM THE STORE SIX SPOONS OF FRESH SNOW PEASE FIVE THICK SLABS OF BLUE CHEESE AND MAYBE A SNACK FOR HER BROTHER BOB WE ALSO NEED A SMALL PLASTIC SNAKE AND A BIG TOY FROCK FOR THE KIDS SHE CAN SCOOP THESE THINGS INTO THREE RED BAGS AND WE WILL GO MEET HER WEDNESDAY AT THE TRAIN STATION
dutch34.wav,PLEASE CALL STELLA ASK HER TO BRING THESE THINGS WITH HER FROM THE STORE SIX SPOONS OF FRESH SNOW PEAS FIVE THICK SLABS OF BLUE CHEESE AND MAYBE A SNACK FOR HER BROTHER BOB YOU ALSO NEED A SMALL PLASTIC SNAKE AND A BIG TOY FROK FOR THE KIDS SHE CAN SCOOP THESE THINGS INTO THREE RED BAGS AND WE WILL GO MEET HER WEDNESDAY AT THE TRAIN STATION
dutch35.wav,PLEASE CALL STELLA ASK HER TO BRING THESE THINGS WITH HER FROM THE STORE SIX SPOONS OF FRESH SNOW PEAS FIVE THICK SLABS OF BLUE CHEESE AND MAYBE A SNACK FOR HER BROTHER BOB WE ALSO NEED A SMALL PLASTIC SNAKE AND A BIG TOY FROG FOR THE KIDS SHE CAN SCOOP THESE THINGS INTO THREE RED BAGS AND WE WILL GO MEET HER WEDNESDAY AT THE TRAIN STATION
dutch36.wav,PLEASE CALL STELLA ASK HER TO BRING THESE THINGS WITH HER FROM THE STORE SIX SPOONS OF FRESH SNOW PEAS FIVE THICK SLABS OF BLUE CHEESE AND MAYBE A SNACK FOR HER BROTHER BOB WE ALSO NEED A SMALL PLASTIC SNAKE AND A PIG TOY FROK FOR THE KIDS SHE CAN SCOOP THESE THINGS INTO THREE RED BAGS AND WE WILL GO MEET HER WEDNESDAY AT THE TRAIN STATION
dutch37.wav,PLEASE CALL STELLA ASK HER TO BRING THESE THINGS WITH HER FROM THE STORE SIX SPOONS OF FRESH SNOW PEAS FIVE THICK SLABS OF BLUE CHEESE AND MAYBE A SNACK FOR HER BROTHER BOB WE ALSO NEED A SMALL PLASTIC SNAKE AND A BIG TOY FROCK FOR THE KIDS SHE CAN SCOOP THESE THINGS INTO THREE RED BAGS AND WE WILL GO MEET HER WEDNESDAY AT THE TRAIN STATION
dutch38.wav,PLEASE CALL STELLA ASK HER TO BRING THESE THINGS WITH HER FROM THE STORE SIX SPOONS OF FRESH SNOW PEAS FIVE THICK SLABS OF BLUE CHEESE AND MAYBE A SNACK FOR HER BROTHER BOB WE ALSO NEED A SMALL PLASTIC SNAKE AND A BIG TOY FROG FOR THE KIDS SHE CAN SCOOP THESE THINGS INTO THREE RED BAGS AND WE WILL GO MEET HER WEDNESDAY AT THE TRAIN STATION
dutch39.wav,PLEASE CALL STELLA ASK HER TO BRING THESE THINGS WITH HER FROM THE STORE SIX SPOONS OF FRESH SNOW PEAS FIVE THICK SLABS OF BLUE CHEESE AND MAYBE A SNACK FOR HER BROTHER BOB WE ALSO NEED A SMALL PLASTIC SNAKE AND A BIG TOY FROG FOR THE KIDS SHE CAN SCOOP THESE THINGS INTO THREE RED BAGS AND WE WILL GO MEET HER WEDNESDAY AT THE TRAIN STATION
dutch4.wav,PLEASE CALLE STELLA ASK HER TO BRING THESE THINGS WITH HER FROM THE STORE SIX SPOONS OF FRESH SNOW PIECE FIVE THICK SLABS F BLUE CHEESE AND MAYBE A SNACK FORHE BROTHER BOB WE ALSO NEED A SMALL PLASTIC SNAKE AND A BIG TOY FROCK FOR THE KIDS SHE CAN SCOOP THESE THINGS INTO THREE RED BAGS AND WE WILL GO MEET EN WEDNESDAY AT A TRAIN STATION
dutch40.wav,PLEASE CALL STELLA ASK HER TO BRING THESE THINGS WITH HER FROM THE STORE SIX SPOONS OF FRESH SNOW PEAS FIVE THICK SLABS OF BLUE CHEESE AND MAYBE A SNECK FOR HER BROTHER BOB WE ALSO NEED A SMALL PLASTIC SNAKE AND A BIG TOY FROG FOR THE KIDS SHE CAN SCOOP THESE THINGS INTO THREE RED BAGS AND WE WILL GO MEET HER WEDNESDAY AT THE TRAIN STATION
dutch41.wav,PLEASE CALL STELLA ASK HER TO BRING THESE THINGS WITH HER FROM THE STORE SIX SPOONS OF FRESH SNOW PIEC FIVE THICK SLAPS OF BLUE CHEESE AND MAYBE SNACK FOR BROTER BOB WE ALSO NEED A SMALL PLASTIC SNAKE AND A BIG TOY FROCK FOR THE KIDS SHE CAN SCOOP THE THINGS INTO THREE RED BAGS AND WE WILL GO MEET HER WEDNESEDAY AT THE TRAIN STATION
dutch42.wav,PLEASE CALL STELLA ASK HER TO BRING THESE THINGS WITH HER FROM THE STORE SIX SPOONS OF FRESH SNOW PEAS FIVE THICK SLABS OF BLUE CHEESE AND MAYBE A SNACK FOR HER BROTHER BOB WE ALSO NEED A SMALL PLASTIC SNAKE AND A BIG TOY FROG FOR THE KIDS SHE CAN SCROOP THESE THINGS INTO THREE RED BAGS AND WE WILL GO MEET HER WEDNESDAY AT THE TRAIN STATION
dutch43.wav,PLEASE CALL STELLA ASK HER TO BRING THESE THINGS WITH HER FROM THE STORE SIX SPOONS OF FRESH SNOW PEAS FIVE THICK SLABS OF BLUE CHEESE AND MAYBE A SNAK FOR HER BROTHER BOB WE ALSO NEED A SMALL PLASTIC SNAKE AND A BIG TOY FROCK FOR THE KIDS SHE CAN SCOPE THESE SCOOP THESE THINGS INTO THREE RED BAGS AND WE WILL GO MEET HER WEDNESDAY AT THE TRAIN STATION
dutch44.wav,PLEASE CALL STELLA ASK HER TO BRING THESE THINGS WITH HER FROM THE STORE SIX SPOONS OF FRESH SNOW PEAS FIVE THICK SLAPS OF BLUE CHEESE AND MAYBE A SNACK FOR HER BROTHER BOB WE ALSO NEED A SMALL PLASTIC SNAKE AND A BIG TOY FROCK FOR THE KIDS SHE CAN SCOOP THESE THINGS INTO THREE RED BAGS AND WE WILL GO MEET HER WEDNESDAY AT THE TRAIN STATION
dutch45.wav,PLEASE CALL STELLA ASK HER TO BRING THESE THINGS WITH HER FROM THE STORE SIX SPOONS OF FRESH SNOW PEAS FIVE THICK SLABS OF BLUE CHEESE AND MAYBE A SNACK FOR HER BROTHER BOB WE ALSO NEED A SMALL PLASTIC SNAKE AND A BIG TOY FROG FOR THE KIDS SHE CAN SCOOP THESE THINGS INTO THREE RET BAGS AND WE WILL GO MEET HER WEDNESDAY AT THE TRAIN STATION
dutch46.wav,PLEASE CALL STELLA ASK HER TO BRING THESE THINGS WITH HER FROM THE STORE SIX SPOONS OF FRESH SNOW PEAS FIVE THICK SLABS OF BLUE CHEESE AND MAYBE A SNECK FOR HER BROTHER BOB WE ALSO NEED A SMALL PLASTIC SNAKE AND THE BIG TOY FROG FOR THE KIDS SHE CAN SCOOP THESE THINGS INTO THREE RED BAGS AND WE WILL GO MEET HER WEDNESDAY AT THE TRAIN STATION
dutch47.wav,PLEASE CALL STELLA ASK HER TO BRING THESE THINGS WITH HER FROM THE STORE SIX SPOONS OF FRESH SNOW PEAS FIVE THICK SLABS OF BLUE CHEESE AND MAYBE A SNACK FOR HER BROTHER BOB WE ALSO NEED A SMALL PLASTIC SNAKE AND A BIG TOY FROG FOR THE KIDS SHE CAN SCOOP THESE THINGS INTO THREE RED BAGS AND WE WILL GO MEET HER WEDNESDAY AT THE TRAIN STATION
dutch5.wav,PLEASE CALL STELLA ASK HER TO BRING THESE THINGS WITH HER FROM THE STORE SIX SPOONFS OF FRESH SNOW PEAS FIVE THICK SLABS OF BLUE CHEESE AND MAYBE A SNACK FOR HER BROTHER BOB WE ALSO NEED A SMALL PLASTIC SNAKE AND A BIG TOY FROG FOR THE KIDS SHE CAN SCOOP THESE THINGS INTO THREE RED BAGS AND WE WILL GO MEET HER WEDNESDAY AT THE TRAIN STATION
dutch6.wav,PLEASE CALL STELLA ASK HER TO BRING THESE THINGS WITH HER FROM THE STORE SIX SPOONS OF FRESH SNOW PEAS FIVE THICK SLABS OF BLUE CHEESE AND MAYBE A SNACK FOR HER BROTHER BOB WE ALSO NEED A SMALL PLASTIC SNAKE AND A BIG TOY FROG FOR THE KIDS SHE CAN SCOOP THESE THINGS INTO THREE RED BAGS AND WE WILL O MEET HER WEDNESDAY AT THE TRAIN STATION
dutch7.wav,PLEASE CALL STELLA ASK HER TO BRING THESE THINGS WITH HER FROM THE STORE SIX SPOONS OF FRESH SNOW PEAS FIVE THICK SLAPS OF BLUE CHEESE AND MAYBE A SNECK FOR HER BROTHER BOB WE ALSO NEED A SMALL PLASTIC SNAKE AND A BIG TOY FROCK FOR THE KITS SHE CAN SCOPE SCOOP I'M SORRY SHE CAN SCOOP THESE THINGS INTO THREE RED BAGS AND WE'LL GO MEET HER WEDNESDAY AT THE TRAIN STATION
dutch8.wav,PLEASE CALL STELLA ASK HER TO BRING THESE THINGS WITH HER FROM THE STORE SIX SPOONS OF FRESH NOW PEAS FIVE THICK SLABS OF BLUE CHEESE AND MAYBE A SNACK FOR HER BROTHER BOB WE ALSO NEED A SMALL PLASTIC SNAKE AND A BIG TOY FROCK FOR THE KIDS SHE CAN SCOOP THESE THINGS INTO THREE RED BAGS AND WE WILL GO MEET HER WEDNESDAY AT THE TRAIN STATION
dutch9.wav,PLEASE CALL STELLA ASK HER TO BRING THESE THINGS WITH HER FROM THE STORE SIX SPOONS OF FRESH SNOW PEAS FIVE THICK SLAPS OF BLUE CHEESE AND MAYBE A SNACK FOR HER BROTHER BOB WE ALSO NEED A SMALL PLASTIC SNAKE AND A BIG TOY FROK FOR THE KIDS SHE CAN SCOOP THESE THINGS INTO THREE RED BAGS AND WE WILL GO MEET HER WEDNESDAY AT THE TRAIN STATION
ebira1.wav,TIS CALLS TETE ASKS HER TO BRING THESE TINS WIH HER FROM THE STORE SIX SPOONS OF FRESH NO PEASE FIVE TICK SLABS OF BLUE CHEESE AND MAYBE A SNACK FOR HER BROTHER BOB WE ALSO NEED A SMALL PLASTIC OF SNAKE WE ALSO NEED A SMALL PLASTIC SNAKE AND A BIG TOI FROG FOR THE KIDS SHE CAN SCOOP THESE TINS INTO THREE RED BAGS AND WI WE WILL GO MEET HER WEDNESDAY AT HER TRAINS AT THE TRAIN STATION
edo1.wav,PLEASE CALL STELLA ASK HER TO BRING THESE THINGS WITH HER WE HAVE FROM THE STORE SEA SPOONS OF FRESH SNOW PEAS FI TINK SLAP OF BLUE CHEESE AND MAYBE A SNUG FOR HER BROTER BULB WE ALSO NEED A SIMPLE SMALL PLASTIC SNUGS AND A BIG TOLL FROG FOR THE KEYS SHE CAN SCOOP THESE THINGS INTO THREE RED BAGS AND WE WILL GO GO MEET HER WEDNESDAY AT THE TRAIN STATION
english1.wav,PLEASE CALL STELLA ASK HER TO BRING THESE THINGS WITH HER FROM THE STORE SIX SPOONS OF FRESH SNOW PEAS FIVE THICK SLABS OF BLUE CHEESE AND MAYBE A SNACK FOR HER BROTHER BOB WE ALSO NEED A SMALL PLASTIC SNAKE AND A BIG TOY FROG FOR THE KIDS SHE CAN SCOOP THESE THINGS INTO THREE RED BAGS AND WE WILL GO MEET HER WEDNESDAY AT THE TRAIN STATION
english10.wav,PLEASE CALL STELLA ASK HER TO BRING THESE THINGS WITH HER FROM THE STORE SIX SPOONS OF FRESH SNOW PEAS FIVE THICK SLABS OF BLUE CHEESE AND MAYBE A SNACK FOR HER BROTHER BOB WE ALSO NEED A SMALL PLASTIC SNAKE AND A BIG TOY FROG FOR THE KIDS SHE WILL SCOOP THESE THINGS UP INTO THREE RED BAGS AND WE WILL GO MEET HER WEDNESDAY AT THE TRAIN STATION
english100.wav,PLEASE CALL STELLA ASK HER TO BRING THESE THINGS WITH HER FROM THE STORE SIX SPOONS OF FRESH SNOW PEAS FIVE THICK SLABS OF BLUE CHEESE AND MAYBE A SNACK FOR HER BROTHER BOB WE ALSO NEED A SMALL PLASTIC SNAKE AND A BIG TOR FROG FOR THE KIDS SHE CAN SCOOP THESE THINGS INTO THREE RED BAGS AND WE WILL GO MEET HER WEDNESDAY AT THE TRAIN STATION
english101.wav,PLEASE CALL STELLA ASK HER TO BRING THESE THINGS WITH HER FROM THE STORE SIX SPOONS OF FRESH SNOW PEAS FIVE THICK SLABS OF BLUE CHEESE AND MAYBE A SNACK FOR HER BROTHER BOB WE ALSO NEED A SMALL PLASTIC SNAKE AND A BIG TOY FROG FOR THE KIDS SHE CAN SCOOP THESE THINGS INTO THREE RED BAGS AND WE WILL GO MEET HER WEDNESDAY AT THE TRAIN STATION
english102.wav,PLEASE CALL STELLA ASK HER TO BRING THESE THINGS WITH HER FROM THE STORE SIX SPOONS OF FRESH SNOW PEAS FIVE THICK SLABS OF BLUE CHEESE AND MAYBE A SNACK FOR HER BROTHER BOB WE ALSO NEED A SMALL PLASTIC SNAKE AND A BIG TOY FROG FOR THE KIDS SHE CAN SCOOP THESE THINGS INTO THREE RED BAGS AND WE WILL GO MEET HER WEDNESDAY AT THE TRAIN STATION
english103.wav,PLEASE CALL STELLA ASK HER TO BRING THESE THINGS WITH HER FROM THE STORE SIX SPOONS OF FRESH SNOW PEAS FIVE THICK SLABS OF BLUE CHEESE AND MAYBE A SNACK FOR HER BROTHER BOB WE ALSO NEED A SMALL PLASTIC SNAKE AND A BIG TOY FROG FOR THE KIDS SHE CAN SCOOP THESE THINGS INTO THREE RED BAGS AND WE WILL GO MEET HER WEDNESDAY AT THE TRAIN STATION
english104.wav,PLEASE CALL STELLA ASK HER TO BRING THESE THINGS WITH HER FROM THE STORE SIX SPOONS OF FRESH SNOW PEAS FIVE THICK SLABS OF BLUE CHEESE AND MAYBE A SNACK FOR HER BROTHER BOB WE ALSO NEED A SMALL PLASTIC SNAKE AND A BIG TOY FROG FOR THE KIDS SHE CAN SCOOP THESE THINGS INTO THREE RED BAGS AND WE WILL GO MEET HER WEDNESDAY AT THE TRAIN STATION
english105.wav,PLEASE CALL STELLA ASK HER TO BRING THESE THINGS WITH HER FROM THE STORE SIX SPOONS OF FRESH SNOW PEAS FIVE THICK SLAMS OF BLUE CHEESE AND MAYBE A SNACK FOR HER BROTHER BOB WE ALSO NEED A SMALL PLASTIC SNAKE AND A BIG TOY FROG FOR THE KIDS SHE CAN SCOOP THESE THINGS INTO THREE RED BAGS AND WE WILL GO MEET HER WEDNESDAY AT THE TRAIN STATION
english106.wav,PLEASE CALL STELLA ASK HER TO BRING THESE THINGS WITH HER FROM THE STORE SIX SPOONS OF FRESH SNOW PEAS FIVE THICK SLABS OF BLUE CHEESE AND MAYBE A SNACK FOR HER BROTHER BOB WE ALSO NEED A SMALL PLASTIC SNAKE AND A BIG TOY FROG FOR THE KIDS SHE CAN SCOOP THESE THINGS INTO THREE RED BAGS AND WE WILL GO MEET HER WEDNESDAY AT THE TRAIN STATION
english107.wav,PLEASE CALL STELLA ASK HER TO BRING THESE THINGS WITH HER FROM THE STORE SIX SPOONS OF FRESH SNOW PEAS FIVE THICK SLABS OF BLUE CHEESE AND MAYBE A SNACK FOR HER RULLER BOB WE ALSO NEED A SMALL PLASTIC SNAKE AND A BIG TOY FROG FOR THE KIDS SHE CAN SCOOP THESE THINGS INTO THREE RED BAGS AND WE WILL GO MEET HER WEDNESDAY AT THE TRAIN STATION
english108.wav,PLEASE COTEA ASK HER TO BRING THESE THINGS WITH HER FROM THE STORE SIX SPOONS OF FRES NO PEAS FIVE THICKED SLABS OF BLUE CHEESE AND MAYBE A SNACK FOR A BOR BOB WEL ALSO NEED TO BRING A SMALL PLASTIC SNAKE AND A BIG TOY FROG FOR THE KIDS SHE CAN SCOOP THESE THINGS INTO THREE BEAD BAGS AND WE'LL GO MEET HER WANSTAY AT THE TRAIN STATION
english109.wav,PLEASE CALL STELLA ASK HER TO BRING THESE THINGS WITH HER FROM THE STORE SIX SPOONS OF FRESH SNOW PEAS FIVE THICK SLABS OF BLUE CHEESE AND MAYBE A SNACK FOR HER BROTHER BOB WE ALSO NEED A SMALL PLASTIC SNAKE AND A BIG TOY FROG FOR THE KIDS SHE CAN SCOOP THESE THINGS INTO THREE RED BAGS AND WE WILL GO MEET HER WEDNESDAY AT THE TRAIN STATION
english11.wav,PLEASE CALL STELLA ASK HER TO BRING THESE THINGS WITH HER FROM THE STORE SIX SPOONS OF FRESH SNOW PEAS FIVE THICK SLABS OF BLUE CHEESE AND MAYBE A SNACK FOR HER BROTHER BOB WE ALSO NEED A SMALL PLASTIC SNAKE AND A BIG TOY FROG FOR THE KIDS SHE CAN SCOOP THESE THINGS INTO THREE RED BAGS WE WILL GO MEET HER WEDNESDAY AT THE TRAIN STATION
english110.wav,PLEASE CALL STELLA ASK HER TO BRING THESE THINGS WITH HER FROM THE STORE SIX SPOONS OF FRESH SNOW PEAS FIVE THICK SLABS OF BLUE CHEESE AND MAYBE A SLACK FOR HER BROTHER BOB WE ALSO NEED A SMALL PLASTIC SNAKE AND A BIG TOY FROG FOR THE KIDS SHE CAN SCOOP THESE THINGS INTO THREE RED BAGS AND WE WILL GO MEET HER WEDNESDAY AT THE TRAIN STATION
english111.wav,PLEASE CALL STELLA ASK HER TO BRING THESE THINGS WITH HER FROM THE STORE SIX SPOONS OF FRESH SNOW PEAS FIVE THICK SLABS OF BLUE CHEESE AND MAYBE A SNACK FOR HER BROTHER BOB WE NEED A SMALL PLASTIC SNAKE AND A BIG TOY FROG FOR THE KIDS SHE CAN SCOOP THESE THINGS INTO THREE RED BAGS AND WE WILL GO MEET HER WEDNESDAY AT THE TRAIN STATION
english112.wav,PLEASE CALL STELLA ALL HERTO ASK HER TO BRING THESE THINGS WITH HER FROM THE STORE SIX SPOONS OF FRESH SNOW PEAS FIVE THICK SLABS OF BLUE CHEESE AND MAYBE A SNACK FOR HER BROTHER BOB WE ALSO NEED A SMALL PLASTIC SNAKE AND A BIG TOY FROG FOR THE KIDS SHE CAN SCOOP THESE THINGS INTO THREE RED BAGS AND WE WILL GO MEET HER WEDNESDAY AT THE TRAIN STATION
english113.wav,PLEASE CALL STELLA ASK HER TO BRING THESE THINGS WITH HER FROM THE STORE SIX SPOONS OF FRESH SNOW PEAS FIVE THICK SLABS OF BLUE CHEESE AND MAYBE A SNACK FOR HER BROTHER BOB WE ALSO NEED A SMALL PLASTIC SNAKE AND A BIG TOY FROG FOR THE KIDS SHE CAN SCROOP THESE THINGS INTO THREE RED BAGS AND WE WILL GO MEET HER WEDNESDAY AT THE TRAIN STATION
english114.wav,PLEASE CALL STELLA ASK HER TO BRING THESE THINGS WITH HER FROM THE STORE SIX SPOONS OF FRESH SNOW PEAS FIVE THICK SLABS OF BLUE CHEESE AND MAYBE A SNACK FOR HER BROTHER BOB WE ALSO NEED A SMALL PLASTIC SNAKE AND A BIG TOY FROG FOR THE KIDS SHE CAN SCOOP THESE THINGS INTO THREE RED BAGS AND WE'LL GO MEET HER WEDNESDAY AT THE TRAIN STATION
english115.wav,PLEASE CALL STELLA ASK HER TO BRING THESE THINGS FROM THE STORE SIX SPOONS OF FRESH SNOW PEAS FIVE THICK SLABS OF BLUE CHEESE AND MAYBE A SNACK FOR HER BROTHER BOB WE ALSO NEED A SMALL PLASTIC SNAKE AND A BIG TOY FROG FOR THE KIDS SHE CAN SCOOP THESE THINGS INTO THREE RED BAGS AND WE WILL GO MEET HER WEDNESDAY AT THE TRAIN STATION
english116.wav,PLEASE CALL STELLA ASK HER TO BRING THESE THINGS WITH HER FROM THE STORE SIX SPOONS OF FRESH SNOW PEAS FIVE THICK SLABS OF BLUE CHEESE AND MAYBE A SNAP FOR HER BROTHER BOB WE ALSO NEED A SMALL PLASTIC SNAKE AND A BIG TOY FROG FOR THE KIDS SHE CAN SCOOP THESE THINGS INTO THREE RED BAGS AND WE WILL GO MEET HER WEDNESDAY AT THE TRAIN STATION
english117.wav,PLEASE CALL STELLA ASK HER TO BRING THESE THINGS WITH HER FROM THE STORE SIX SPOONS OF FRESH SNOW PEAS FIVE THICK SLABS OF BLUE CHEESE AND MAYBE A SNAP FOR HER BROTHER BOB WE ALSO NEED A SMALL PLASTIC SNAKE AND A BIG TOY FROG FOR THE KIDS SHE CAN SCOOP THESE THINGS INTO THREE RED BAGS AND WE WILL GO MEET HER WEDNESDAY AT THE TRAIN STATION
english118.wav,PLEASE CALL STELLA ASK HER TO BRING THESE THINGS WITH HER FROM THE STORE SIX SPOONS OF FRESH SNOW PEAS FIVE THICK SLABS OF BLUE CHEESE AND MAYBE A SNACK FOR HER BROTHER BOB WE ALSO NEED A SMALL PLASTIC SNAKE AND A BIG TOY FROG FOR THE KIDS SHE CAN SCOOP THESE THINGS INTO THREE RED BAGS AND WE WILL GO MEET HER WEDNESDAY AT THE TRAIN STATION
english119.wav,PLEASE CALL STELLA ASK HER TO BRING THESE THINGS WITH HER FROM THE STORE SIX SPOONS OF FRESH SNOW PEAS FIVE THICK SLABS OF BLUE CHEESE AND MAYBE A SNACK FOR HER BROTHER BOB WE ALSO NEED A SMALL PLASTIC SNAKE AND A BIG TOY FROG FOR THE KIDS SHE CAN SCOOP THESE THINGS INTO THREE RED BAGS AND WE WILL GO MEET HER WEDNESDAY AT THE TRAIN STATION
english12.wav,PLEASE CALL STELLA ASK HER TO BRING THESE THINGS WITH HER FROM THE STORE SIX SPOONFUS OF FRESH SNOW PEAS FIVE THICK SLABS OF BLUE CHEESE AND MAYBE A SNACK FOR HER BROTHER BOB WE ALSO NEED A SMALL PLASTIC SNAKE AND A BIG TOY FROG FOR THE KIDS SHE CAN SCOOP THESE THINGS INTO THREE RED BAGS AND WE'LL GO AND WE WILL GO MEET HER ON WEDNESDAY AT THE TRAIN STATION
english120.wav,PLEASE CALL STELLA ASK HER TO BRING THESE THINGS WITH HER FROM THE STORE SIX SPOONS OF FRESH SNOW PEAS FIVE THICK SLABS OF BLUE CHEESE AND MAYBE A SNACK FOR HER BROTHER BOB WE ALSO NEED A SMALL PLASTIC SNAKE AND A BIG TOY FROG FOR THE KIDS SHE CAN SCOOP THESE THINGS INTO THREE RED BAGS AND WE WILL GO TO MEET HER WEDNESDAY AT THE TRAIN STATION
english121.wav,PLEASE CALL STELLA ASK HER TO BRING THESE THINGS WITH HER FROM THE STORE SIX SPOONS OF FRESH SNOW PEAS FIVE THICK SLABS OF BLUE CHEESE AND MAYBE A SNACK FOR HER BROTHER BOB WE ALSO NEED A SMALL PLASTIC SNAKE AND A BIG TOY FROG FOR THE KIDS SHE CAN SCOOP THESE THINGS INTO THREE RED BAGS AND WE WILL GO MEET HER WEDNESDAY AT THE TRAIN STATION
english122.wav,PLEASE CALL STELLA ASK HER TO BRING THESE THINGS WITH HER FROM THE STORE SIX SPOONS OF FRESH SNOW PEAS FIVE THICK SLABS OF BLUE CHEESE AND MAYBE A SNACK FOR HER BROTHER BOB WE ALSO NEED A SMALL PLASTIC SNAKE AND A BIG TOY FROG FOR THE KIDS SHE CAN SCOOP THESE THINGS INTO THREE RED BAGS AND WE WILL GO MEET HER WEDNESDAY AT THE TRAIN STATION
english123.wav,PLEASE CALL STELLA ASK HER TO BRING THESE THINGS WITH HER FROM THE STORE SIX SPOONS OF FRESH SNOW PEAS FIVE THICK SLABS OF BLUE CHEESE AND MAYBE A SNACK FOR HER BROTHER BOB WE ALSO NEED A SMALL PLASTIC SNAKE AND A BIG TOY FROG FOR THE KIDS SHE CAN SCOOP THESE THINGS INTO THREE RED BAGS AND WE WILL GO MEET HER WEDNESDAY AT THE TRAIN STATION
english124.wav,PLEASE CALL STELLA ASK HER TO BRING THESE THINGS WITH HER FROM THE STORE SIX SPOONS OF FRESH SNOW PEAS FIVE THICK SLABS OF BLUE CHEESE AND MAYBE A SNACK FOR HER BROTHER BOB WE ALSO NEED A SMALL PLASTIC SNAKE AND A BIG TOY FROG FOR THE KIDS SHE CAN SCOOP THESE THINGS INTO THREE RED BAGS AND WE WILL GO MEET HER WEDNESDAY AT THE TRAIN STATION
english125.wav,PLEASE CALL STELLA ASK HER TO BRING THESE THINGS WITH HER FROM THE STORE SIX SPOONS OF FRESH SNOW PEAS FIVE THICK SLABS OF BLUE CHEESE AND MAYBE A SNACK FOR HER BROTHER BOB WE ALSO NEED A SMALL PLASTIC SNAKE AND A BIG TOY FROG FOR THE KIDS SHE CAN SCOOP THESE THINGS INTO THREE RED BAGS AND WE WILL GO MEET HER WEDNESDAY AT THE TRAIN STATION
english126.wav,PLEASE CALL STELLA ASK HER TO BRING THESE THINGS WITH HER FROM THE STORE SIX SPOONS OF FRESH SNOW PEAS FIVE THICK SLABS OF BLUE CHEESE AND MAYBE A SNACK FOR HER BROTHER BOB WE ALSO NEED A SMALL PLASTIC SNAKE AND A BIG TOY FROG FOR THE KIDS SHE CAN SCOOP THESE THINGS INTO THREE RED BAGS AND WE WILL GO MEET HER WEDNESDAY AT THE TRAIN STATION
english127.wav,PLEASE CALL STELLA ASK HER TO BRING THESE THINGS WITH HER FROM THE STORE SIX SPOONS OF FRESH SNOW PEAS FIVE THICK SLABS OF BLUE CHEESE AND MAYBE A SNACK FOR HER BROTHER BOB WE ALSO NEED A SMALL PLASTIC SNAKE AND A BIG TOY FROG FOR THE KIDS SHE CAN SCOOP THESE THINGS INTO THREE RED BAGS AND WE WILL GO MEET HER WEDNESDAY AT THE TRAIN STATION
english128.wav,PLEASE CALL STELLA ASK HER TO BRING THESE THINGS WITH HER FROM THE STORE SIX SPOONS OF FRESH SNOW PEAS FIVE THICK SLABS OF BLUE CHEESE AND MAYBE A SNACK FOR HER BROTHER BOB WE ALSO NEED A SMALL PLASTIC SNAKE AND A BIG TOY FROG FOR THE KIDS SHE CAN SCOOP THESE THINGS INTO THREE RED BAGS AND WE WILL GO MEET HER WEDNESDAY AT THE TRAIN STATION
english129.wav,PLEASE CALL STELLA ASK HER TO BRING THESE THINGS WITH HER FROM THE STORE SIX SPOONS OF FRESH SNOW PEAS FIVE THICK SLABS OF BLUE CHEESE AND MAYBE A SNACK FOR A BROTER BOB WE ALSO NEED A SMALL PLASTIC SNAKE AND A BIG TOY FROG FOR THE KIDS SHE CAN SCOOP THESE THINGS INTO THREE RED BAGS AND WILL GO MEET ER WEDNESDAY AT THE TRAIN STATION
english13.wav,PLEASE CALL STELLA ASK HER TO BRING THESE THINGS WITH HER FROM THE STORE SIX SPOONS OF FRESH SNOW PEAS FIVE THICK SLABS OF BLUE CHEESE AND MAYBE A SNACK FOR HER BROTHER BOB WE ALSO NEED A SMALL PLASTIC SNAKE AND A BIG TOY FROG FOR THE KIDS SHE CAN SCOOP THESE THINGS INTO THREE RED BAGS AND WE WILL GO MEET HER ON WEDNESDAY AT THE TRAIN STATION
english130.wav,PLEASE CALL STELLA ASK HER TO BRING THESE THINGS WITH HER FROM THE STALL SIX SPOONS OF FRESH SNOW PEAS FIVE THICK SLABS OF BLUE CHEESE AND MAYBE A SNACK FOR HER BROTHER BOB WE ALSO NEED A SMALL PLASTIC SNAKE AND A BIG TOY FROG FOR THE KIDS SHE CAN SCOOP THESE THINGS INTO THREE RED BAGS AND WE WILL GO MEET HER WEDNESDAY AT THE TRAIN STATION
english131.wav,PLEASE CALL STELLA ASK HER TO BRING THESE THINGS WITH HER FROM THE STORE SIX SPOONS OF FRESH SNOW PEAS FIVE THICK SLABS OF BLUE CHEESE AND MAYBE A SNACK FOR HER BROTHER BOB WE ALSO NEED A SMALL PLASTIC SNAKE AND A BIG TOY FROG FOR THE KIDS SHE CAN SCOOP THESE THINGS INTO THREE RED BAGS AND WE WILL GO MEET HER WEDNESDAY AT THE TRAIN STATION
english132.wav,PLEASE CALL STELLA ASK HER TO BRING THESE THINGS WITH HER FROM THE STORE SIX SPOONS OF FRESH SNOW PEASE FIVE THICK SLABS OF BLUE CHEESE AND MAYBE A SNACK FOR HER BROTHER BOB WE ALSO NEED A SMALL PLASTIC SNAKE AND A BIG TOY FROG FOR THE KIDS SHE CAN SCOOP THESE THINGS INTO THREE RED BAGS AND WE WILL GO MEET HER WEDNESDAY AT THE TRAIN STATION
english133.wav,PLEASE CALL STELLA AND ASK HER TO BRING THESE THINGS WITH HER FROM THE STORE SIX SPOONS OF FRESH SNOW PEAS FIVE THICK SLABS OF BLUE CHEESE AND MAYBE A SNACK FOR HER BROTHER BOB WE WILL ALSO NEED A SMALL PLASTIC SNAKE AND A BIG TOY FROG FOR THE KIDS SHE CAN SCOOP THESE THINGS INTO THREE RED BAGS AND WE WILL GO MEET HER WEDNESDAY AT THE TRAIN STATION
english134.wav,PLEASE CALL STELLA ASK HER TO BRING THESE THINGS WITH HER FROM THE STORE SIX SPOONS OF FRESH SNOW PEAS FIVE THICK SLABS OF BLUE CHEESE AND MAYBE A SNACK FOR HER BROTHER BOB WE ALSO NEED A SMALL PLASTIC SNAKE AND A BIG TOY FROG FOR THE KIDS SHE CAN SCOOP THESE THINGS INTO THREE RED BAGS AND WE WILL GO METER WEDDNSDAY TO TRAIN STATION
english135.wav,PLEASE CALL STELLA ASK HER TO BRING THESE THINGS WITH HER FROM THE STORE SIX SPOONS OF FRESH SNOW PEAS FIVE THICK SLABS OF BLUE CHEESE AND MAYBE A SNACK FOR HER BROTHER BOB WE ALSO NEED A SMALL PLASTIC SNAKE AND A BIG TOY FROG FOR THE KIDS SHE CAN SCOOP THESE THINGS INTO THREE RED BAGS AND WE WILL GO MEET HER WEDNESDAY AT THE TRAIN STATION
english136.wav,PLEASE CALL STELLA ASK HER TO BRING THESE THINGS WITH HER FROM THE STORE SIX SPOONS OF FRESH SNOW PEAS FIVE THICK SLABS OF BLUE CHEESE AND MAYBE A SNACK FOR HER BROTHER BOB WE ALSO NEED A SMALL PLASTIC SNAKE AND A BIG TOY FROG FOR THE KIDS SHE CAN SCOOP THESE THINGS INTO THREE RED BAGS AND WE WILL GO MEET HER WEDNESDAY AT THE TRAIN STATION
english137.wav,PLEASE CALL STELLA ASK HER TO BRING THESE THINGS WITH HER FROM THE STORE SIX SPOONS OF FRESH SNOW PEAS FIVE THICK SLABS OF BLUE CHEESE AND MAYBE A SNACK FOR HER BROTHER BOB WE ALSO NEED A SMALL PLASTIC SNAKE AND A BIG TOY FROG FOR THE KIDS SHE CAN SCOOP THESE THINGS INTO THREE RED BAGS AND WE WILL GO MEET HER WEDNESDAY AT THE TRAIN STATION
english138.wav,PLEASE CALL STELLA ASK HER TO BRING THESE THINGS WITH HER FROM THE STORE SIX SPOONS OF FRESH SNOW PEAS FIVE THICK SLABS OF BLUE CHEESE AND MAYBE A SNACK FOR HER BROTHER BOB WE ALSO NEED A SMALL PLASTIC SNAKE AND A BIG TOY FROG FOR THE KIDS SHE CAN SCOOP THESE THINGS INTO THREE RED BAGS AND WE WILL GO MEET HER WEDNESDAY AT THE TRAIN STATION
english139.wav,PLEASE CALL STELLA ASK HER TO BRING THESE THINGS WITH HER FROM THE STORE SIX SPOONS OF FRESH SNOW PEAS FIVE THICK SLABS OF BLUE CHEESE AND MAYBE A SNACK FOR HER BROTHER BOB WE ALSO NEED A SMALL PLASTIC SNAKE AND A BIG TOY FROG FOR THE KIDS SHE CAN SCOOP THESE THINGS INTO THREE RED BAGS AND WE'LL GO MEET HER WEDNESDAY AT THE TRAIN STATION
english14.wav,PLEASE CALL STELLA ASK HER TO BRING THESE THINGS WITH HER FROM THE STORE SIX SPOONS OF FRESH SNOW PEAS FIVE THICK SLABS OF BLUE CHEESE AND MAYBE A SNACK FOR HER BROTHER BOB WE ALSO NEED A SMALL PLASTIC SNAKE AND A BIG TOY FROG FOR THE KIDS SHE CAN SCOOP THESE THINGS INTO THREE RED BAGS AND WE WILL GO TO MET ER WEDNS TO ET THE TRAIN STATION
english140.wav,PLEASE CALL STELLA ASK HER TO BRING THESE THINGS WITH HER FROM THE STORE SIX SPOONS OF FRESH SNOW PEAS FIVE THICK SLABS OF BLUE CHEESE AND MAYBE A SNACK FOR HER BROTHER BOB WE ALSO NEED A SMALL PLASTIC SNAKE AND A BIG TOY FROG FOR THE KIDS SHE CAN SCOOP THESE THINGS INTO THREE RED BAGS AND WE WILL GO MEET HER WEDNESDAY AT THE TRAIN STATION
english141.wav,PLEASE CALL STELLA ASK HER TO BRING THESE THINGS WITH HER FROM STAR SIX SPOONS OF FRESH SNOW PEAS FIVE THICK SLABS OF BLUE CHEESE AND MAYBE A SNACK FOR HER BROTHER BOB WE ALSO NEED A SMALL PLASTIC SNAKE AND A BIG TOY FROG FOR H KIDS E SHE CAN SCOOP THESE THINGS INTO THREE RED BAGS AND WE'LL GO MEAT A WEDNESDAY AT STATION
english142.wav,PLEASE CALL STELLA ASK HER TO BRING THESE THINGS WITH HER FROM THE STORE SIX SPOONS OF FRESH SNOW PEAS FIVE THICK SLABS OF BLUE CHEESE AND MAYBE A SNACK FOR HER BROTHER BOB WE ALSO NED A SMALL PLASTIC SNAKE AND A BIG TOY FROG FOR THE KIDS SHE CAN SCOOP THESE THINGS INTO THREE RED BAGS AND WE WILL GO MEET HER WEDNESDAY AT THE TRAIN STATION
english143.wav,PLEASE CALL STELLA ASK HER TO BRING THESE THINGS WITH HER FROM THE STORE SIX SPOONS OF FRESH SNOW PEAS FIVE THICK SLABS OF BLUE CHEESE AND MAYBE A SNACK FOR HER BROTHER BOB WE ALSO NEED A SMALL PLASTIC SNAKE AND A BIG TOY FROG FOR THE KIDS SHE CAN SCOOP THESE THINGS INTO THREE RED BAGS AND WE WILL GO MEET HER WEDNESDAY AT THE TRAIN STATION
english144.wav,PLEASE CALL STELLA ASK HER TO BRING THESE THINGS WITH HER FROM THE STORE SIX SPOONS OF FRESH SNOW PEAS FIVE THICK SLABS OF BLUE CHEESE AND MAYBE A SNACK FOR HER BROTHER BOB WE ALSO NEED A SMALL PLASTIC SNAKE AND A BIG TOY FROG FOR THE KIDS SHE CAN SCOOP THESE THINGS INTO THREE RED BAGS AND WE WILL GO MEET HER WEDNESDAY AT THE TRAIN STATION
english145.wav,PLEASE CALL STELLA ASK HER TO BRING THESE THINGS WITH HER FROM THE STORE SIX SPOONS OF FRESH SNOW PEAS FIVE THICK SLABS OF BLUE CHEESE AND MAYBE A SNACK FOR HER BROTHER BOB WE WILL ALSO NEED A SMALL PLASTIC SNAKE AND A BIG TOY FROG FOR THE KIDS SHE CAN SCOOP THESE THINGS INTO THREE RED BAGS AND WE WILL GO MEET HER WEDNESDAY AT THE TRAIN STATION
english146.wav,PLEASE CALL STELLA ASK HER TO BRING THESE THINGS WITH HER FROM THE STORE SIX SPOONS OF FRESH SNOW PEAS FIVE THICK SLABS OF BLUE CHEESE AND MAYBE A SNAKE FOR HER BROTHER BOB WE ALSO NEED A SMALL PLASTIC SNAKE AND A BIG TOY FROG FOR THE KIDS SHE CAN SCOOP THESE THINGS INTO THREE RED BAGS AND WE WILL GO MEET HER WEDNESDAY AT THE TRAIN STATION
english147.wav,PLEASE CALL STELLA ASK HER TO BRING THESE THINGS WITH HER FROM THE STORE SIX SPOONS OF FRESH SNOW PEAS FIVE THICK SLABS OF BLUE CHEESE AND MAYBE A SNACK FOR HER BROTHER BOB WE ALSO NEED A SMALL PLASTIC SNAKE AND A BIG TOY FROG FOR THE KIDS SHE CAN SCOOP THESE THINGS INTO THREE RED BAGS AND WE WILL GO MEET HER WEDNESDAY AT THE TRAIN STATION
english148.wav,PLEASE CALL STELLA ASK HER TO BRING THESE THINGS WITH HER FROM THE STORE SIX SPOONS OF FRESH SNOW PEAS FIVE THICK SLABS OF BLUE CHEESE AND MAYBE A SNACK FOR HER BROTHER BOB WE ALSO NEED A SMALL PLASTIC SNAKE AND A BIG TOY FROG FOR THE KIDS SHE CAN SCOOP THESE THINGS INTO THREE RED BAGS AND WE WILL GO MEET HER WEDNESDAY AT THE TRAIN STATION
english149.wav,PLEASE CALL STELLA AST HER TO BRING THESE THINGS WITH HER FROM THE STORE SIX SPOONS OF FRESH SNOW PEAS FIVE THICK SLABS OF BLUE CHEESE AND MAYBE A SNACK FOR HER BROTHER BOB WE ALSO NED A SMALL PLASTIC SNAKE AND A BIG TOY FROG FOR THE KIDS SHE CAN SCOOP THESE THINGS INTO THREE RED BAGS AND WE WILL GO MEET HER WEDNESDAY AT THE TRAIN STATION
english15.wav,PLEASE CALL STELLA ASK HER TO BRING THESE THINGS FROM HER WITH HER FROM THE STORE SIX SPONS OF FRESH SNOW PAS FIVE THICK SLADS OF BLUE CHEESE AND MAYBE A SNIKE FOR HER BROTHER BOB WE ALSO NEED A SMALL PLASTIC SNIKE AND A BIG TOY FROM HER FOR THE KIDS SHE CAN SCOOP THESE THINGS INTO THREE RED BAGS AND WE WILL GO MEET HER WEN STAY AT THE TRAIN STATION
english150.wav,PLEASE CALL STELLA ASK HER TO BRING THESE THINGS WITH HER FROM THE STORE SIX SPOONS OF FRESH SNOW PEAS FIVE THICK SLABS OF BLUE CHEESE AND MAYBE A SNACK FOR HER BROTHER BOB WE ALSO NEED A SMALL PLASTIC SNAKE AND A BIG TOY FROG FOR THE KIDS SHE CAN SCOOP THESE THINGS INTO THREE RED BAGS AND WE WILL GO MEET HER WEDNESDAY AT THE TRAIN STATION
english151.wav,PLEASE CALL STELLA ASK HER TO BRING THESE THINGS WITH HER FROM THE STORE SIX SPOONS OF FRESH SNOW PEAS FIVE THICK SLABS OF BLUE CHEESE AND MAYBE A SNACP FOR HER BROTHER BOB WE ALSO NEED A SMALL PLASTIC SNAKE AND A BIG TOY FROG FOR THE KIDS SHE CAN SCOOP THESE THINGS IN TO THREE READ BAGS AND WE WILL GO MEET HER WEDNESDAY AT THE TRAIN STATION
english152.wav,PLEASE CALL STELLA ASK HER TO BRING THESE THINGS WITH HER FROM THE STORE SIX SPOONS OF FRESH SNOW PEAS FIVE THICK SLABS OF BLUE CHEESE AND MAYBE A SNACK FOR HER BROTHER BOB WE ALSO NEED A SMALL PLASTIC SNAKE AND A BIG TOY FROG FOR THE KIDS SHE CAN SCOOP THESE THINGS INTO THREE RED BAGS AND WE WILL GO AND MEET HER WEDNESDAY AT THE TRAIN STATION
english153.wav,PLEASE CALL STELLA ASK HER TO BRING THESE THINGS WITH HER FROM THE STOOL SIX SPOONS OF FRESH SNOW PEAS FIVE THICK SLABS OF BLUE CHEESE AND MAYBE A SNAKE FOR HER BROTHER BOB WE ALSO NEED A SMALL PLASTIC SNAKE AND A BIG TOY FROG FOR THE KIDS SHE CAN SCOOP THESE THINGS INTO THREE RED BAGS AND WE WILL GO MEET HER WEDNESDAY AT THE TRAIN STATION
english154.wav,PLEASE CALL STELLA ASK HER TO BRING THESE THINGS WITH HER FROM THE STORE SIX SPOONS OF FRESH SNOW PEAS FIVE SIX LAMBS OF BLUE CHEESE AND MAYBE A SNACK FOR HER BROTHER BOB WE ALSO NEED A SMALL PLASTIC SNAKE AND A BIG TOY FROG FOR THE KIDS SHE CAN SCOOP THESE THINGS INTO THREE RED BAGS AND WE'LL GO MEET HER WEDNESDAY AT THE TRAIN STATION
english155.wav,PLEASE CALL STELLA ASK HER TO BRING THESE THINGS WITH HER FROM THE STORE SIX SPOONS OF FRESH SNOW PEAS FIVE THICK SLABS OF BLUE CHEESE AND MAYBE A SNACK FOR HER BROTHER BOB WE ALSO NEED A SMALL PLASTIC SNAKE AND A BIG TOY FROG FOR THE KIDS SHE CAN SCOOP THESE THINGS INTO THREE RED BAGS AND WE WILL GO MEET HER WEDNESDAY AT THE TRAIN STATION
english156.wav,PLEASE CALL STELLA ASK HER TO BRING THESE THINGS WITH HER FROM THE STORE SIX SPOONS OF FRESH SNOW PEAS FIVE THICK SLABS OF BLUE CHEESE AND MAYBE A SNACK FOR HER BROTHER BOB WE ALSO NEED A SMALL PLASTIC SNAKE AND A BIG TOY FROG FOR THE KIDS SHE CAN SCOOP THESE THINGS INTO THREE RED BAGS AND WE WILL GO TO MEET HER WEDNESDAY AT THE TRAIN STATION
english157.wav,PLEASE CALL STELLA ASK HER TO BRING THESE THINGS WITH HER FROM THE STORE SIX SPOONS OF FRESH SNOW PEAS FIVE THICK SLABS OF BLUE CHEESE AND MAYBE A SNACK FOR HER BROTHER BOB WE ALS NEED A SMALL PLASTIC SNAKE AND A BIG TOY FROG FOR THE KIDS SHE CAN SCOOP THESE THINGS INTO THREE RED BAGS AND WE WILLO MEET HER WEDNESDAY AT THE TRAIN STATION
english158.wav,PLEASE CALL STELLA ASK HER TO BRING THESE THINGS WITH HER FROM THE STORE SIX SPOONS OF FRESH SNOW PEAS FIVE THICK SLABS OF BLUE CHEESE AND MAYBE A SNACK FOR HER BROTHER BOB WE ALSO NEED A SMALL PLASTIC SNAKE AND A BIG TOY FROG FOR THE KIDS SHE CAN SCOOP THESE THINGS INTO THREE RED BAGS AND WE WILL GO MEET HER WEDNESDAY AT THE TRAIN STATION
english159.wav,PLEASE CALL STELLA ASK HER TO BRING THESE THINGS WITH HER FROM THE STORE SIX SPOONS OF FRESH SNOW PEASE FIVE THICK SLABS OF BLUE CHEESE AND MAYBE A SNACK FOR HER BROTHER BOB WE ALSO NEED A SMALL PLASTIC SNAKE AND A BIG TOY FROG FOR THE KIDS SHE CAN SCOOP THESE THINGS INTO THREE RED BAGS AND WE WILL GO MEET HER WEDNESDAY AT THE TRAIN STATION
english16.wav,PLEASE CALL STELLA ASK HER TO BRING THESE THINGS WITH HER FROM THE STORE SIX SPOONS OF FRESH SNOW PEAS FIVE THICK SLABS OF BLUE CHEESE AND MAYBE A SNACK FOR HER BROTHER BOB WE ALSO NEED A SMALL PLASTIC SNAKE OR A BIG TOY FROG FOR THE KIDS SHE CAN SCOOP THESE THINGS INTO THREE RED BAGS WE WILL GO MEET HER WEDNESDAY AT THE TRAIN STATION
english160.wav,PLEASE CALL STELLA ASK HER TO BRING THESE THINGS WITH HER FROM THE STORE SIX SPOONS OF FRESH SNOW PEAS FIVE THICK SLABS OF BLUE CHEESE AND MAYBE A SNACK FOR HER BROTHER BOB WE ALSO NEED A SMALL PLASTIC SNAKE AND A BIG TOY FROG FOR THE KIDS SHE CAN SCOOP THESE THINGS INTO THREE RED BAGS AND WE WILL GO MEET HER WEDNESDAY AT THE TRAIN STATION
english161.wav,PLEASE CALL STELLA ASK HER TO BRING THESE THINGS WITH HER FROM THE STORE SIX SPOONS OF FRESH SNOW PEAS FIVE THICK SLABS OF BLUE CHEESE AND MAYBE A SNACK FOR HER BROTHER BOB WE ALSO NEED A SMALL PLASTIC SNAKE AND A BIG TOY FROG FOR THE KIDS SHE CAN SCOOP THESE THINGS INTO THREE RED BAGS AND WE WILL GO MEET HER WEDNESDAY AT THE TRAIN STATION
english162.wav,PLEASE CALL STELLA ASK HER TO BRING THESE THINGS WITH HER FROM THE STORE SIX SPOONS OF FRESH SNOW PEAS FIVE THICK SLABS OF BLUE CHEESE AND MAYBE A SNACK FOR HER BROTHER BOB WE ALSO NEED A SMALL PLASTIC SNAKE AND A BIG TOY FROG FOR THE KIDS SHE CAN SCOOP THESE THINGS INTO THREE RED BAGS AND WE WILL GO MEET HER WEDNESDAY AT THE TRAIN STATION
english163.wav,PLEASE CALL STELLA ASK HER TO BRING THESE THINGS WITH HER FROM THE STORE SIX SPOONS OF FRESH SNOW PEAS FIVE THICK SLABS OF BLUE CHEESE AND MAYBE A SNACK FOR HER BROTHER BOB WE ALSO NEED A SMALL PLASTIC SNAKE AND A BIG TOY FROG FOR THE KIDS SHE CAN SCOOP THESE THINGS INTO THREE RED BAGS AND WE WILL GO MEET HER WEDNESDAY AT THE TRAIN STATION
english164.wav,PLEASE CALL STELLA ASK HER TO BRING THESE THINGS WITH HER FROM THE STORE SIX SPOONFULS OF FRESH SNOW PEAS FIVE THICK SLABS OF BLUE CHEESE AND MAYBE A SNACK FOR HER BROTHER BOB WE ALSO NEED A SMALL PLASTIC SNAKE AND A BIG TOY FROG FOR TE FOR THE KIDS SHE CAN SCOOP THESE THINGS INTO THREE RED BAGS AND AND WE WILL GO MEET HER WEDNESDAY AT THE TRAIN STATION
english165.wav,PLEASE CALL STELLA ASK HER TO BRING THESE THINGS WITH HER FROM THE STORE SIX SPOONS OF FRESH SNOW PEAS FIVE THICK SLABS OF BLUE CHEESE AND MAYBE A SNACK FOR HER BROTHER BOB WE ALSO NEED A SMALL PLASTIC SNAKE AND A BIG TOY FROG FOR THE KIDS SHE CAN SCOOP THESE THINGS INTO THREE RED BAGS AND WE WILL GO MEET HER WEDNESDAY AT THE TRAIN STATION
english166.wav,PLEASE CALL STELLA ASK HER TO BRING THESE THINGS WITH HER FROM THE STORE SIX SPOONS OF FRESH SNOW PEAS FIVE THICK SLABS OF BLUE CHEESE AND MAYBE A SNACK FOR HER BROTHER BOB WE ALSO NEED A SMALL PLASTIC SNAKE AND A BIG TOY FROG FOR THE KIDS SHE CAN SCOOP THESE THINGS INTO THREE RED BAGS AND WE WILL GO MEET HER WEDNESDAY AT THE TRAIN STATION
english167.wav,PLEASE CALL STELLA ASK HER TO BRING THESE THINGS WITH HER FROM THE STORE SIX SPOONS OF FRESH SNOW PEAS FIVE THICK SLABS OF BLUE CHEESE AND MAYBE A SNACK FOR HER BROTHER BOB WE ALSO NEED A SMALL PLASSIC SNAKE AND A BIG TOY FROG FOR THE KIDS SHE CAN SCOOP THESE THINGS INTO THREE RED BAGS AND WE WILL GO MEET ER WEDNESDAY AT THE TRAIN STATION
english168.wav,PLEASE CALL STELLA ASK HER TO BRING THESE THINGS WITH HER FROM THE STORE SIX SPOONS OF FRESH SNOW PEAS FIVE THICK SLABS OF BLUE CHEESE AND MAYBE A SNACK FOR HER BROTHER BOB WE ALSO NEED A SMALL PLASTIC SNAKE AND A BIG TOY FROG FOR THE KIDS SHE CAN SCOOP THESE THINGS INTO THREE RED BAGS AND WE WILL GO MEET HER WEDNESDAY AT THE TRAIN STATION
english169.wav,PLEASE CALL STELLA ASK HER TO BRING THESE THINGS WITH HER FROM THE STORE SIX SPOONS OF FRESH SNOW PEAS FIVE THICK SLABS OF BLUE CHEESE AND MAYBE A SNACK FOR HER BROTHER BOB WE ALSO NEED A SMALL PLASTIC SNAKE AND A BIG TOY FROG FOR THE KIDS SHE CAN SCOOP THESE THINGS INTO THREE RED BAGS AND WE WILL MEET HER WEDNESDAY AT THE TRAIN STATION
english17.wav,PLEASE CALL STELLA ASK HER TO BRING THOSE THINGS WITH HER FROM THE STORE SIX SPOONS OF FRESH SNOW PEAS FIVE THICK SLABS OF BLUE CHEESE AND MAYBE A SNACK FOR HER BROTHER BOB WE ALSO NEED A SMALL PLASTIC SNAKE AND A BIG TOY FROG FOR THE KIDS SHE CAN SCOOP THESE THINGS INTO THREE RED BAGS AND WE WILL GO GO MEET HER WEDNESDAY AT THE TRAIN STATION
english170.wav,PLEASE CALL STELLA ASK HER TO BRING THESE THINGS WITH HER FROM THE STORE SIX SPOONS OF FRESH SNOW PEAS FIVE THICK SLABS OF BLUE CHEESE AND MAYBE A SNACK FOR HER BROTHER BOB WE ALSO NEED A SMALL PLASTIC SNAKE AND A BIG TOY FROG FOR THE KIDS SHE CAN SCOOP THESE THINGS INTO THREE RED BAGS AND WE WILL GO MEET HER WEDNESDAY AT THE TRAIN STATION
english171.wav,PLEASE CALL STELLA ASK HER TO BRING THESE THINGS WITH HER FROM THE STORE SIX SPOONS OF FRESH SNOW PEAS FIVE THICK SLABS OF BLUE CHEESE AND MAYBE A SNACK FOR HER BROTHER BOB WE ALSO NEED A SMALL PLASTIC SNAKE AND A BIG TOY FROG FOR THE KIDS SHE CAN SCOOP THESE THINGS INTO THREE RED BAGS AND WE WILL GO MEET HER WEDNESDAY AT THE TRAIN STATION
english172.wav,PLEASE CALL STELLA ASK HER TO BRING THESE THINGS WITH HER FROM THE STORE SIX SPOONS OF FRESH SNOW PEAS FIVE THICK SLABS OF BLUE CHEESE AND MAYBE A SNACK FOR HER BROTHER BOB WE ALSO NEED A SMALL PLASTIC SNAKE AND A BIG TOY FROG FOR THE KIDS SHE CAN SCOOP THESE THINGS INTO THREE RED BAGS AND WE WILL GO AN MEET HER WEDNESDAY AT THE TRAIN STATION
english173.wav,PLEASE CALL STELLA ASK HER TO BRING THESE THINGS WITH HER FROM THE STORE SIX SPOONS OF FRESH SNOW PEAS FIVE THICK SLABS OF BLUE CHEESE AND MAYBE A SNACK FOR HER BROTHER BOB WE ALSO NEED A SMALL PLASTIC SNAKE AND A BIG TOY FROG FOR THE KIDS SHE CAN SCOOP THESE THINGS INTO THREE RED BAGS AND WE'LL GO MEET HER WEDNESDAY AT THE TRAIN STATION
english174.wav,PLEASE CALL STELLA ASK HER TO BRING THESE THINGS WITH HER FROM THE STORE SIX SPOONS OF FRESH SNOW PEAS FIVE THICK SLABS OF BLUE CHEESE AND MAYBE A SNACK FOR HER BROTHER BOB WE ALSO NEED A SMALL PLASTIC SNAKE AND A BIG TOY FROG FOR THE KIDS SHE CAN SCOOP THESE THINGS INTO THREE RED BAGS AND WE WILL GO MEET HER WEDNESDAY AT THE TRAIN STATION
english175.wav,PLEASE CALL STELLA ASK HER TO BRING THESE THINGS WITH HER FROM THE STORE SIX SPOONS OF FRESH SNOW PEAS FIVE THICK SLABS OF BLUE CHEESE AND MAYBE A SNACK FOR HER BROTHER BOB WE ALSO NEED A SMALL PLASTIC SNAKE AND A BIG TOY FROG FOR THE KIDS SHE CAN SCOOP THESE THINGS INTO THREE RED BAGS AND WE WILL GO MEET HER ON WEDNESDAY AT THE TRAIN STATION
english176.wav,PLEASE CALL STELLA ASK HER TO BRING THESE THINGS WITH HER FROM THE STORE SIX SPOONS OF FRESH SNOW PEAS FIVE THICK SLABS OF BLUE CHEESE AND MAYBE A SNACK FOR HER BROTHER BOB WE ALSO NEED A SMALL PLASTIC SNAKE AND A BIG TOY FROG FOR THE KIDS SHE CAN SCOOP THESE THINGS INTO THREE RED BAGS AND WE WILL GO MEET HER ON WEDNESDAY AT THE TRAIN STATION
english177.wav,PLEASE CALL STELLA ASK HER TO BRING THESE THINGS WITH HER FROM THE STORE SIX SPOONS OF FRESH SNOW PEAS FIVE THICK SLABS OF BLUE CHEESE AND MAYBE A SNACK FOR HER BROTHER BOB WE ALSO NEED A SMALL PLASTIC SNAKE AND A BIG TOY FROG FOR THE KIDS SHE CAN SCOOP THESE THINGS INTO THREE RED BAGS AND WE WILL GO MEET HER WEDNESDAY AT THE TRAIN STATION
english178.wav,PLEASE CALL STELLA ASK HER TO BRING THESE THINGS WITH HER FROM THE STORE SIX SPOONS OF FRESH SNOW PEAS FIVE THICK SLABS OF BLUE CHEESE AND MAYBE A SNACK FOR HER BROTHER BOB WE ALSO NEED A SMALL PLASTIC SNAKE AND A BIG TOY FROG FOR THE KIDS SHE CAN SCOOP THESE THINGS INTO THREE RED BAGS AND WE WILL GO MEET HER WEDNESDAY AT THE TRAIN STATION
english179.wav,PLEASE CALL STELLA ASK HER TO BRING THESE THINGS WITH HER FROM THE STORE SIX SPOONS OF FRESH SNOW PEAS FIVE THICK SLABS OF BLUE CHEESE AND MAYBE A SNACK FOR HER BROTHER BOB WE ALSO NEED A SMALL PLASTIC SNAKE AND A BIG TOY FROG FOR THE KIDS SHE CAN SCOOP THESE THINGS INTO THREE RED BAGS AND WE WILL GO MEET HER WEDNESDAY AT THE TRAIN STATION
english18.wav,PLEASE CALL STELLA ASK HER TO BRING THESE THINGS WITH HER FROM THE STORE SIX SPOONS OF FRESH SNOW PEAS FIVE THICK SLABS OF BLUE CHEESE AND MAYBE A SNACK FOR HER BROTHER BOB WE ALSO NEED A SMALL PLASTIC SNAKE AND A BIG TOY FROG FOR THE KIDS SHE CAN SCOOP THESE THINGS INTO THREE RED BAGS AND WE WILL GO MEET HER WEDNESDAY AT THE TRAIN STATION
english180.wav,PLEASE CALL STELLA ASK HER TO BRING THESE THINGS WITH HER FROM THE STORE SIX SPOONS OF FRESH SNOW PEAS FIVE THICK SLABS OF BLUE CHEESE AND MAYBE A SNACK FOR HER BROTHER BOB WE ALSO NEED A SMALL PLASTIC SNAKE AND A BIG TOY FROG FOR THE KIDS SHE CAN SCOOP THESE THINGS INTO THREE RED BAGS AND WE WILL GO MEET HER WEDNESDAY AT THE TRAIN STATION
english181.wav,PLEASE CALL STELLA ASK HER TO BRING THESE THINGS WITH HER FROM THE STORE SIX SPOONS OF FRESH SNOW PEAS FIVE THICK SLABS OF BLUE CHEESE AND MAYBE A SNACK FOR HER BROTHER BOB WE ALSO NEED A SMALL PLASTIC SNAKE AND A BIG TOY FROG FOR THE KIDS SHE CAN SCOOP THESE THINGS INTO THREE RED BAGS AND WE WILL GO MEET HER WEDNESDAY AT THE TRAIN STATION
english182.wav,PLEASE CALL STELLA ASK HER TO BRING THESE THINGS WITH HER FROM THE STORE SIX SPOONS OF FRESH SNOW PEAS FIVE THICK SLABS OF BLUE CHEESE AND MAYBE A SNACK FOR HER BROTHER BOB WE ALSO NEED A SMALL PLASTIC SNAKE AND A BIG TOY FROG FOR THE KIDS SHE CAN SCOOP THESE THINGS INTO THREE RED BAGS AND WE WILL GO MEET HER WEDNESDAY AT THE TRAIN STATION
english183.wav,PLEASE CALL STELLA ASK HER TO BRING THESE THINGS WITH HER FROM THE STORE SIX SPOONS OF FRESH SNOW PEAS FIVE THICK SLABS OF BLUE CHEESE AND MAYBE A SNACK FOR HER BROTHER BOB WE ALSO NEED A SMALL PLASTIC SNAKE AND A BIG TOY FROG FOR THE KIDS SHE CAN SCOOP THESE THINGS INTO THREE RED BAGS AND WE'LL GO ME MEET HER WEDNESDAY AT THE TRAIN STATION
english184.wav,PLEASE CALL STELLA ASK HER TO BRING THESE THINGS WITH HER FROM THE STORE SIX SPOONS OF FRESH SNOW PEAS FIVE THICK SLABS OF BLUE CHEESE AND MAYBE A SNACK FOR HER BROTHER BOB WE ALSO NEED A SMALL PLASTIC SNAKE AND A BIG TOY FROG FOR THE KIDS SHE CAN SCOOP THESE THINGS INTO THREE RED BAGS AND WE WILL GO MEET HER WEDNESDAY AT THE TRAIN STATION
english185.wav,PLEASE CALL STELLA ASK HER TO BRING THESE THINGS WITH HER FROM THE STORE SIX SPOONS OF FRESH SNOW PEAS FIVE THICK SLABS OF BLUE CHEESE AND MAYBE A SNACK FOR HER BROTHER BOB WE ALSO NEED A SMALL PLASTIC SNAKE AND A BIG TOY FROG FOR THE KIDS SHE CAN SCOOP THESE THINGS INTO THREE RED BAGS AND WE WILL GO MEET HER WEDNESDAY AT THE TRAIN STATION
english186.wav,PLEASE CALL STELLA ASK HER TO BRING THESE THINGS WITH HER FROM THE STORE SIX SPOONS OF FRESH SNOW PIECE FIVE THICK SLABS OF BLUE CHEESE AND MAYBE A SNACK FOR HER BROTHER BOB WE ALSO NEED A SMALL PLASTIC SNAKE AND A BIG TOY FROG FOR THE KIDS SHE CAN SCOOP THESE THINGS INTO THREE RED BAGS AND WE WILL GO TO MEET HER WEDNESDAY AT THE TRAIN STATION
english187.wav,PLEASE CALL STELLA ASK HER TO BRING THESE THINGS WITH HER FROM THE STORE SIX SPOONS OF FRESH SNOW PEAS FIVE THICK SLABS OF BLUE CHEESE AND MAYBE A SNACK FOR HER BROTHER BOB WE ALSO NEED A SMALL PLASTIC SNAKE AND A BIG TOY FROG FOR THE KIDS SHE CAN SCOOP THESE THINGS INTO THREE RED BAGS AND WE WILL GO MEET HER WEDNESDAY AT THE TRAIN STATION
english188.wav,PLEASE CALL STELLA ASK HER TO BRING THESE THINGS WITH HER FROM THE STORE SIX SPOONS OF FRESH SNOW PEAS FIVE THICK SLABS OF BOY CHEESE AND MAYBE A SNACK FOR HER BROTHER BOB WE ALSO NEED A SMALL PLASTIC SNAKE AND A BIG TOY FROG FOR THE KIDS SHE CAN SCOOP THESE THINGS INTO THREE RED BAGS AND WE WILL GO TO MEET HER WEDNESDAY AT THE TRAIN STATION
english189.wav,PLEASE CALL STELLA ASK HER TO BRING THESE THINGS WITH HER FROM THE STORE SIX SPOONS OF FRESH SNOW PEASE FIVE THICK SLABS OF BLUE CHEESE AND MAYBE A SNACK FOR HER BROTHER BOB WE ALSO NEED A SMALL PLASTIC SNAKE AND A BIG TOY FROG FOR THE KIDS SHE CAN SCOOP THESE THINGS INTO THREE RED BAGS AND WE WILL GO MEET HER WEDNESDAY AT THE TRAIN STATION
english19.wav,PLEASE CALL STELLA ASK HER TO BRING THESE THINGS WITH HER FROM THE STORE SIX SPOONS OF FRESH SNOW PEAS FIVE THICK SLABS OF BLUE CHEESE AND MAYBE A SNACK FOR HER BROTHER BOB WE ALSO NEED A SMALL PLASTIC SNAKE AND A BIG TOY FROG FOR THE KIDS YOU CAN SCOOP THESE THINGS INTO THREE RED BAGS AND WE WILL GO MEET HER WEDNESDAY AT THE TRAIN STATION
english190.wav,PLEASE CALL STELLA ASK HER TO BRING THESE THINGS WITH HER FROM THE STORE SIX SPOONS OF FRESH SNOW PEAS FIVE THICK SLABS OF BLUE CHEESE AND MAYBE A SNACK FOR HER BROTHER BOB WE ALSO NEED A SMALL PLASTIC SNAKE AND A BIG TOY FROG FOR THE KIDS SHE CAN SCOOP THESE THINGS INTO THREE RED BAGS AND WE WILL GO MEET HER WEDNESDAY AT THE TRAIN STATION
english191.wav,PLEASE CALL STELLA ASK HER TO BRING THESE THINGS WITH HER FROM THE STORE SIX SPOONS OF FRESH SNOW PEAS FIVE TIK SLAPS OF BLUE CHEESE AND MAYBE A SNACK FOR HER BROTHER BOB WE ALSO NEED A SMALL PLASTIC SNAKE AND A BIG TOY FROG FOR THE KIDS SHE CAN SCOOP THESE THINGS INTO THREE RED BAGS AND WE'LL GO MEET HER WEDNESDAY AT THE TRAIN STATION
english192.wav,PLEASE CALL STELLA ASK HER TO BRING THESE THINGS WITH HER FROM THE STORE SIX SPOONS OF FRESH SNOW PEAS FIVE THICK SLABS OF BLUE CHEESE AND MAYBE A SNACK FOR HER BROTHER BOB WE ALSO NEED A SMALL PLASTIC SNAKE AND A BIG TOY FROG FOR THE KIDS SHE CAN SCOOP THESE THINGS INTO THREE RED BAGS AND WE WILL GO MEET HER WEDNESDAY AT THE TRAIN STATION
english193.wav,PLEASE CALL STELLA ASK HER TO BRING THESE THINGS WITH HER FROM THE STORE SIX SPOONS OF FRESH SNOW PEAS FIVE THICK SLABS OF BLUE CHEESE AND MAYBE A SNACK FOR HER BROTHER BOB WE ALSO NEED A SMALL PLASTIC SNAKE AND A BIG TOY FROG FOR THE KIDS SHE CAN SCOOP THESE THINGS INTO THREE RED BAGS AND WE WILL GO MEET HER WEDNESDAY AT THE TRAIN STATION
english194.wav,PLEASE CALL STELLA ASK HER TO BRING THESE THINGS WITH HER FROM THE STORE SIX SPOONS OF FRESH SNOW PEAS FIVE SLABS OF BLUE CHEESE AND MAYBE A SNACK FOR A BROTHER BOB WE ALSO NEED SMALL PLASTIC SNAKES AND A BIG TOY FROG FOR THE KIDS SHE CAN SCOOP THESE THINGS INTO THREE RED BAGS AND WE'LL GO MEET HER ON WEDNESDAY AT THE TRAIN STATION
english195.wav,PLEASE CALL STELLA ASK HER TO BRING THESE THINGS WITH HER FROM THE STORE SIX SPOONS OF FRESH SNOW PEAS FIVE THICK SLABS OF BLUE CHEESE AND MAYBE A SNACK FOR HER BROTHER BOB WE ALSO NEED A SMALL PLASTIC SNAKE AND A BIG TOY FROG FOR THE KIDS SHE CAN SCOOP THESE THINGS INTO THREE RED BAGS AND WE WILL GO MEET HER WEDNESDAY AT THE TRAIN STATION
english196.wav,PLEASE CALL STELLA ASK HER TO BRING THESE THINGS WITH HER FROM THE STORE SIX SPOONFS OF FRESH SNOW PEAS FIVE THICK SLABS OF BLUE CHEESE AND MAYBE A SNACK FOR HER BROTHER BOB WE ALSO NEED A SMALL PLASTIC SNAKE AND A BIG TOY FROG FOR THE KINGS SHE CAN SCOOP THESE THINGS INTO THREE RED BAGS AND WE WILL GO MEET HER ON WEDNESDAY AT THE TRAIN STATION
english197.wav,PLEASE CALL STELLA ASK HER TO BRING THESE THINGS WITH HER FROM THE STORE SIX SPOONS OF FRESH SNOW PEAS FIVE THICK SLABS OF BLUE CHEESE AND MAYBE A SNACK FOR HER BROTHER BOB WE ALSO NEED A SMALL PLASTIC SNAKE AND A BIG TOY FROG FOR THE KIDS SHE CAN SCOOP THESE THINGS INTO THREE RED BAGS AND WE WILL GO MEET HER WEDNESDAY AT THE TRAIN STATION
english198.wav,PLEASE CALL STELLA ASK HER TO BRING THESE THINGS WITH HER FROM THE STORE SIX SPOONFUS OF FRESH SNOW PEAS FIVE THICK SLAPS OF BLUE CHEESE AND MAYBE A STACK FOR HER A SNACK FOR HER BROTHER BOB WE ALSO NEED A SMALL PLASTIC SNAKE AND A BIG TOY FROG FOR THE KIDS SHE CAN SCOOP THESE THINGS INTO THREE RED BAGS AND WE WILL GO MEET HER WEDNESDAY AT THE TRAIN STATION
english199.wav,PLEASE CALL STELLA ASK HER TO BRING THESE THINGS WITH HER FROM THE STORE SIX SPOONS OF FRESH SNOW PEAS FIVE THICK SLABS OF BLUE CHEESE AND MAYBE A SNACK FOR HER BROTHER BOB WE ALSO NEED A SMALL PLASTIC SNAKE AND A BIG TOY FROG FOR THE KIDS SHE CAN SCOOP THESE THINGS INTO THREE RED BAGS AND WE WILL GO MEET HER WEDNESDAY AT THE TRAIN STATION
english2.wav,PLEASE CALL STELLA ASK HER TO BRING THESE THINGS WITH HER FROM THE STORE SIX SPOONS OF FRESH SNOW PEAS FIVE THICK SLABS OF BLUE CHEESE AND MAYBE A SNACK FOR HER BROTHER BOB WE ALSO NEED A SMALL PLASTIC SNAKE AND A BIG TOY FROG FOR THE KIDS SHE CAN SCOOP THESE THINGS INTO THREE RED BAGS AND WE WILL GO MEET HER WEDNESDAY AT THE TRAIN STATION
english20.wav,PLEASE CALL STELLA ASK HER TO BRING THESE THINGS WITH HER FROM THE STORE SIX SPOONS OF FRESH SNOW PEAS FIVE THICK SLABS OF BLUE CHEESE AND MAYBE A SNACK FOR HER BROTHER BOB WE ALSO NEED A SMALL PLASTIC SNAKE AND A BIG TOY FROG FOR THE KIDS SHE CAN SCOOP THESE THINGS INTO THREE RED BAGS AND WE WILL GO MEET HER WEDNESDAY AT THE TRAIN STATION
english200.wav,PLEASE CALL STELLA ASK HER TO BRING THESE THINGS WITH HER FROM THE STORE SIX SPOONS OF FRESH SNOW PEAS FIVE THICK SLABS OF BLUE CHEESE AND MAYBE A SNACK FOR HER BROTHER BOB WE ALSO NEED A SMALL PLASTIC SNAKE AND A BIG TOY FROG FOR THE KIDS SHE CAN SCOOP THESE THINGS INTO THREE RED BAGS AND WE'LL GO MEET HER WEDNESDAY AT THE TRAIN STATION
english201.wav,PLEASE CALL STELLA ASK HER TO BRING THESE THINGS WITH HER FROM THE STORE SIX SPOONS OF FRESH SNOW PEAS FIVE THICK SLABS OF BLUE CHEESE AND MAYBE A SNACK FOR HER BROTHER BOB WE ALSO NEED A SMALL PLASTIC SNAKE AND A BIG TOY FROG FOR THE KIDS SHE CAN SCOOP THESE THINGS INTO THREE RED BAGS AND WE WILL GO MEET HER WEDNESDAY AT THE TRAIN STATION
english202.wav,PLEASE CALL STELLA ASK HER TO BRING THESE THINGS WITH HER FROM THE STORE SIX SPOONS OF FRESH SNOW PEAS FIVE THICK SLABS OF BLUE CHEESE AND MAYBE A SNACK FOR HER BROTHER BOB WE ALSO NEED A SMALL PLASTIC SNAKE AND A BIG TOY FROG FOR THE KIDS SHE CAN SCOOP THESE THINGS INTO THREE RED BAGS AND WE WILL GO MEET HER WEDNESDAY AT THE TRAIN STATION
english203.wav,PLEASE CALL STELLA ASK HER TO BRING THESE THINGS WITH HER FROM THE STORE SIX SPOONS OF FRESH SNOW PEASE FIVE THICK SLABS OF BLUE CHEESE AND MAYBE A SNACK FOR HER BROTHER BOB WE ALSO NEED A SMALL PLASTIC SNAKE AND A BIG TOY FROG FOR THE KIDS SHE CAN SCOOP THESE THINGS INTO THREE RED BAGS AND WE WILL GO MEET HER WEDNESDAY AT THE TRAIN STATION
english204.wav,PLEASE CALL STELLA ASK HER TO BRING THESE THINGS WITH HER FROM THE STORE SIX SPOONS OF FRESH SNOW PEAS FIVE THICK SLABS OF BLUE CHEESE AND MAYBE A SNACK FOR HER BROTHER BOB WE ALSO NEED A SMALL PLASTIC SNAKE AND A BIG TOY FROG FOR THE KIDS SHE CAN SCOOP THESE THINGS INTO THREE RED BAGS AND WE WILL GO MEET HER AT WEDNESDAY AT THE TRAIN STATION
english205.wav,PLEASE CALL STELLA ASK HER TO BRING THESE THINGS WITH HER FROM THE STORE SIX SPOONS OF FRESH SNOW PEAS FIVE THICK SLABS OF BLUE CHEESE AND MAYBE A SNACK FOR HER BROTHER BOB WE ALSO NEED A SMALL PLASTIC SNAKE AND A BIG TOY FROG FOR THE KIDS SHE CAN SCOOP THESE THINGS INTO THREE RED BAGS AND WE WILL GO MEET HER AT WEDNESDAY AT THE TRAIN STATION
english206.wav,PLEASE CALL STELLA ASK HER TO BRING THESE THINGS WITH HER FROM THE STORE SIX SPOONS OF FRESH SNOW PEAS FIVE THICK SLABS OF BLUE CHEESE AND MAYBE A SNACK FOR HER BROTHER BOB WE ALSO NEED A SMALL PLASTIC SNAKE AND A BIG TOY FROG FOR THE KIDS SHE CAN SCOOP THESE THINGS INTO THREE RED BAGS AND WE WILL GO MEET HER WEDNESDAY AT THE TRAIN STATION
english207.wav,PLEASE CALL STELLA ASK HER TO BRING THESE THINGS WITH HER FROM THE STORE SIX SPOONS OF FRESH SNOW PEAS FIVE THICK SLABS OF BLUE CHEESE AND MAYBE A SNACK FOR HER BROTHER BOB WE ALSO NEED A SMALL PLASTIC SNAKE AND A BIG TOY FROG FOR THE KIDS SHE CAN SCOOP THESE THINGS INTO THREE RED BAGS AND WE WILL GO MEET HER WEDNESDAY AT THE TRAIN STATION
english208.wav,PLEASE CALL STELLA ASK HER TO BRING THESE THINGS WITH HER FROM THE STORE SIX SPOONS OF FRESH SNOW PEAS FIVE THICK SLABS OF BLUE CHEESE AND MAYBE A SNACK FOR HER BROTHER BOB WE ALSO NEED A SMALL PLASTIC SNAKE AND A BIG TOY FROG FOR THE KIDS SHE CAN SCOOP THESE THINGS INTO THREE RED BAGS AND WE WILL GO MEET HER WEDNESDAY AT THE TRAIN STATION
english209.wav,PLEASE CALL STELLA ASK HER TO BRING THESE THINGS WITH HER FROM THE STORE SIX SPOONS OF FRESH SNOW PEAS FIVE THICK SLABS OF BLUE CHEESE AND MAYBE A SNUCK FOR HER BROTHER BOB WE ALSO NEED A SMALL PLASTIC SNAKE AND A BIG TOY FROG FOR THE KIDS SHE CAN SCOOP THESE THINGS INTO THREE RED BAGS AND WE WILL GO MEET HER WEDNESDAY AT THE TRAIN STATION
english21.wav,PLEASE CALL STELLA ASK HER TO BRING THESE THINGS WITH HER FROM THE STORE SIX SPOONS OF FRESH SNOW PEAS FIVE THICK SLABS OF BLUE CHEESE AND MAYBE A SNACK FOR HER BROTHER BOB WE ALSO NEED A SMALL PLASTIC SNAKE AND A BIG TOY FROG FOR THE KIDS SHE CAN SCOOP THESE THINGS INTO THREE RED BAGS AND WE WILL GO MEET HER WEDNESDAY AT THE TRAIN STATION
english210.wav,PLEASE CALL STELLA ASK HER TO BRING THESE THINGS WITH HER FROM THE STORE SIX SPOONS OF FRESH SNOW PEAS FIVE THICK SLABS OF BLUE CHEESE AND MAYBE A SNACK FOR HER BROTHER BOB WE ALSO NEED U A SMALL PLASTIC SNAKE AND A BIG TOY FROG FOR THE KIDS SHE CAN SCOOP THESE THINGS INTO THREE RED BAGS AND WE WILL GO MEET HER WEDNESDAY AT THE TRAIN STATION
english211.wav,PLEASE CALL STELLA ASK HER TO BRING THESE THINGS WITH HER FROM THE STORE SIX SPOONS OF FRESH SNOW PEAS FIVE THICK SLABS OF BLUE CHEESE AND MAYBE A SNACK FOR HER BROTHER BOB WE ALSO NEED A SMALL PLASTIC SNAKE AND A BIG TOY FROG FOR THE KIDS SHE CAN SCOOP THESE THINGS INTO THREE RED BAGS AND WE WILL GO MEET HER WEDNESDAY AT THE TRAIN STATION
english212.wav,PLEASE CALL STELLA ASK HER TO BRING THESE THINGS WITH HER FROM THE STORE SIX SPOONS OF FRESH SNOW PEAS FIVE THICK SLABS OF BLUE CHEESE AND MAYBE A SNACK FOR HER BROTHER BOB WE ALSO NEED A SMALL PLASTIC SNAKE AND A BIG TOY FROG FOR THE KIDS SHE CAN SCOOP THESE THINGS INTO THREE RED BAGS AND WE WILL GO MEET HER WEDNESDAY AT THE TRAIN STATION
english213.wav,PLEASE CALL STELLA ASK HER TO BRING THESE THINGS WITH HER FROM TA STORE SIX SPOONS OF FRESH SNOW PEAS FIVE THICK SLABS OF BLUE CHEESE AND MAYBE A SNACK FOR HER BROTHER BOB WE ALSO NEED A SMALL PLASTIC SNAKE AND A BIG TOY FROG FOR THE KIDS SHE CAN SCOOP THESE THINGS INTO THREE RED BAGS AND WE WILL GO MEET HER WEDNESDAY AT THE TRAIN STATION
english214.wav,PLEASE CALL STELLA ASK HER TO BRING THESE THINGS WITH HER FROM THE STORE SIX SPOONS OF FRESH SNOW PEAS FIVE THICK SLAPS OF BLUE CHEESE AND MAYBE A SNACK FOR HER BROTHER BOB WE ALSO NEED A SMALL PLASTIC SNAKE AND A BIG TOY FROG FOR THE KIDS SHE CAN SCOOP THESE THINGS INTO THREE RED BAGS AND WE'LL GO MEET HER WEDNESDAY AT THE TRAIN STATION
english215.wav,PLEASE CALL STELLA ASK HER TO BRING THESE THINGS WITH HER FROM THE STORE SIX SPOONS OF FRESH SNOW PIECE FIVE THICK SLABS OF BLE CHEESE AND MAYBE A SNACK FOR HER BROTHER BOB WE ALSO NEED A SMALL PLASTIC SNAKE AND A BIG TOY FROG FOR THE KIDS SHE CAN SCOOP THESE THINGS IN TO THREE RED BAGS AND WE WILL GO MEET HER WEDNESDAY AT THE TRAIN STATION
english216.wav,PLEASE CALL STELLA ASK HER TO BRING THESE THINGS WITH HER FROM THE STORE SIX SPOONS OF FRESH SNOW PEAS FIVE THICK SLABS OF BLUE CHEESE AND MAYBE A SNACK FOR HER BROTHER BOB WE ALSO NEED A SMALL PLASTIC SNAKE AND A BIG TOY FROG FOR THE KIDS SHE CAN SCOOP THESE THINGS INTO THREE RED BAGS AND WE'LL GO MEET HER WEDNESDAY AT THE TRAIN STATION
english217.wav,PLEASE CALL STELLA ASK HER TO BRING THESE THINGS WITH HER FROM THE STORE SIX SPOONS OF FRESH SNOW PEAS FIVE THICK SLABS OF BLUE CHEESE AND MAYBE A SNACK FOR HER BROTHER BOB WE ALSO NEED A SMALL PLASTIC SNAKE AND A BIG TOY FROG FOR THE KIDS SHE CAN SCOOP THESE THINGS INTO THREE RED BAGS AND WE WILL GO MEET HER WEDNESDAY AT THE TRAIN STATION
english218.wav,PLEASE CALL STELLA ASK HER TO BRING THESE THINGS WITH HER FROM THE STORE SIX SPOONS OF FRESH SNOW PEASE FIVE THICK SLIBES OF BLUE CHEESE AND MAYBE A SNACK FOR HER BROTHER BOB WE ALSO NEED A SMALL PLASTIC SNAKE AND A BIG TOY FROG FOR THE KIDS SHE CAN SCOOP THESE THINGS INTO THREE RED BAGS AND WE WILL GO MEET HER WEDNESDAY AT THE TRAIN STATION
english219.wav,PLEASE CALL STELLA ASK HER TO BRING THESE THINGS WITH HER FROM THE STORE SIX SPOONS OF FRESH SNOW PEAS FIVE THICK SLABS OF BLUE CHEESE IND MAYBE A SNACK FOR HER BROTHER BOB WE ALSO NEED A SMALL PLASTIC SNAKE AND A BIG TOY FROG FOR THE KIDS SHE CAN SCOOP THESE THINGS INTO THREE RED BAGS AND WE WILL GO MEET HER WEDNESDAY AT THE TRAIN STATION
english22.wav,PLEASE CALL STELLA ASK HER TO BRING THESE THINGS WITH HER FROM THE STORE SIX SPOONS OF FRESH SNOW PEAS FIVE THICK SLABS OF BLUE CHEESE AND MAYBE A SNACK FOR HER BROTHER BOB WE ALSO NEED A SMALL PLASTIC SNAKE AND A BIG TOY FROG FOR THE KIDS SHE CAN SCOOP THESE THINGS INTO THREE RED BAGS AND WE WILL GOM MEET HER WEDNESDAY AT THE TRAIN STATION
english220.wav,PLEASE CALL STELLA ASK HER TO BRING THESE THINGS WITH HER FROM THE STORE SIX SPOONS OF FRESH SNOW PEAS FIVE THICK SLABS OF BLUE CHEESE AND MAYBE A SNACK FOR HER BROTHER BOB WE ALSO NEED A SMALL PLASTIC SNAKE AND A BIG TOY FROG FOR THE KIDS SHE CAN SCOOP THESE THINGS INTO THREE RED BAGS AND WE WILL GO MEET HER WEDNESDAY AT THE TRAIN STATION
english221.wav,PLEASE CALL STELLA ASK HER TO BRING THESE THINGS WITH HER FROM THE STORE SIX SPOONS OF FRESH NOLD PEASE FIVE THICK SLABS OF BLUE CHEESE AND MAYBE A SNACK FOR HER BROTHER BOB WE ALSO NEED A SMALL PLASTIC SNAKE AND A BIG TOY FRUG FOR THE KIDS WE CAN SCOOP THESE THINGS INTO THREE RED BAGS AND WE WILL GO MEET HER WEDNESDAY AT THE TRAIN STATION MY PLEASURE
english222.wav,PLEASE CALL STELLA ASK HER TO BRING THESE THINGS WITH HER FROM THE STORE SIX SPOONS OF FRESH SNOW PEAS FIVE THICK SLABS OF BLUE CHEESE AND MAYBE A SNACK FOR HER BROTHER BOB WE ALSO NEED A SMALL PASTIC SNAKE AND A BIG TOY FROG FOR THE KIDS SHE CAN SCOOP THESE THINGS INTO THREE RED BAGS AND WE WILL GO MEET HER WEDNESDAY AT THE TRAIN STATION
english223.wav,PLEASE CALL STELLA ASK HER TO BRING THESE THINGS WITH HER FROM THE STORE SIX SPOONS OF FRESH SNOW PEAS FIVE THICK SLABS OF BLUE CHEESE AND MAYBE A SNACK FOR HER BROTHER BOB WE ALSO NEED A SMALL PLASTIC SNAKE AND A BIG TOY FROG FOR THE KIDS SHE CAN SCOOP THESE THINGS INTO THREE RED BAGS AND WE'LL GO MEET HER WEDNESDAY AT THE TRAIN STATION
english224.wav,PLEASE CALL STELLA ASK HER TO BRING THESE THINGS WITH HER FROM THE STORE SIX SPOONFS OF FRESH SNOW PEAS FIVE THICK SLABS OF BLUE CHEESE AND MAYBE A SNACK FOR HER BROTHER BOB WE ALSO NEED A SMALL PLACI SNAKE AND A BIG TOY FROG FOR THE KIDS SHE CAN SCOOP THESE THINGS INTO THREE RED BAGS AND WE WILL GO MEET HER WEDNESDAY AT THE TRAIN STATION
english225.wav,PLEASE CALL STELLA ASK HER TO BRING THESE THINGS WITH HER FROM THE STORE SIX SPOONS OF FRESH SNOW PEAS FIVE THICK SLABS OF OF BLUE CHEESE AND MAYBE A SNACK FOR HER BROTHER BOB WE ALSO NEED A SMALL PLASTIC SNAKE AND A BIG TOY FROG FOR THE KIDS SHE CAN SCOOP THESE THINGS INTO THREE RED BAGS AND WE WILL GO MEET HER WEDNESDAY AT THE TRAIN STATION THANK YOU TAT'S IT THANK YOU
english226.wav,PLEASE CALL STELLA ASK HER TO BRING THESE THINGS FROM HER FROM THE STORE SIX SPOONS OF FRESH SNOW PEAS FIVE THICK SLABS OF BLUE CHEESE AND MAYBE A SNACK FOR HER BROTHER BOB WE ALSO NEED A SMALL PLASTIC SNAKE AND A BIG TOY FROG FOR THE KIDS SHE CAN SCOOP THESE THINGS INTO THREE RED BAGS AND WE WILL GO MEET HER WEDNESDAY AT THE TRAIN STATION IS ENOUGH THANK YOU
english227.wav,PLEASE CALL STELLA ASK HER TO BRING THESE THINGS WITH HER FROM THE STORE SIX SPOONS OF FRESH SNOW PEASE FIVE THICK SLABS OF BLUE CHEESE AND MAYBE A SNACK FOR HER BROTHER BOB WE ALSO NEED A SMALL PLASTIC SNAKE AND A BIG TOY FROG FOR THE KIDS SHE CAN SCOOP THESE THINGS INTO THREE RED BAGS AND WE WILL GO MEET HER WEDNESDAY AT THE TRAIN STATION BEAUTIFUL THANK YOU VERY MUCH
english228.wav,PLEASE CALL STELLA ASK HER TO BRING THESE THINGS WITH HER FROM THE STORE SIX SPOONS OF FRESH SNOW SNOW PEAS FIVE THICK SLABS OF BLUE CHEESE AND MAYBE A SNACK FOR HER BROTHER BOB WE ALSO NEED A SMALL PLASTIC SNAKE AND A BIG TOY FROG FOR THE KIDS SHE CAN SCOOP THESE THINGS INTO THREE RED BAGS AND WE WILL GO MEET HER WEDNESDAY AT THE TRAIN STATION THANK YOU VERY MUCH YOU ARE WELCOME
english229.wav,PLEASE CALL STELLA ASK HER TO BRING THESE THINGS WITH HER FROM THE STORE SIX SPOONS OF FRESH SNOW PEAS FIVE THICK SLABS OF BLUE CHEESE AND MAYBE A SNACK FOR HER BROTHER BOB WE ALSO NEED A SMALL PLASTIC SNAKE AND A BIG TOY FROG FOR THE KIDS SHE CAN SCOOP THESE THINGS INTO THREE RED BAGS AND WE'LL G MEET HER WEDNESDAY AT THE TRAIN STATION
english23.wav,PLEASE CALL STELLA ASK HER TO BRING THESE THINGS WITH HER FROM THE STORE SIX SPOONS OF FRESH SNOW PEAS FIVE THICK SLABS OF BLUE CHEESE AND MAYBE A SNACK FOR HER BROTHER BOB WE ALSO NEED A SMALL PLASTIC SNAKE AND A BIG TOY FROG FOR THE KIDS SHE CAN SCOOP THESE THINGS INTO THREE RED BAGS AND WE WILL GO MEET HER WEDNESDAY AT THE TRAIN STATION
english230.wav,PLEASE CALL STELLA ASK HER TO BRING THESE THINGS WITH HER FROM THE STORE SIX SPOONS OF FRESNO PEAS FIVE THICK SLABS OF BLUE CHEESE AND MAYBE A SNAKE FOR HER BROTHER BOB WE ALSO NEED A PLASTIC SNAKE AND A BIG TOY FROG FOR THE KIDS SHE CAN SCOOP THESE THINGS INTO THREE RED BAGS AND WE WILL GO MEET HER WEDNESDAY AT THE TRAIN STATION
english231.wav,PLEASE CALL STELLA ASK HER TO BRING THESE THINGS WITH HER FROM THE STORE SIX SPOONS OF FRESH SNOW PEAS FIVE THICK SLABS OF BLUE CHEESE AND MAYBE A SNACK FOR HER BROTHER BOB WE ALSO NEED A SMALL PLASTIC SNAKE AND A BIG TOY FROG FOR THE KIDS SHE CAN SCOOP THESE THINGS INTO THREE RED BAGS AND WE WILL GO MEET HER WEDNESDAY AT THE TRAIN STATION
english232.wav,PLEASE CALL STELLA ASK HER TO BRING THESE THINGS WITH HER FROM THE STORE SIX SPOONS OF FRESH SNOW PEAS FIVE THICK SLABS OF BLUE CHEESE AND MAYBE A SNAP FOR HER BROTHER BOB WE ALSO NEED A SMALL PLASTIC SNAKE AND A BIG TOY FROG FOR THE KIDS SHE CAN SCOOP THESE THINGS INTO THREE RED BAGS AND WE WILL GO MEET HER WEDNESDAY AT THE TRAIN STATION
english233.wav,PLEASE CALL STELLA ASK HER TO BRING THESE THINGS WITH HER FROM THE STORE SIX SPOONS OF FRESH SNOW PEAS FIVE THICK SLABS OF BLUE CHEESE AND MAYBE A SNACK FOR HER BROTHER BOB WE ALSO NEED A SMALL PLASTIC SNAKE AND A BIG TOY FROG FOR THE KIDS SHE CAN SCOOP THESE THINGS INTO THREE RED BAGS AND WE WILL GO MEET HER WEDNESDAY AT THE TRAIN STATION
english234.wav,PLEASE CALL STELLA ASK HER TO BRING THESE THINGS WITH HER FROM THE STORE SIX SPOONS OF FRESH SNOW PEAS FIVE THICK SLABS OF BLUE CHEESE AND MAYBE A SNACK FOR HER BROTHER BOB WE ALSO NEED A SMALL PLASTIC SNAKE AND A BIG TOY FROG FOR THE KIDS SHE CAN SCOOP THESE THINGS INTO THREE RED BAGS AND WE WILL GO MEET HER WEDNESDAY AT THE TRAIN STATION
english235.wav,PLEASE CALL STELLA ASK HER TO BRING THESE THINGS WITH HER FROM THE STORE SIX SPOONS OF FRESH SNOW PEASE FIVE THICK SLABS OF BLUE CHEESE AND MAYBE A SNACK FOR HER BROTHER BOB WE ALSO NEED A SMALL PLASTIC SNAKE AND A BIG TOY FROG FOR THE KIDS SHE CAN SCOOP THESE THINGS INTO THREE RED BAGS AND WE WILL GO MEET HER WEDNESDAY AT THE TRAIN STATION
english236.wav,PLEASE CALL STELLA ASK HER TO BRING THESE THINGS WITH HER FROM THE STORE SIX SPOONS OF FRESH SNOW PEAS FIVE THICK SLABS OF BLUE CHEESE AND MAYBE A SNACK FOR HER BROTHER BOB WE ALSO NEED A SMALL PLASTIC SNAKE AND A BIG TOY FROG FOR THE KIDS SHE CAN SCOOP THESE THINGS INTO THREE RED BAGS AND WE WILL GO MEET HER WEDNESDAY AT THE TRAIN STATION
english237.wav,PLEASE CALL STELLA ASK HER TO BRING THESE THINGS WITH HER FROM THE STORE SIX SPOONS OF FRESH SNOW PEAS FIVE THICK SLABS OF BLUE CHEESE AND MAYBE A SNACK FOR HER BROTHER BOB WE ALSO NEED A SMALL PLASTIC SNAKE AND A BIG TOY FROG FOR THE KIDS SHE CAN SCOOP THESE THINGS INTO THREE RED BAGS AND WE WILL GO MEET HER WEDNESDAY AT THE TRAIN STATION
english238.wav,PLEASE CALL STELLA ASK HER TO BRING THESE THINGS WITH HER FROM THE STORE SIX SPOONS OF FRESH SNOW PEAS FIVE THICK SLABS OF BLUE CHEESE AND MAYBE A SNAP FOR HER BROTHER BOB WE ALSO NEED A SMALL PRASSIC SNAKE AND BIG TOY FROG FOR THE KITS SHE CAN SCOOP THESE THINGS INTO THREE RED BAGS AND WE WILL MEET HER WEDNESDAY AT THE TRAIN
english239.wav,PLEASE CALL STELLA ASK HER TO BRING THESE THINGS WITH HER FROM THE STORE SIX SPOONS OF FRESH SNOW PEAS FIVE THICK SLABS OF BLUE CHEESE AND MAYBE A SNACK FOR HER BROTHER BOB WE ALSO NEED A SMALL PLASTIC SNAKE AND A BIG TOY FROG FOR THE KIDS SHE CAN SCOOP THESE THINGS INTO THREE RED BAGS AND WE WILL GO MEET HER WEDNESDAY AT THE TRAIN STATION
english24.wav,PLEASE CALL STELLA ASK HER TO BRING THESE THINGS WITH HER FROM THE STORE SIX SPOONS OF FRESH SNOW PEAS FIVE THICK SLABS OF BLUE CHEESE AND MAYBE A SNACK FOR HER BROTHER BOB WE ALSO NEED A SMALL PLASTIC SNAKE AND A BIG TOY FROG FOR THE KIDS SHE CAN SCOOP THESE THINGS INTO THREE RED BAGS AND WE'LL GO MEET HER ON WEDNESDAY AT THE TRAIN STATION
english240.wav,PLEASE CALL STELLA ASK HER TO BRING THESE THINGS WITH HER FROM THE STORE SIX SPOONS OF FRESH SNOW PEAS FIVE THICK SLABS OF BLUE CHEESE AND MAYBE A SNACK FOR HER BROTHER BOB WE ALSO NEED A SMALL PLASTIC SNAKE AND A BIG TOY FROG FOR THE KIDS SHE CAN SCOOP THESE THINGS INTO THREE RED BAGS AND WE WILL GO MEET HER WEDNESDAY AT THE TRAIN STATION
english241.wav,PLEASE CALL STELLA ASK HER TO BRING THESE THINGS WITH HER FROM THE STORE SIX SPOONS OF FRESH SNOW PEAS FIVE THICK SLABS OF BLUE CHEESE AND MAYBE A SNACK FOR HER BROTHER BOB WE ALSO NEED A SMALL PLASTIC SNAKE AND A BIG TOY FROG FOR THE KIDS SHE CAN SCOOP THESE THINGS INTO THREE RED BAGS AND WE WILL GO MEET HER WEDNESDAY AT THE TRAIN STATION
english242.wav,PLEASE CALL STELLA ASK HER TO BRING THESE THINGS WITH HER FROM THE STORE SIX SPOONS OF FRESH SNOW PEES FIVE THICK SLABS OF BLUE CHEESE AND MAYBE A SNACK FOR HER BROTHER BOB WE ALSO NEED A SMALL PLASTIC SNAKE AND A BIG TOY FROG FOR THE KIDS SHE CAN SCOOP THESE THINGS INTO THREE RED BAGS AND WE WILL GO MEET HER WEDNESDAY AT THE TRAIN STATION
english243.wav,PLEASE CALL STELLA ASK HER TO BRING THESE THINGS WITH HER FROM THE STORE SIX SPOONS OF FRESH SNOW PEAS FIVE THICK SLABS OF BLUE CHEESE AND MAYBE A SNACK FOR HER BROTHER BOB WE ALSO NEED A SMALL PLASTIC SNAKE AND A BIG TOY FROG FOR THE KIDS SHE CAN SCOOP THESE THINGS INTO THREE RED BAGS AND WE'LL GO MEET HER WEDNESDAY AT THE TRAIN STATION
english244.wav,PLEASE CALL STELLA ASK HER TO BRING THESE THINGS WITH HER FROM THE STORE SIX SPOONS OF FRESH SNOW PEAS FIVE THICK SLABS OF BLUE CHEESE AND MAYBE A SNACK FOR HER BROTHER BOB WE ALSO NEED A SMALL PLASTIC SNAKE AND A BIG TOY FROG FOR THE KIDS SHE CAN SCOOP THESE THINGS INTO THREE RED BAGS AND WE WILL GO MEET HER WEDNESDAY AT THE TRAIN STATION
english245.wav,PLEASE CALL STELLA ASK HER TO BRING THESE THINGS WITH HER FROM THE STORE SIX SPOONS OF FRESH SNOW PIECE FIVE THICK SLABS OF BLUE CHEESE AND MAYBE A SNACK FOR HER BROTHER BOB WE ALSO NEED A SMALL PLASTIC SNAKE AND A BIG TOY FROG FOR THE KIDS SHE CAN SCOOP THESE THINGS INTO THREE RED BAGS AND WE WILL GO MEET HER WEDNESDAY AT THE TRAIN STATION
english246.wav,PLEASE CALL STELLA ASK HER TO BRING THESE THINGS WITH HER FROM THE STORE SIX SPOONS OF FRESH SNOW PEASE FIVE THICK SLABS OF BLUE CHEESE AND MAYBE A SNACK FOR HER BROTHER BOB WE ALSO NEED A SMALL PLASTIC SNAKE AND A BIG TOY FROG FOR THE KIDS SHE CAN SCOOP THESE THINGS INTO THREE RED BAGS AND WE WILL GO MEET HER WEDNESDAY AT THE TRAIN STATION
english247.wav,PLEASE CALL STELLA ASK HER TO BRING THESE THINGS WITH HER FROM THE STORE SIX SPOONS OF FRESH SNOW PEAS FIVE THICK SLABS OF BLUE CHEESE AND MAYBE A SNACK FOR HER BROTHER BOB WE ALSO NEED A SMALL PLASTIC SNAKE AND A BIG TOY FROG FOR THE KIDS SHE CAN SCOOP THESE THINGS INTO THREE RED BAGS AND WE WILL GO MEET HER WEDNESDAY AT THE TRAIN STATION
english248.wav,PLEASE CALL STELLA ASK HER TO BRING THESE THINGS WITH HER FROM THE STORE SIX SPOONS OF FRESH SNOW PEAS FIVE THICK SLABS OF BLUE CHEESE AND MAYBE A SNACK FOR HER BROTHER BOB WE ALSO NEED A SMALL PLASTIC SNAKE AND A BIG TOY FROG FOR THE KIDS SHE CAN SCOOP THESE THINGS INTO THREE RED BAGS AND WE WILL GO MEET HER WEDNESDAY AT THE TRAIN STATION
english249.wav,PLEASE CALL STELLA ASK HER TO BRING THESE THINGS WITH HER FROM THE STORE SIX SPOONS OF FRESH SNOW PEAS FIVE THICK SLABS OF BLUE CHEESE AND MAYBE A SNACK FOR HER BROTHER BOB WE ALSO NEED A SMALL PLASTIC SNAKE AND A BIG TOY FROG FOR THE KIDS SHE CAN SCOOP THESE THINGS INTO THREE RED BAGS AND WE WILL GO MEET HER WEDNESDAY AT THE TRAIN STATION
english25.wav,PLEASE CALL STELLA ASK HER TO BRING THESE THINGS WITH HER FROM THE STORE SIX SPOONS OF FRESH SNOW PEAS FIVE THICK SLABS OF BLUE CHEESE AND MAYBE A SNACK FOR HER BROTHER BOB WE ALSO NEED A SMALL PLASTIC SNAKE A BIG TOY FROG FOR THE KIDS SHE CAN SCOOP THESE THINGS INTO THREE RED BAGS AND WE WILL GO MEET HER WEDNESDAY AT THE TRAIN STATION
english250.wav,PLEASE CALL STELLA ASK HER TO BRING THESE THINGS WITH HER FROM THE STORE SIX SPOONS OF FRESH SNOW PEAS FIVE THICK SLABS OF BLUE CHEESE AND MAYBE A SNACK FOR HER BROTHER BOB WE ALSO NEED A SMALL PASSIC SNAKE AND A BIG TOY FROG FOR THE KIDS SHE CAN SCOOP THESE THINGS INTO THREE RED BAGS AND WE WILL MEET HER WEDNESDAY AT THE TRAIN STATION
english251.wav,PLEASE CALL STELLA ASK HER TO BRING THESE THINGS WITH HER FROM THE STORE SIX SPOONS OF FRESH SNOW PEAS FIVE THICK SLABS OF BLUE CHEESE AND MAYBE A SNACK FOR HER BROTHER BOB WE ALSO NEED A SMALL PLASTIC SNAKE AND A BIG TOY FROG FOR THE KIDS SHE CAN SCOOP THESE THINGS INTO THREE RED BAGS AND WILL GO MEET HER WEDNESDAY AT THE TRAIN STATION
english252.wav,PLEASE CALL STELLA ASK HER TO BRING THESE THINGS WITH HER FROM THE STORE SIX SPOONS OF FRESH SNOW PEAS FIVE THICK SLABS OF BLUE CHEESE AND MAYBE A SNACK FOR HER BROTHER BOB WE ALSO NEED A SMALL PLASSIC SNAKE AND A BIG TOY FROG FOR THE KIDS SHE CAN SCOOP THESE THINGS INTO THREE RED BAGS AND WE WILL MEE HER WEDNESDAY AT THE TRAIN STATION
english253.wav,PLEASE CALL STELLA ASK HER TO BRING THESE THINGS WITH HER FROM THE STORE SIX SPOONS OF FRESH SNOW PEAS FIVE THICK SLABS OF BLUE CHEESE AND MAYBE A SNACK FOR HER BROTHER BOB WE ALSO NEED A SMALL PLASTIC SNAKE AND A BIG TOY FROG FOR THE KIDS SHE CAN SCOOP THESE THINGS INTO THREE RED BAGS AND WE WILL GO MEET HER WEDNESDAY AT THE TRAIN STATION
english254.wav,PLEASE CALL STELLA ASK HER TO BRING THESE THINGS WITH HER FROM THE STORE SIX SPOONS OF FRESH SNOW PEAS FIVE THICK SLABS OF BLUE CHEESE AND MAYBE A SNACK FOR HER BROTHER BOB WE ALSO NEED A SMALL PLASTIC SNAKE AND A BIG TOY FROG FOR THE KIDS SHE CAN SCOOP THESE THINGS INTO THREE RED BAGS AND WE WILL GO MEET HER WEDNESDAY AT THE TRAIN STATION
english255.wav,PLEASE CALL STELLA ASK HER TO BRING THESE THINGS WITH HER FROM THE STORE SIX SPOONS OF FRESH SNOW PEEZE FIVE THICK SLEDS OF BLUE CHEESE AND MAYBE A SNAK FOR HER BROTHER BOB WE ALSO NEED A SMALL CLASSIC SNAKE AND A BIG TOY FROG FOR THE KIDS SHE CAN SCOOP THESE THINGS INTO THREE RED BAGS AND WE WILL GO MEET HER WEDNESDAY AT THE TRAIN STATION
english256.wav,PLEASE CALL STELLA ASK HER TO BRING THESE THINGS WITH HER FROM THE STORE SIX SPOONFULS OF FRESH SNUG PEAS FIVE THICK SLABS OF BLUE CHEESE AND MAYBE A SNACK FOR HER BROTHER BOB THEY ALSO NEED A SMALL PLASTIC SNAKE AND A BIG TOY FROG FOR THE KIDS SHE CAN SCOOP THESE THINGS INTO THREE RED BAGS AND ILL GO MEET ER WEDNESDAY AT THE TRAIN STATION
english257.wav,PLEASE CALL STELLA ASK HER TO BRING THESE THINGS WITH HER FROM THE STORE SIX SPOONS OF FRESH SNOW PEAS FIVE THICK SLABS OF BLUE CHEESE AND MAYBE A SNACK FOR HER BROTHER BOB WE ALSO NEED A SMALL PLASTIC SNAKE AND A BIG TOY FROG FOR THE KIDS SHE CAN SCOOP THESE THINGS INTO THREE RED BAGS AND WE WILL GO MEET HER WEDNESDAY AT THE TRAIN STATION
english258.wav,PLEASE CALL STELLA ASK HER TO BRING THESE THINGS WITH HER FROM THE STORE SIX SPOONS OF FRESH SNOW PEAS FIVE THICK SLABS OF BLUE CHEESE AND MAYBE A SNACK FOR HER BROTHER BOB WE ALSO NEED A SMALL PLASTIC SNAKE AND A BIG TOY FROG FOR THE KIDS SHE CAN SCOOP THESE THINGS INTO THREE RED BAGS AND WE WILL GO MEET HER WEDNESDAY AT THE TRAIN STATION
english259.wav,PLEASE CALL STELLA ASK HER TO BRING THESE THINGS WITH HER FROM THE STORE SIX SPOONS OF FRESH SNOW PEAS FIVE THICK SLAPS OF BLUE CHEESE AND MAYBE A SNACK FOR A BROTHER POT WE ALSO NEED A SMALL PLASTIC SNAKE AND A BIG TOY FROCK FOR THE KIDS SHE CAN SCOOP THESE THINGS INTO THREE RED BAGS AND WE WILL GO MEET HER WENSDAY AT THE TRAIN STATION
english26.wav,PLEASE CALL STELLA ASK HER TO BRING THESE THINGS WITH HER FROM THE STORE SIX SPOONS OF FRESH SNOW PEAS FIVE THICK SLABS OF BLUE CHEESE AND MAYBE A SNACK FOR HER BROTHER BOB WE ALSO NEED A SMALL PLASTIC SNAKE AND A BIG TOY FROG FOR THE KIDS SHO CAN SCOOP THESE THINGS INTO THREE RED BAGS AND WE WILL GO MEET HER WEDNESDAY AT THE TRAIN STATION
english260.wav,PLEASE CALL STELLA ASK HER TO BRING THESE THINGS WITH HER FROM THE STORE SIX SPOONS OF FRESH SNOW PEAS FIVE THICK SLABS OF BLUE CHEESE AND MAYBE A SNACK FOR HER BROTHER BOB WE ALSO NEED A SMALL PLASTIC SNAKE AND A BIG TOY FROG FOR THE KIDS SHE CAN SCOOP THESE THINGS INTO THREE RED BAGS AND WE WILL GO MEET HER WEDNESDAY AT THE TRAIN STATION
english261.wav,PLEASE CALL STELLAR ASK HER TO BRING THESE THINGS WITH HER FROM THE STORE SIX SPOONFULS OF FRESH SNOW PEASE FIVE THICK SLABS OF BLUE CHEESE AND MAYBE A SNACK FOR HER BROTHER BOB WE ALSO NEED A SMALL PLASTIC SNAKE AND A BIG TOY FROG FOR THE KIDS SHE CAN SCOOP THESE THINGS INTO THREE RED BAGS AND WE WILL GO MEET HER WEDESDAY AT THE TRAIN STATION
english262.wav,PLEASE CALL HEL STELLA ASK HER TO BRING THESE THINGS WITH HER FROM THE STORE SIX SPOONS OF FRESH SNOW PEAS FIVE THICK SLABS OF BLUE CHEESE AND MAYBE A SNACK FOR HER BROTHER BOB WE ALSO NEED A SMALL PLASTIC SNAKE AND A BIG TOY FROG FOR THE KIDS SHE CAN SCOOP THESE THINGS INTO THREE RED BAGS AND WE WILL GO MEET HER AT WEDNESDAY AT THE TRAIN STATION
english263.wav,PLEASE CALL STELLA ASK HER TO BRING THESE THINGS WITH HER FROM THE STORE SIX SPOONS OF FRESH SNOW PEAS FIVE THICK SLABS OF BLUE CHEESE AND MAYBE A SNACK FOR HER BROTHER BOB WE ALSO NEED A SMALL PLASTIC SNAKE AND A BIG TOY FROG FOR THE KIDS SHE CAN SCOOP THESE THINGS INTO THREE RED BAGS AND WE WILL GO MEET HER WEDNESDAY AT THE TRAIN STATION
english264.wav,PLEASE CALL STELLA ASK HER TO BRING THESE THINGS WITH HER FROM THE STORE SIX SPOONS OF FRESH SNOW PEAS FIVE THICK SLABS OF BLUE CHEESE AND MAYBE A SNACK FOR HER BROTHER BOB WE ALSO NEED A SMALL PLASTIC SNAKE AND A BIG TOY FROG FOR THE KIDS SHE CAN SCOOP THESE THINGS INTO THREE RED BAGS AND WE WILL GO MEET HER WEDNESDAY AT THE TRAIN STATION
english265.wav,PLEASE CALL STELLA ASK HER TO BRING THESE THINGS WITH HER FROM THE STORE SIX SPOONS OF FRESH SNOW PEAS FIVE THICK SLABS OF BLUE CHEESE AND MAYBE A SNACK FOR HER BROTHER BOB WE ALSO NEED A SMALL PLASTIC SNAKE AND A BIG TOY FROG FOR THE KIDS SHE CAN SCOOP THESE THINGS INTO THREE RED BAGS AND WE WILL GO MEET HER WEDNESDAY AT THE TRAIN STATION
english266.wav,PLEASE CALL STELLA ASK HER TO BRING THESE THINGS WITH HER FROM THE STORE SIX SPOONS OF FRESH SNOW PEAS FIVE THICK SLABS OF BLUE CHEESE AND MAYBE A SNACK FOR HER BROTHER BOB WE ALSO NEED A SMALL PLASTIC SNAKE AND A BIG TOY FROG FOR THE KIDS SHE CAN SCOOP THESE THINGS INTO THREE RED BAGS AND WE WILL GO MEET HER WEDNESDAY AT THE TRAIN STATION
english267.wav,PLEASE CALL STELLA ASK HER TO BRING THESE THINGS WITH THER FROM STORE SIX SPOONFULS OF FRESH SNOW PEASE FIVE THICK SIBES OF BLUE CHEESE AND MAYBE A SNACP FOR A BROTHER BOB WE ALSO NEED A SMALL PLASTIC SNAKE AND A BIG TOY FROG FOR KIDS SHE CAN SCOOP THESE THINGS INTO THREE RED BAGS AND WE'LL GO MEET HER WEDNESDAY AT TRAIN STATION
english268.wav,PLEASE CALL STELLA ASK HER TO BRING THESE THINGS WITH HER FROM THE STORE SIX SPOONS OF FRESH SNUG PEAS FIVE THICK SLABS OF BLUE CHEESE AND MAYBE A SNAP FOR HER BROTHER BOB WE ALSO NEED A SMALL PLASTIC SNAKE AND A BIG TOY FROG FOR THE KIDS SHE CAN SCOOP THESE THINGS INTO THESE THREE RED BAGS AND WE'LL GO AND MEET WEDNESDAY AT THE TRAIN STATION
english269.wav,PLEASE CALL STELLA ASK HER TO BRING THESE THINGS WITH HER FROM THE STORE SIX SPOONS OF FRESH SNOW PEAS FIVE THICK SLIPES OF BLUE CHEESE AND MAYBE A SNACK FOR HER BROTHER BOB WE ALSO NEED A SMALL PLASTIC SNAKE AND A BIG TOY FROG FOR THE KIDS SHE CAN SCOOP THESE THINGS INTO THREE RED BAGS AND WE WILL GO MEET HER WEDNESDAY AT THE TRAIN STATION
english27.wav,PLEASE CALL STELLA ASK HER TO BRING THESE THINGS WITH HER FROM THE STORE SIX SPOONS OF FRESH SNOW PEAS FIVE THICK SLABS OF BLUE CHEESE AND MAYBE A SNACK FOR HER BROTHER BOB WE ALSO NEED A SMALL PLASTIC SNAKE AND A BIG TOY FROG FOR THE KIDS SHE CAN SCOOP THESE THINGS INTO THREE RED BAGS AND WE'LL GO MEET HER WEDNESDAY AT THE TRAIN STATION
english270.wav,PLEASE CALL STELLA ASK HER TO BRING THESE THINGS WITH HER FROM THE STORE SIX SPOONS OF FRESH SNOW PEAS FIVE THICK SLABS OF BLUE CHEESE AND MAYBE A SNACK FOR BROTHER BOB WE ALSO NEED A SMALL PLASTIC SNAKE AND A BIG TOY FROG FOR THE KIDS SHE CAN SCOOP THESE THINGS INTO THREE RED BAGS AND WE'LL GO AND MEET HER WEDNESDAY AT THE TRAIN STATION
english271.wav,PLEASE CALL STELLA ASK HER TO BRING THESE THINGS FORTHER FROM THE STORE SIX SPOONS OF FRESH SNOW PEAS FIVE THICK SLABS OF BLUE CHEESE AND MAYBE A SNACK FOR HER BROTHER BOB WE ALSO NEED A SMALL PLASTIC SNAK AND A BIG TOY FROG FOR THE KIDS SHE CAN SCOOP THESE THINGS INTO THREE RED BAGS AND WE WILL GO METER WINSTAY AT THE TRAIN STATION
english272.wav,PLEASE CALL STELLA ASK HER TO BRING THESE THINGS WITH HER FROM THE STORE SIX SPOONS OF FRESH SNOW PEAS FIVE THICK SLIBES OF BLUE CHEESE AND MAYBE A SNACK FOR HER BROTHER BOB WE ALSO NEED A SMALL PLASTIC SNAKE AND A BIG TOY FROG FOR THE KIDS SHE CAN SCOOP THESE THINGS INTO THREE RED BAGS AND WE WILL GO MEET HER WEDNESDAY AT THE TRAIN STATION
english273.wav,PLEASE CALL STELLA ASK HER TO BRING THESE THINGS WITH HER FROM THE STORE SIX SPOONS OF FRESH SNOW PEAS FIVE THICK SLABS OF BLUE CHEESE AND MAYBE A SNACK FOR HER BROTHER BOB WE ALSO NEED A SMALL PLASTIC SNAKE AND A BIG TOY FROG FOR THE KIDS SHE CAN SCOOP THESE THINGS INTO THREE RED BAGS AND WE WILL GO MEET HER WEDNESDAY AT THE TRAIN STATION
english274.wav,PLEASE CALL STELLA ASK HER TO BRING THESE THINGS WITH HER FROM THE STORE SIX SPOONS OF FRESH SNOW PEAS FIVE THICK SLABS OF BLUE CHEESE AND MAYBE A SNACK FOR HER BROTHER BOB WE ALSO NEED A SMALL PLASTIC SNAKE AND A BIG TOY FROG FOR THE KIDS SHE CAN SCOOP THESE THINGS INTO THREE RED BAGS AND WE WILL GO MEET HER WEDNESDAY AT THE TRAIN STATION
english275.wav,PLEASE CALL STELLA ASK HER TO BRING THESE THINGS WITH HER FROM THE STORE SIX SPOONS OF FRESH SNOW PEAS FIVE THICK SLABS OF BLUE CHEESE AND MAYBE A SNACK FOR HER BROTHER BOB WE ALSO NEED A SMALL PLASTIC SNAKE AND A BIG TOY FROG FOR THE KIDS SHE CAN SCOOP THESE THINGS INTO THREE RED BAGS AND WE WILL GO MEET HER WEDNESDAY AT THE TRAIN STATION
english276.wav,PLEASE CALL STELLA ASK HER TO BRING THESE THINGS WITH HER FROM THE STORE SIX SPOONS OF FRESH SNOW PEAS FIVE THICK SLAMPS OF BLUE CHEESE AND MAYBE A SNAK FOR HER BROTHER BOB WE ALSO NEED A SMALL PLASTIC SNAKE AND A BIG TOY FROG FOR THE KIDS SHE CAN SCOOP THESE THINGS INTO THREE RED BAGS AND WE WILL GO MEET HER WEDNESDAY AT THE TRAIN STATION
english277.wav,PLEASE CALL STELLA ASK HER TO BRING THESE THINGS WITH HER FROM THE STORE SIX SPOONS OF FRESH SNOW PEAS FIVE THICK SLABS OF BLUE CHEESE AND MAYBE A SNACK FOR HER BROTHER BOB WE ALSO NEED A SMALL PLASTIC SNAKE AND A BIG TOY FROG FOR THE KIDS SHE CAN SCOOP THESE THINGS INTO THREE RED BAGS AND WE WILL GO MEET HER WEDNESDAY AT THE TRAIN STATION
english278.wav,PLEASE CALL STELLA ASK HER TO BRING THESE THINGS WITH HER FROM THE STORE SIX SPOONS OF FRESH SNOW PEAS FIVE THICK SLABS OF BLUE CHEESE AND MAYBE A SNIKE FOR HER BROTHER BOB WE ALSO NEED A SMALL PLASTIC SNAKE AND A BIG TOY FROG FOR THE KIDS SHE CAN SCOOP THESE THINGS INTO THREE RED BAGS AND WE WILL GO MEET HER WEDNESDAY AT THE TRAIN STATION
english279.wav,PLEASE CALL STELLA ASK HER TO BRING THESE THINGS WITH HER FROM THE STORE SIX SPOONS OF FRESH SNOW PEAS FIVE THICK SLABS OF BLUE CHEESE AND MAYBE A SNACK FOR HER BROTHER BOB WE ALSO NEED A SMALL PLASTIC SNAKE AND A BIG TOY FROG FOR THE KIDS SHE CAN SCOOP THESE THINGS INTO THREE RED BAGS AND WE WILL GO MEET HER WEDNESDAY AT THE TRAIN STATION
english28.wav,PLEASE CALL STELLA ASK HER TO BRING THESE THINGS WITH HER FROM THE STORE SIX SPOONS OF FRESH SNOW PEAS FIVE THICK SLABS OF BLUE CHEESE AND MAYBE A SNACK FOR HER BROTHER BOB WE ALSO NEED A SMALL PLASTIC SNAKE AND A BIG TOY FROG FOR THE KIDS SHE CAN SCOOP THESE THINGS INTO THREE RED BAGS AND WE WILL GO MEET HER WEDNESDAY AT THE TRAIN STATION
english280.wav,PLEASE CALL STELLA ASK HER TO BRING THESE THINGS WITH HER FROM THE STORE SIX SPOONS OF FRESH SNOW PEAS FIVE THICK SLABS OF BLUE CHEESE AND MAYBE A SNACK FOR HER BROTHER BOB WE ALSO NEED A SMALL PLASTIC SNAKE AND A BIG TOY FROG FOR THE KIDS SHE CAN SCOOP THESE THINGS INTO THREE RED BAGS AND WE WILL GO MEET HER WEDNESDAY AT THE TRAIN STATION
english281.wav,PLEASE CALL STELLA ASK HER TO BRING THESE THINGS WITH HER FROM THE STORE SIX SPOONS OF FRESH SNOW PEAS FIVE THICK SLABS OF BLUE CHEESE AND MAYBE A SNACK FOR HER BROTHER BOB WE ALSO NEED A SMALL PLASTIC SNAKE AND A BIG TOY FROG FOR THE KIDS SHE CAN SCOOP THESE THINGS INTO THREE RED BAGS AND WE WILL MEET HER WEDNESDAY AT THE TRAIN STATION
english282.wav,PLEASE CALL STELLA ASK HER TO BRING THESE THINGS WITH HER FROM THE STORE SIX SPOONS OF FRESH SNOW PEAS FIVE THICK SLABS OF BLUE CHEESE AND MAYBE A SNACK FOR HER BROTHER BOB WE ALSO NEED A SMALL PLASTIC SNAKE AND A BIG TOY FROG FOR THE KIDS SHE CAN SCOOP THESE THINGS INTO THREE RED BAGS AND WE WILL GO MEET HER WEDNESDAY AT THE TRAIN STATION
english283.wav,PLEASE CALL STELLA ASK HER TO BRING THESE THINGS WITH HER FROM THE STORE SIX SPOONS OF FRESH SNOW PEAS FIVE THICK SLABS OF BLUE CHEESE AND MAYBE A SNACK FOR HER BROTHER BOB WE ALSO NEED A SMALL PLASTIC SNAKE AND A BIG TOY FROG FOR THE KIDS SHE CAN SCOOP THESE THINGS INTO THREE RED BAGS AND WE WILL GO MEET HER WEDNESDAY AT THE TRAIN STATION
english284.wav,PLEASE CALL STELLA ASK HER TO BRING THESE THINGS WITH HER FROM THE STORE SIX SPOONS OF FRESH SNOW PEAS FIVE THICK SLABS OF BLUE CHEESE AND MAYBE A SNACK FOR HER BROTHER BOB WE ALSO NEED A SMALL PLASTIC SNAKE AND A BIG TOY FROG FOR THE KIDS SHE CAN SCOOP THESE THINGS INTO THREE RED BAGS AND WE WILL MEET HER WEDNESDAY AT THE TRAIN STATION
english285.wav,PLEASE CALL STELLA ASK HER TO BRING THESE THINGS WITH HER FROM THE STORE SIX SPOONS OF FRESH SNOW PEAS FIVE THICK SLABS OF BLUE CHEESE AND MAYBE A SNACK FOR HE BROTHER BOB WE ALSO NEED A SMALL PLASTIC SNAKE AND A BIG TOY FROG FOR THE KIDS SHE CAN SCOOP THESE THINGS INTO THREE RED BAGS AND WILL GO MEET HER WEDNESDAY AT THE TRAIN STATION
english286.wav,PLEASE CALL STELLA ASK HER TO BRING THESE THINGS WITH HER FROM THE STORE SIX SPOONS OF FRESH SNOW PEAS FIVE THICK SLABS OF BLUE CHEESE AND MAYBE A SNACK FOR HER BROTHER BOB WE ALSO NEED A SMALL PLASTIC SNAKE AND A BIG TOY FROG FOR THE KIDS SHE CAN SCOOP THESE THINGS INTO THREE RED BAGS AND WE WILL GO MEET HER WEDNESDAY AT THE TRAIN STATION
english287.wav,PLEASE CALL STELLA ASK HER TO BRING THESE THINGS WITH HER FROM THE STORE SIX SPOONS OF FRESH NELL PEAS FIVE THICK SLAPS OF BLUE CHEESE AND MAY BE A SNACK FOR HER BROTHER BOM WE ALSO NEED A SMALL PLASTIC SNAKE AND A BIG TOY FROCK FOR THE KIDS SHE CAN SCOOP THESE THINGS INTO THREE RIT BAGS AND WE WILL GO MEET HER WEDNESDAY AT THE TRAIN STATION
english288.wav,PLEASE CALL STELLA ASK HER TO BRING THESE THINGS WITH HER FROM THE STORE SIX SPOONS OF FRESH SNOW PEASE FIVE THICK SLABS OF BLUE CHEESE AND MAYBE A SNACK FOR HER BROTHER BOB WE ALSO NEED A SMALL PLASTIC SNAKE AND A BIG TOY FROG FOR THE KIDS SHE CAN SCOOP THESE THINGS INTO THREE RED BAGS AND WE WILL GO MEET HER WEDNESDAY AT THE TRAIN STATION
english289.wav,PLEASE CALL STELLA ASK HER TO BRING THESE THINGS WITH HER FROM THE STORE SIX SPOONS OF FRESH SNOW PEAS FIVE THICK SLABS OF BLUE CHEESE AND MAYBE A SNACK FOR HER BROTHER BOB WE ALSO NEED A SMALL PLASTIC SNAKE AND A BIG TOY FROG FOR THE KIDS SHE CAN SCOOP THESE THINGS INTO THREE RED BAGS AND E WILL GO MEET HER WEDNESDAY AT THE TRAIN STATION
english29.wav,PLEASE CALL STELLA ASK HER TO BRING THESE THINGS WITH HER FROM THE STORE SIX SPOONS OF FRESH SNOW PEAS FIVE THICK SLABS OF BLUE CHEESE AND MAYBE A SNACK FOR HER BROTHER BOB WE ALSO NEED A SMALL PLASTIC SNAKE AND A BIG TOY FROG FOR THE KIDS SHE CAN SCOOP THESE THINGS INTO THREE RED BAGS AND WE WILL GO MEET HER WEDNESDAY AT THE TRAIN STATION
english290.wav,PLEASE CALL STELLA ASK HER TO BRING THESE THINGS WITH HER FROM THE STORE SIX SPOONS OF FRESH SNOW PEAS FIVE THICK SLABS OF BLUE CHEESE AND MAYBE A SNACK FOR HER BROTHER BA WE ALSO NEED A SMALL PLASTIC SNAKE AND A BIG TOY FROG FOR THE KIDS SHE CAN SCOOP THESE THINGS INTO THREE RED BAGS AND WEWILL GO MEET HER WEDNESDAY AT THE TRAIN STATION
english291.wav,PLEASE CALL STELLA ASK HER TO BRING THESE THINGS WITH HER FROM THE STORE SIX SPOONS OF FRESH SNOW PEAS FIVE THIG SLABS OF BLUE CHEESE AND MAYBE A SNACK FOR HER BROTHER BOB WE ALSO NEED A SMALL PLASTIC SNAKE AND A BIG TOY FROG FOR THE KIDS SHE CAN SCOOP THESE THINGS INTO THREE RED BAGS AND WE WILL GO MEET HER WEDNESDAY AT THE TRAIN STATION
english292.wav,PLEASE CALL STELLA ASK HER TO BRING THESE THINGS WITH HER FROM THE STORE SIX SPOONS OF FRESH SNOW PEAS FIVE THICK SLABS OF BLUE CHEESE AND MAYBE A SNACK FOR HER BROTHER BOB WE ALSO NEED A SMALL PLASTIC SNAKE AND A BIG TOY FROG FOR THE KIDS SHE CAN SCOOP THESE THINGS INTO THREE RED BAGS AND WE WILL GO MEET HER WEDNESDAY AT THE TRAIN STATION
english293.wav,PLEASE CALL STELLA ASK HER TO BRING THESE THINGS WITH HER FROM THE STORE SIX SPOONS OF FRESH SNOW PEAS FIVE THICK SLABS OF BLUE CHEESE AND MAYBE A SNACK FOR HER BROTHER BOB WE ALSO NEED A SMALL PLASTIC SNAKE AND A BIG TOY FROG FOR THE KIDS SHE CAN SCOOP THESE THINGS INTO THREE RED BAGS AND WE WILL GO MEET HER WEDNESDAY AT THE TRAIN STATION
english294.wav,PLEASE CALL STELLA ASK HER TO BRING THESE THINGS WITH HER FROM THE STORE SIX SIX SPOONS OF FRESH SNOW PEAS FIVE THICK SLABS OF BLUE CHEESE AND MAYBE A SNACK FOR HER BROTHER BOB WE ALSO NEED A SMALL PLASTIC SNAKE AND A BIG TOY FROG FOR THE KIDS SHE CAN SCOOP THESE THINGS INTO THREE RED BAGS AND WE WILL GO E GO MEET HER WEDNESDAY AT THE TRAIN STATION
english295.wav,PLEASE CALL STELLA ASK HER TO BRING THESE THINGS WITH HER FROM THE STORE SIX SPOONS OF FRESH SNOW PEAS FIVE THICK SLABS OF BLUE CHEESE AND MAYBE A SNACK FOR HER BROTHER BOB WE ALSO NEED A SMALL PLASTIC SNAKE AND A BIG TOY FROG FOR THE KIDS SHE CAN SCOOP THESE THINGS INTO THREE RED BAGS AND WE WILL GO MEET HER WEDNESDAY AT THE TRAIN STATION
english296.wav,PLEASE CALL STELLA ASK HER TO BRING THESE THINGS WITH HER FROM THE STORE SIX SPOONS OF FRESH SNOW PEAS FIVE THICK SLABS OF BLUE CHEESE AND MAYBE A SNACK FOR HER BROTHER BOB WE ALSO NEED A SMALL PLASTIC SNAKE AND A BIG TOY FROG FOR THE KIDS SHE CAN SCOOP THESE THINGS INTO THREE RED BAGS AND WE WILL GO MEET HER WEDNESDAY AT THE TRAIN STATION
english297.wav,PLEASE CALL STELLA ASK HER TO BRING THESE THINGS WITH HER FROM THE STORE SIX SPOONS OF FRESH SNOW PEAS FIVE THICK SLABS OF BLUE CHEESE AND MAYBE A SNACK FOR HER BROTHER BOB WE ALSO NEED A SMALL PLASTIC SNAKE AND A BIG TOY FROG FOR THE KIDS SHE CAN SCOOP THESE THINGS INTO THREE RED BAGS AND WE WILL GO MEET HER WEDNESDAY AT THE TRAIN STATION
english298.wav,PLEASE CALL STELLA ASK HER TO BRING THESE THINGS WITH HER FROM THE STORE SIX SPOONS OF FRESH SNOW PEAS FIVE THICK SLABS OF BLUE CHEESE AND MAYBE A SNACK FOR HER BROTHER BOB WE ALSO NEED A SMALL PLASTIC SNAKE AND A BIG TOY FROG FOR THE KIDS SHE CAN SCOOP THESE THINGS INTO THREE RED BAGS AND WE WILL GO MEETA WEDNESDAY AT THE TRAIN STATION
english299.wav,PLEASE CALL STELLA ASK HER TO BRING THESE THINGS WITH HER FROM THE STORE SIX SPOONS OF FRESH SNOW PEAS FIVE THICK SLABS OF BLUE CHEESE AND MAYBE A SNACK FOR HER BROTHER BOB WE ALSO NEED A SMALL PLASTIC SNAKE AND A BIG TOY FROG FOR THE KIDS SHE CAN SCOOP THESE THINGS INTO THREE RED BAGS AND WE WILL GO MEET HER WEDNESDAY AT THE TRAIN STATION
english3.wav,PLEASE CALL STELLA ASK HER TO BRING THESE THINGS WITH HER FROM THE STORE SIX SPOONS OF FRESH SNOW PEAS FIVE THICK SLABS OF BLUE CHEESE AND MAYBE A SNACK FOR HER BROTHER BOB WE ALSO NEED A SMALL PLASTIC SNAKE AND A BIG TOY FROG FOR THE KIDS SHE CAN SCOOP THESE THINGS INTO THREE RED BAGS AND WE WILL GO MEET HER WEDNESDAY AT THE TRAIN STATION
english30.wav,PLEASE CALL STELLA ASK HER TO BRING THESE THINGS WITH HER FROM THE STORE SIX SPOONS OF FRESH SNOW PEAS FIVE THICK SLABS OF BLUE CHEESE AND MAYBE A SNACK FOR HER BROTHER BOB WE ALSO NEED A SMALL PLASTIC SNAKE AND A BIG TOY FROG FOR THE KIDS SHE CAN SCOOP THESE THINGS INTO THREE RED BAGS AND WE WILL GO MEET HER WEDNESDAY AT THE TRAIN STATION
english300.wav,PLEASE CALL STELLA ASK HER TO BRING THESE THINGS WITH HER FROM THE STORE SIX SPOONS OF FRESH SNOW PEAS FIVE THICK SLABS OF BLUE CHEESE AND MAYBE A SNACK FOR HER BROTHER BOB WE ALSO NEED A SMALL PLASTIC SNAKE AND A BIG TOY FROG FOR THE KIDS SHE CAN SCOOP THESE THINGS INTO THREE RED BAGS AND WE WILL GO MEET HER WEDNESDAY AT THE TRAIN STATION
english301.wav,PLEASE CALL STELLA ASK HER TO BRING THESE THINGS WITH HER FROM THE STORE SIX SPOONS OF FRESH SNOW PEAS FIVE THICK SLABS OF BLUE CHEESE AND MAYBE A SNACK FOR HER BROTHER BOB WE ALSO NEED A SMALL PLASTIC SNAKE AND A BIG TOY FROG FOR THE KIDS SHE CAN SCOOP THESE THINGS INTO THREE RED BAGS AND WE WILL GO MEET HER WEDNESDAY AT THE TRAIN STATION
english302.wav,PLEASE CALL STELLA ASK HER TO BRING THESE THINGS WITH HER FROM THE STORE SIX SPOONS OF FRESH SNOW PEAS FIVE THICK SLABS OF BLUE CHEESE AND MAYBE A SNACK FOR HER BROTHER BOB WE ALSO NEED A SMALL PLASTIC SNAKE AND A BIG TOY FROG FOR THE KIDS SHE CAN SCOOP THESE THINGS INTO THREE RED BAGS AND WE WILL GO MEET HER WEDNESDAY AT THE TRAIN STATION
english303.wav,PLEASE CALL STELLA AND ASK HER TO BRING THESE THINGS WITH HER FROM THE STORE SIX SPOONS OF FRESH SNOW PEAS FIVE THICK SLABS OF BLUE CHEESE AND MAYBE A SNACK FOR HER BROTHER BOB WE ALSO NEED A SMALL PLASTIC SNAKE AND A BIG TOY FROG FOR THE KIDS SHE CAN SCOOP THESE THINGS INTO THREE RED BAGS AND WE WILL GO MEET HER WEDNESDAY AT THE DRAIN STATION
english304.wav,PLEASE CALL STELLA ASK HER TO BRING THESE THINGS WITH HER FROM THE STORE SIX SPOONS OF FRESH SNOW PEAS FIVE THICK SLABS OF BLUE CHEESE AND MAYBE A SNACK FOR HER BROTHER BOB WE ALSO NEED A SMALL PLASTIC SNAKE AND A BIG TOY FROG FOR THE KIDS SHE CAN SCOOP THESE THINGS INTO THREE RED BAGS AND WE WILL MEET HER WEDNESDAY AT THE TRAIN STATION
english305.wav,PLEASE CALL STELLA ASK HER TO BRING THESE THINGS WITH HER FROM THE STORE SIX SPOONS OF FRESH SNOW PEAS FIVE THICK SLAPS OF BLUE CHEESE AND MAYBE A SNACK FOR HER BROTHER BOB WE ALSO NEED A SMALL PLASTIC SNAP AND A BIG TOY FROCK FOR THE KIDS SHE CAN SCOOP THESE THINGS INTO THREE RED BAGS AND WE'LL GO AYE AND WE WILL GO MEET HER WEDNESDAY AT THE TRAIN STATION THANK YOU VERY MUCH THAT'S IT
english306.wav,PLEASE CALL STELLA ASK HER TO BRING THESE THINGS WITH HER FROM THE STORE SIX SPOONS OF FRESH SNOW PEAS FIVE FIVE THICK SLABS OF BLUE CHEESE AND MAYBE A SNACK FOR HER BROTHER BOB WE ALSO NEED A SMALL PLASTIC SNAKE AND A BIG TOY FROG FOR THE KIDS SHE CAN SCOOP THESE THINGS INTO THREE RED BAGS AND WE WILL GO MEET HER WEDNESDAY AT THE TRAIN STATION THANK YOU
english307.wav,PLEASE CALL STELLA ASK HER TO BRING THESE THINGS WITH HER FROM THE STORE SIX SPOONS OF FRESH SNOW PEAS FIVE THICK SLABS OF BLUE CHEESE AND MAYBE A SNACK FOR HER BROTHER BOB WE ALSO NEED A SMALL PLASTIC SNAKE AND A BIG TOY FROG FOR THE KIDS SHE CAN SCOOP THESE THINGS INTO THREE RED BAGS AND WE WILL GO MEET HER WEDNESDAY AT THE TRAIN STATION
english308.wav,PLEASE CALL STELLA ASK HER TO BRING THESE THINGS FROM THE STORE SIX SPOONS OF FRESH SNOW PEAS FIVE THICK SLABS OF BLUE CHEESE AND MAYBE A SNACK FOR HER BROTHER BOB WE ALSO NEED A SMALL PLASTIC SNAKE AND A BIG TOY FROG FOR THE KIDS SHE CAN SCOOP THESE THINGS INTO THREE RED BAGS AND WE WILL GO MEET HER WEDNESDAY AT THE TRAIN STATION
english309.wav,PLEASE CALL STELLA ASK HER TO BRING THESE THINGS WITH HER FROM THE STORE SIX SPOONS OF FRESH SNOW PEAS FIVE THICK SLABS OF BLUE CHEESE AND MAYBE A SNACK FOR HER BROTHER BOB WE ALSO NEED A SMALL PLASTIC SNAKE AND A BIG TOY FROG FOR THE KIDS SHE CAN SCOOP THESE THINGS INTO THREE RED BAGS AND WE WILL GO AND MEET HER ON WEDNESDAY AT THE TRAIN STATION
english31.wav,PLEASE CALL STELLA ASK HER TO BRING THESE THINGS WITH HER FROM THE STORE SIX SPOONS OF FRESH SNOW PEAS FIVE THICK SLABS OF BLUE CHEESE AND MAYBE A SNAP FOR HER BROTHER BOB WE ALSO NEED A PLASTIC SNAKE AND A BIG TOY FROG FOR THE KIDS SHE CAN SCOOP THESE THINGS INTO THREE RED BAGS AND WE'LL GO MEET HER WEDNESDAY AT THE TRAIN STATION
english310.wav,PLEASE CALL STELLA ASK HER TO BRING THESE THINGS WITH HER FROM THE STORE SIX SPOONS OF FRESH SNOW PEAS FIVE THICK SLABS OF BLUE CHEESE AND MAYBE A SNACK OF HER FOR HER BROTHER BOB WE ALSO NEED A SMALL PLASTIC SNACK AND A BIG TOY FROG FOR THE KIDS SHE CAN SCOOP THESE THINGS INTO THREE RED BAGS AND WE WILL GOD WE WILL GO MEET HER WEDNESDAY AT THE TRAIN STATION
english311.wav,PLEASE CALL STELLA ASK HER TO BRING THESE THINGS WITH HER FROM THE STORE SIX SPOONS OF FRESH SNOW PEAS FIVE THICK SLABS OF BLUE CHEESE AND MAYBE A SNACK FOR HER BROTHER BOB WE ALSO NEED A SMALL PLASTIC SNAKE AND A BIG TOY FROG FOR THE KIDS SHE CAN SCOOP THESE THINGS INTO THREE RED BAGS AND WE WILL GO MEET HER WEDNESDAY AT THE TRAIN STATION
english312.wav,PLEASE CALL STELLA ASK HER TO BRING THESE THINGS WITH HER FROM THE STORE SIX SPOONS OF FRESH SNOW PEAS FIVE THICK SLABS OF BLUE CHEESE AND MAYBE A SNACK FOR HER BROTHER BOB WE ALSO NEED A SMALL PLASTIC SNAKE AND A BIG TOY FROG FOR THE KIDS SHE CAN SCOOP THESE THINGS INTO THREE RED BAGS AND WE WILL GO MEET HER WEDNESDAY AT THE TRAIN STATION
english313.wav,PLEASE CALL STELLA ASK HER TO BRING THESE THINGS WITH HER FROM THE STORE SIX SPOONS OF FRESH SNOW PEAS FIVE THICK SLABS OF BLUE CHEESE AND MAYBE A SNACK FOR HER BROTHER BOB WE ALSO NEED A SMALL PLASTIC SNAKE AND A BIG TOY FROG FOR THE KIDS SHE CAN SCOOP THESE THINGS INTO THREE RED BAGS AND WE WILL GO MEET HER WEDNESDAY AT THE TRAIN STATION
english314.wav,PLEASE CALL STELLA ASK HER TO BRING THESE THINGS WITH HER FROM THE STORE SIX SPROONS OF FRESH SNOW PEAS FIVE THICK SLABS OF BLUE CHEESE AND MAYBE A SNACK FOR HER BROTHER BOB WE ALSO NEED A SMALL PLASTIC SNAKE AND A BIG TOY FROG FOR THE KIDS SHE CAN SCOOP THESE THINGS INTO THREE RED BAGS AND WE WILL GO MEET HER WEDNESDAY AT THE TRAIN STATION
english315.wav,PLEASE CALL STELLA ASK HER TO BRING THESE THINGS WITH HER FROM THE STORE SIX SPOONS OF FRESH SNOW PEAS FIVE THICK SLABS OF BLUE CHEESE AND MAYBE A SNACK FOR HER BROTHER BOB WE ALSO NEED A SMALL PLASTIC SNAKE AND A BIG TOY FROCK FOR THE KIDS SHE CAN SCOOP THESE THINGS INTO THREE RED BAGS AND WE WILL GO MEET HER WEDNESDAY AT THE TRAIN STATION
english316.wav,PLEASE CALL STELLA ASK HER TO BRING THESE THINGS WITH HER FROM THE STORE SIX SPOONS OF FRESH SNOW PEAS FIVE THICK SLABS OF BLUE CHEESE AND MAYBE A SNACK FOR HER BROTHER BOB WE ALSO NEED A SMALL PLASTIC SNAKE AND A BIG TOY FROG FOR THE KIDS SHE CAN SCOOP THESE THINGS INTO THREE RED BAGS AND WE WILL GO MEET HER WEDNESDAY AT THE TRAIN STATION
english317.wav,PLEASE CALL STELLA ASK HER TO BRING THESE THINGS WITH HER FROM THE STORE SIX SPOONS OF FRESH SNOW PEAS FIVE THICK SLABS OF BLUE CHEESE AND MAYBE A SNACK FOR HER BROTHER BOB WE ALSO NEED A SMALL PLASTIC SNAKE AND A BIG TOY FROG FOR THE KIDS SHE CAN SCOOP THESE THINGS INTO THREE RED BAGS AND WE WILL GO MEET HER WEDNESDAY AT THE TRAIN STATION
english318.wav,PLEASE CALL STELLA ASK HER TO BRING THESE THINGS WITH HER FROM THE STORE SIX SPOONS OF FRESH SNOW PEAS FIVE THICK SLABS OF BLUE CHEESE AND MAYBE A SNACK FOR HER BROTHER BOB WE ALSO NEED A SMALL PLASTIC SNAKE AND A BIG TOY FROG FOR THE KIDS SHE CAN SCOOP THESE THINGS INTO THREE RED BAGS AND WE WILL GO MEET HER WEDNESDAY AT THE TRAIN STATION
english319.wav,PLEASE CALL STELLA ASK HER TO BRING THESE THINGS WITH HER FOM BE STORE SIX SPOONFS OF FRESH SNOW PEAS FIVE THICK SLABS OF BLUE CHEESE AND MAYBE A SNACK FOR HER BROTHER BOB WE ALSO NEED A SMALL PLASTIC SNAKE AND A BIG TOY FROG FOR THE KIDS SHE CAN SCOOP THESE THINGS INTO THREE RED BAGS AND WEWILL GO MEET ER WEDNESDAY AT THE TRAIN STATION
english32.wav,PLEASE CALL STELLA ASK HER TO BRING THESE THINGS WITH HER FROM THE STORE SIX SPOONS OF FRESH SNOW PEAS FIVE THICK SLABS OF BLUE CHEESE AND MAYBE A SNACK FOR HER BROTHER BOB WE ALSO NEED A SMALL PLASTIC SNAKE AND A BIG TOY FROG FOR THE KIDS SHE CAN SCOOP THESE THINGS INTO THREE RED BAGS AND WE WIL MEET HER WEDNESDAY AT THE TRAIN STATION
english320.wav,PLEASE CALL STELLA ASK HER TO BRING THESE THINGS WITH HER FROM THE TO SIX SPOONS OF FRESH SNOW PEES FIVE THICK LUMS OF BLUE CHEESE AND MAYBE A SNAK FOR HER BROTHER BO WE ALSO NEED A SMALL PLASTIC SNAK AND A BIG TOIL FROG FOR THE KITS SHE CAN SCOOP THESE THINGS INTO THREE RED BEGS AND WE WILL GO MEET HER ONASTAY AT THE TRAIN STATION
english321.wav,PLEASE CALL STELLA ASK HER TO BRING THESE THINGS WITH HER FROM THE STORE SIX SPOONS OF FRESH SNOW PEAS FIVE THICK SLABS OF BLUE CHEESE AND MAYBE A SNACK FOR HER BROTHER BOB WE ALSO NEED A SMALL PLASTIC SNAKE AND A BIG TOY FROG FOR THE KIDS SHE CAN SCOOP THESE THINGS INTO THREE RED BAGS AND WE WILL GO MEET HER WEDNESDAY AT THE TRAIN STATION
english322.wav,PLEASE CALL STELLA ASK HER TO BRING THESE THINGS WITH HER FROM THE STORE SIX SPOONS OF FRESH SNOW PEAS FIVE THICK SLABS OF BLUE CHEESE AND MAYBE A SNACK FOR HER BROTHER BOB WE ALSO NEED A SMALL PLASTIC SNAKE AND A BIG TOY FROG FOR THE KIDS SHE CAN SCOOP THESE THINGS INTO THREE RED BAGS AND WE WILL GO MEET HER WEDNESDAY AT THE TRAIN STATION
english323.wav,PLEASE CALL STELLA ASK HER TO BRING THESE THINGS WITH HER FROM THE STORE SIX SPOONS OF FRESH SNOW PEAS FIVE THICK SLABS OF BLUE CHEESE AND MAYBE A SNACK FOR HER BROTHER BOB WE ALSO NEED A SMALL PLASTIC SNAKE AND A BIG TOY FROG FOR THE KIDS SHE CAN SCOOP THESE THINGS INTO THREE RED BAGS AND WE WILL GO MEET HER WEDNESDAY AT THE TRAIN STATION
english324.wav,PLEASE CALL STELLA ASK HER TO BRING THESE THINGS WITH HER FROM THE STORE SIX SPOONS OF FRESH SNOW PEAS FIVE THICK SLABS OF BLUE CHEESE AND MAYBE A SNACK FOR HER BROTHER BOB WE ALSO NEED A SMALL PLASTIC SNAKE AND A BIG TOY FROG FOR THE KIDS SHE CAN SCOOP THESE THINGS INTO THREE RED BAGS AND WE WILL GO MEET HER WEDNESDAY AT THE TRAIN STATION
english325.wav,PLEASE CALL STELLA ASK HER TO BRING THESE THINGS WITH HER FROM THE STORE SIX SPOONS OF FRESH SNOW PEAS FIVE THICK SLABS OF BLUE CHEESE AND MAYBE A SNACK FOR HER BROTHER BOB WE ALSO NEED A SMALL PLASTIC SNAKE AND A BIG TOY FROG FOR THE KIDS SHE CAN SCOOP THESE THINGS IN THE THREE RED BAGS AND WE WILL GO MEET HER WEDNESDAY AT THE TRAIN STATION
english326.wav,PLEASE CALL STELLA ASK HER TO BRING THESE THINGS WITH HER FROM THE STORE SIX SPOONS OF FRESH SNOW PEAS FIVE THICK SLABS OF BLUE CHEESE AND MAYBE A SNACK FOR HER BROTHER BOB WE ALSO NEED A SMALL PLASTIC SNAKE AND A BIG TOY FROG FOR THE KIDS SHE CAN SCOOP THESE THINGS INTO THREE RED BAGS AND WE'LL GO MEET HER WEDNESDAY AT THE TRAIN STATION
english327.wav,PLEASE CALL STELLA ASK HER TO BRING THESE THINGS WITH HER FROM THE STORE SIX SPOONS OF FRESH SNOW PEAS FIVE THICK SLABS OF BLUE CHEESE AND MAYBE A SNACK FOR HER BROTHER BOB WE ALSO NEED A SMALL PLASTIC SNAKE AND A BIG TOY FROG FOR THE KIDS SHE CAN SCOOP THESE THINGS INTO THREE RED BAGS AND WE WILL GO MEET HER WEDNESDAY AT THE TRAIN STATION
english328.wav,PLEASE CALL STELLA ASK HER TO BRING THESE THINGS WITH HER FROM THE STORE SIX SPOONS OF FRESH SNOW PEAS FIVE THICK SLABS OF BLUE CHEESE AND MAYBE A SNACK FOR HER BROTHER BOB WE ALSO NEED A SMALL PLASTIC SNAKE AND A BIG TOY FROG FOR THE KIDS SHE CAN SCOOP THESE THINGS INTO THREE RED BAGS AND WELL GO MEET HER WEDNESDAY AT THE TRAIN STATION
english329.wav,PLEASE CALL STELLA ASK HER TO BRING THESE THINGS WITH HER FROM THE STORE SIX SPOONS OF FRESH SNOW PEAS FIVE THICK SLABS OF BLUE CHEESE AND MAYBE A SNACK FOR HER BROTHER BOB WE ALSO NEED A SMALL PLASTIC SNAKE AND A BIG TOY FROG FOR THE KIDS SHE CAN SCOOP THESE THINGS INTO THREE RED BAGS AND WE WILL GO MEET HER WEDNESDAY AT THE TRAIN STATION
english33.wav,PLEASE CALL STELLA ASK HER TO BRING THESE THINGS WITH HER FROM THE STORE SIX SPOONS OF FRESH SNOW PEASE FIVE THICK SLABS OF BLUE CHEESE AND MAYBE A SNACK FOR HER BROTHER BOB WE ALSO NEED A SMALL PLASTIC SNAKE AND A BIG TOY FROG FOR THE KIDS SHE CAN SCOOP THESE THINGS INTO THREE RED BAGS AND WE WILL GO MEET HER WEDNESDAY AT THE TRAIN STATION
english330.wav,PLEASE CALL STELLA ASK HER TO BRING THESE THINGS WITH HER FROM THE STORE SIX SPOONS OF FRESH SNOW PEAS FIVE THICK SLABS OF BLUE CHEESE AND MAYBE A SNAP FOR HER BROTHER BOB WE ALSO NEED A SMALL PLASTIC SNAKE AND A BIG TOY FROG FOR THE KIDS SHE CAN SCOOP THESE THINGS INTO THREE RED BAGS AND WE WILL GO MEET HER WEDNESDAY AT THE TRAIN STATION
english331.wav,PLEASE CALL STELLA ASK HER TO BRING THESE THINGS WITH HER FROM THE STORE SIX SPOONS OF FRESH SNOW PEAS FIVE THICK SLABS OF BLUE CHEESE AND MAYBE A SNACK FOR HER BROTHER BOB WE ALSO NEED A SMALL PLASTIC SNAKE AND A BIG TOY FROG FOR THE KIDS SHE CAN SCOOP THESE THINGS INTO THREE RED BAGS AND WE WILL GO MEET HER WEDNESDAY AT THE TRAIN STATION
english332.wav,PLEASE CALL UP STELLA ASK HER TO BRING THESE THINGS WITH HER FROM THE STORE SIX SPOONS OF FRESH SNOW PEAS FIVE THICK SLABS OF BLUE CHEESE AND MAYBE A SNACK FOR HER BROTHER BOB WE ALSO NEED A SMALL PLASTIC SNAKE AND A BIG TOY FROG FOR THE KIDS SHE CAN SCOOP THESE THINGS INTO THREE RED BAGS AND WE WILL GO MEETER WEDNESDAY AT THE TRAIN STATION
english333.wav,PLEASE CALL STELLA ASK HER TO BRING THESE THINGS WITH HER FROM THE STORE SIX SPOONS OF FRESH SNOWPEAS FIVE THICK SLABS OF BLUE CHEESE AND MAYBE A SNACK FOR HER BROTHER BOB WE ALSO NEED A SMALL PUSSICK SNAKE AND A BIG TOY FROG FOR THE KIDS SHE CAN SCOOP THESE THINGS INTO THREE RED BAGS AND WE WILL GO MEET HER WEDNESDAY AT THE TRAIN STATION
english334.wav,PLEASE CALL STELLA ASK HER TO BRING THESE THINGS WITH HER FROM THE STORE SIX SPOONS OF FRESH SNOW PEAS FIVE THICK SLABS OF BLUE CHEESE AND MAYBE A SNACK FOR HER BROTHER BOB WE ALSO NEED A SMALL PLASTIC SNAKE AND A BIG TOY FROG FOR THE KIDS SHE CAN SCOOP THESE THINGS INTO THREE RED BAGS AND WE WILL GO MEET HER WEDNESDAY AT THE TRAIN STATION
english335.wav,PLEASE CALL STELLA ASK HOR TO WRING THESE THINGS WHISTLE FROM THE STALKS SIX SPOONS OF FRESH SNOW PEAS FIVE SIX SLICK SIX SLABS OF BLUE CHEESE AND MAYBE A SNACK FOR A BROTHER BOB YEU ALSO NEED A SMALL PLASTIC SNAKE AND A BIG TOY FLOG FOR THE CASE SHE CAN SCOOP THESE THINGS IN THE THREE RED BAGS AND WE WILL GO MEETE WEDNESDAY AT THE TRAIN STATION
english336.wav,PLEASE CALL STELLA ASK HER TO BRING THESE THINGS WITH HER FROM THE STORE SIX SPOONS OF FRESH SNOW PEAS FIVE THICK SLABS OF BLUE CHEESE AND MAYBE A SNACK FOR HER BROTHER BOB WE ALSO NEED A SMALL PLASTIC SNAKE AND A BIG TOY FROG FOR THE KIDS SHE CAN SCOOP THESE THINGS INTO THREE RED BAGS AND WE WILL GO MEET HER WEDNESDAY AT THE TRAIN STATION
english337.wav,PLEASE CALL STELLA ASK HER TO BRING THESE THINGS WITH HER FROM THE STORE SIX SPOONS OF FRESH SNOW PEAS FIVE THICK SLABS OF BLUE CHEESE AND MAYBE A SNACK FOR HER BROTHER BOB WE ALSO NEED A SMALL PLASTIC SNAKE AND A BIG TOY FROG FOR THE KIDS SHE CAN SCOOP THESE THINGS INTO THREE RED BAGS AND WE WILL GO MEET HER WEDNESDAY AT THE TRAIN STATION
english338.wav,PLEASE CALL STELLA ASK HER TO BRING THESE THINGS WITH HER FROM THE STORE SIX SPOONS OF FRESH SNOW PEAS FIVE THICK SLABS OF BLUE CHEESE AND MAYBE A SNACK FOR HER BROTHER BOB WE ALSO NEED A SMALL PLASTIC SNAKE AND A BIG TOY FROG FOR THE KIDS SHE CAN SCOOP THESE THINGS INTO THREE RED BAGS AND WE WILL GO MEET HER WEDNESDAY AT THE TRAIN STATION
english339.wav,PLEASE CALL STELLA ASK HER TO BRING THESE THINGS WITH HER FROM THE STORE SIX SPOONS OF FRESH SNOW PEAS FIVE THICK SLABS OF BLUE CHEESE AND MAYBE A SNACK FOR HER BROTHER BOB WE ALSO NEED A SMALL PLASTIC SNAKE AND A BIG TOY FROG FOR THE KIDS SHE CAN SCOOP THESE THINGS INTO THREE RED BAGS AND WE WILL GO MEET HER WEDNESDAY AT THE TRAIN STATION
english34.wav,PLEASE CALL STELLA ASK HER TO BRING THESE THINGS WITH HER FROM THE STORE SIX SPOONS OF FRESH SNOW PEAS FIVE THICK SLABS OF BLUE CHEESE AND MAYBE A SNACK FOR HER BROTHER BOB WE ALSO NEED A SMALL PLASTIC STEAK AND A BIG TOY FROG FOR THE KIDS SHE CAN SCOOP THESE THINGS INTO THREE RED BAGS AND WE WILL GO MEET HER WEDNESDAY AT THE TRAIN STATION
english340.wav,PLEASE CALL STELLA ASK HER TO BRING THESE THINGS WITH HER FROM THE STORE SIX SPOONS OF FRESH SNOW PEAS FIVE THICK SLABS OF BLUE CHEESE AND MAYBE A SNACK FOR HER BROTHER BOB WE ALSO NEED A SMALL PLASTIC SNAKE AND A BIG TOY FROG FOR THE KIDS SHE CAN SCOOP THESE THINGS INTO THREE RED BAGS AND WE WILL GO MEET HER WEDNESDAY AT THE TRAIN STATION
english341.wav,PLEASE CALL STELLA ASK HER TO BRING THESE THINGS WITH HER FROM THE STORE SIX SPOONS OF FRESH SNOW PEAS FIVE THICK SLABS OF BLUE CHEESE AND MAYBE A SNAP FOR HER BROTHER BOB WE ALSO NEED A SMALL PLASTIC SNAKE AND A BIG TOY FROG FOR THE KIDS SHE CAN SCOOP THESE THINGS INTO THREE RED BAGS AND WE'LL GO MEET HER WEDNESDAY AT THE TRAIN STATION
english342.wav,PLEASE CALL STELLA ASK HER TO BRING THESE THINGS WITH HER FROM THE STORE SIX SPOONS OF FRESH SNOW PEAS FIVE THICK SLABS OF BLUE CHEESE AND MAYBE A SNACK FOR HER BROTHER BOB WE ALSO NEED A SMALL PLASTIC SNAKE AND A BIG TOY FROG FOR THE KIDS SHE CAN SCOOP THESE THINGS INTO THREE RED BAGS AND WE WILL GO MEET HER WEDNESDAY AT THE TRAIN STATION
english343.wav,PLEASE CALL STELLA ASK HER TO BRING THESE THINGS WITH HER FROM THE STORE SIX SPOONS OF FRESH SNOW PEAS FIVE THICK SLABS OF BLUE CHEESE AND MAYBE A SNACK FOR HER BROTHER BOB WE ALSO NEED A SMALL PLASTIC SNAKE AND A BIG TOY FROG FOR THE KIDS SHE CAN SCOOP THESE THINGS INTO THREE RED BAGS AND WE WILL GO MEET HER WEDNESDAY AT THE TRAIN STATION
english344.wav,PLEASE CALL STELLA ASK HER TO BRING THESE THINGS WITH HER FROM THE STORE SIX SPOONS OF FRESH SNOW PEAS FIVE THICK SLABS OF BLUE CHEESE AND MAYBE A SNACK FOR HER BROTHER BOB WE ALSO NEED A SMALL PLASTIC SNAKE AND A BIG TOY FROG FOR THE KIDS SHE CAN SCOOP THESE THINGS INTO THREE RED BAGS AND WE WILL GO MEET HER WEDNESDAY AT THE TRAIN STATION
english345.wav,PLEASE CALL STELLA ASK HER TO BRING THESE THINGS WITH HER FROM THE STORE SIX SPOONS OF FRESH SNOW PEAS FIVE THICK SLABS OF BLUE CHEESE AND MAYBE A SNACK FOR HER BROTHER BOB WE ALSO NEED A SMALL PLASTIC SNAKE AND A BIG TOY FROG FOR THE KIDS SHE CAN SCOOP THESE THINGS INTO THREE RED BAGS AND WE WILLG MEET HER WEDNESDAY AT THE TRAIN STATION
english346.wav,PLEASE CALL STELLA ASK HER TO BRING THESE THINGS WITH HER FROM THE STORE SIX SPOONS OF FRESH SNOW PEAS FIVE THICK SLABS OF BLUE CHEESE AND MAYBE A SNACK FOR HER BROTHER BOB WE ALSO NEED A SMALL PLASTIC SNAKE AND A BIG TOY FROG FOR THE KIDS SHE CAN SCOOP THESE THINGS INTO THREE RED BAGS AND WE WILL GO MEET HER WEDNESDAY AT THE TRAIN STATION
english347.wav,PLEASE CALL STELLA ASK HER TO BRING THESE THINGS WITH HER FROM THE STORE SIX SPOONS OF FRESH SNOW PEAS FIVE THICK SLABS OF BLUE CHEESE AND MAYBE A SNACK FOR HER BROTHER BOB WE ALSO NEED A SMALL PLASTIC SNAKE AND A BIG TOY FROG FOR THE KIDS SHE CAN SCOOP THESE THINGS INTO THREE RED BAGS AND WE WILL GO MEET HER WEDNESDAY AT THE TRAIN STATION
english348.wav,PLEASE CALL STELLA ASK HER TO BRING THESE THINGS WITH HER FROM THE STORE SIX SPOONS OF FRESH SNOW PEAS FIVE THICK SLABS OF BLUE CHEESE AND MAYBE A SNACK FOR HER BROTHER BOB WE ALSO NEED A SMALL PLASTIC SNAKE AND A BIG TOY FROG FOR THE KIDS SHE CAN SCOOP THESE THINGS IN THO THREE RED BAGS AND WE WILL GO MEET HER WEDNESDAY AT THE TRAIN STATION
english349.wav,PLEASE CALL STELLA ASK HER TO BRING THESE THINGS WITH HER FROM THE STORE SIX SPOONS OF FRESH SNOW PEAS FIVE THICK SLABS OF BLUE CHEESE AND MAYBE A SNACK FOR HER BROTHER BOB WE ALSO NEED A SMALL PLASTIC SNAKE AND A BIG TOY FROG FOR THE KIDS SHE CAN SCOOP THESE THINGS INTO THREE RED BAGS AND WE WILL GO MEET HER WEDNESDAY AT THE TRAIN STATION
english35.wav,PLEASE CALL STELLA ASK HER TO BRING THESE THINGS WITH HER FROM THE STORE SIX SPOONS OF FRESH SNOW PEAS FIVE THICK SLABS OF BLUE CHEESE AND MAYBE A SNACK FOR HER BROTHER BOB WE ALSO NEED A SMALL PLASTIC SNAKE AND A BIG TOY FROG FOR THE KIDS SHE CAN SCOOP THESE THINGS INTO THREE RED BAGS AND WE WILL GO MEET HER WEDNESDAY AT THE TRAIN STATION
english350.wav,PLEASE CALL STELLA ASK HER TO BRING THESE THINGS WITH HER FROM THE STORE SIX SPOONS OF FRESH SNOW PEAS FIVE THICK SLABS OF BLUE CHEESE AND MAYBE A SNAC FOR HER BROTHER BOB WE ALSO NEED A SMALL PLASTIC SNAKE AND A BIG TOY FROG FOR THE KIDS SHE CAN SCOOP THESE THINGS INTO THREE RED BAGS AND WE WILL GO MEET A WEDNESDAY AT THE TRAIN STATION
english351.wav,PLEASE CALL STELLA ASK HER TO BRING THESE THINGS WITH HER FROM THE STORE SIX SPOONS OF FRESH SNOW PEAS FIVE THICK SLABS OF BLUE CHEESE AND MAYBE A SNACK FOR HER BROTHER BOB WE ALSO NEED A PLASTIC SNAKE AND A BIG TOY FROG FOR THE KIDS SHE CAN SCOOP THESE THINGS INTO THREE RED BAGS AND WE WILL GO MEET HER WEDNESDAY AT THE TRAIN STATION
english352.wav,PLEASE CALL STELLA ASK HER TO BRING THESE THINGS WITH HER FROM THE STALL SIX SPOONS OF FRESH SNOW PEAS FIVE TICK SLAPS OF BLUE CHEESE AND MAYBE A SNAKE FOR HER BROTHER BOB WE ALSO NEED A SMALL PLASTIC SNAKE AND A BIG TOY FROCK FOR THE KIDS SHE CAN SCOOP THESE THINGS INTO THREE RED BACKS AND WE WILL GO MEET HER WENSDAY AT THE TRAIN STATION
english353.wav,PLEASE CALL STELLA ASK HER TO BRING THESE THINGS WITH HER FROM THE STORE SIX SPOONS OF FRESH SNOW PEAS FIVE THICK SLABS OF BLUE CHEESE AND MAYBE A SNACK FOR HER BROTHER BOB WE ALSO NEED A SMALL PLASTIC SNAKE AND A BIG TOY FROG FOR THE KIDS SHE CAN SCOOP THESE THINGS INTO THREE RED BAGS AND WE WILL GO MEET HER WEDNESDAY AT THE TRAIN STATION
english354.wav,PLEASE CALL STELLA ASK HER TO BRING THESE THINGS WITH YOU FROM THE STORE SIX SPOONS OF FRESH SNOW PEAS FIVE THICK SLABS OF BLUE CHEESE AND MAYBE A SNAKE FOR HER BROTHER BOB WE ALSO NEED A SMALL PLASTIC SNAKE AND A BIG TOY FROG FOR THE KIDS SHE CAN SCROP THESE THINGS INTO THREE RED BAGS AND WE WILL GO MEET HER WEDNESDAY AT THE TRAIN STATION
english355.wav,PLEASE CALL STELLA ASK HER TO BRING THESE THINGS WITH HER FROM THE STORE SIX SPOONS OF FRESH SNOW PEAS FIVE THICK SLABS OF BLUE CHEESE AND MAYBE A SNACK FOR HER BROTHER BOB WE ALSO NEED A SMALL PLASTIC SNAKE AND BIG TOY FROG FOR THE KIDS SHE CAN SCOOP THESE THINGS INTO THREE RED BAGS AND WE WILL GO MEET HER WEDNESDAY AT THE TRAIN STATION
english356.wav,PLEASE CALL STELLA ASK HER TO BRING THESE THINGS WITH HER FROM THE STORE SIX SPOONS OF FRESH SNOW PEAS FIVE THICK SLABS OF BLUE CHEESE AND MAYBE A SNACK FOR HER BROTHER BOB WE ALSO NEED A SMALL PLASTIC SNAKE AND A BIG TOY FROG FOR THE KIDS SHE CAN SCOOP THESE THINGS INTO THREE RED BAGS AND WE WILL GO MEET HER WEDNESDAY AT THE TRAIN STATION
english357.wav,PLEASE CALL STELLA ASK HER TO BRING THESE THINGS WITH HER FROM THE STORE SIX SPOONS OF FRESH SNOW PEASE FIVE THICK SLABS OF BLUE CHEESE AND MAYBE A SNACK FOR HER BROTHER BOB WE ALSO NEED A SMALL PLASTIC SNAKE AND A BIG TOY FROG FOR THE KIDS SHE CAN SCOOP THESE THINGS INTO THREE RED BAGS AND WE WILL GO MEET HER WEDNESDAY AT THE TRAIN STATION
english358.wav,PLEASE CALL STELLA ASK HER TO BRING THESE THINGS WITH HER FROM THE STORE SIX SPOONS OF FRESH SNOW PEAS FIVE THICK SLABS OF BLUE CHEESE AND MAYBE A SNACK FOR BROTHER BOB WE ALSO NEED A SMALL PLASTIC SNAKE AND A BIG TOY FROG FOR THE KIDS SHE CAN SCOOP THESE THINGS INTO THREE RED BAGS AND WE WILL GO MEET HER WEDNESDAY AT THE TRAIN STATION
english359.wav,PLEASE CALL STELLA ASK HER TO BRING THESE THINGS WITH HER FROM THE STORE SIX SPOONS OF FRESH SNOW PEAS FIVE THICK SLABS OF BLUE CHEESE AND MAYBE A SNACK FOR HER BROTHER BOB WE ALSO NEED A SMALL PLASTIC SNAKE AND A BIG TOY FROG FOR THE KIDS SHE CAN SCOOP THESE THINGS INTO THREE RED BAGS AND WE WILL GO MEET HER WEDNESDAY AT THE TRAIN STATION
english36.wav,PLEASE CALL STELLA ASK HER TO BRING THESE THINGS WITH HER FROM THE STORE SIX SPOONS OF FRESH SNOW PEAS FIVE THICK SLABS OF BLUE CHEESE AND MAYBE A SNACK FOR HER BROTHER BOB WE ALSO NEED A SMALL PLASTIC SNAKE AND A BIG TOY FROG FOR THE KIDS SHE CAN SCOOP THESE THINGS INTO THREE RED BAGS AND WE WILL GO MEET HER WEDNESDAY AT THE TRAIN STATION
english360.wav,PLEASE CALL STELLA ASK HER TO BRING THESE THINGS WITH HER FROM THE STORE SIX SPOONS OF FRESH SNOW PEAS FIVE THICK SLABS OF BLUE CHEESE AND MAYBE A SNACK FOR HER BROTHER BOB WE ALSO NEED A SMALL PLASTIC SNAKE AND A BIG TOY FROG FOR THE KIDS SHE CAN SCOOP THESE THINGS INTO THREE RED BAGS AND WE WILL GO MEET HER WEDNESDAY AT THE TRAIN STATION
english361.wav,PLEASE CALL STELLA ASK HER TO BRING THESE THINGS WITH HER FROM THE STORE SIX SPOONS OF FRESH SNOW PEAS FIVE THICK SLABS OF BLUE CHEESE AND MAYBE A SNACK FOR HER BROTHER BOB WE ALSO NEED A SMALL PLASTIC SNAKE AND A BIG TOY FROG FOR THE KIDS SHE CAN SCOOP THESE THINGS INTO THREE RED BAGS AND WE WILL GO MEET HER WEDNESDAY AT THE TRAIN STATION
english362.wav,PLEASE CALL STELLA ASK HER TO BRING THESE THINGS WITH HER FROM THE STORE SIX SPOONS OF FRESH SNOW PEAS FIVE THICK SLABS OF BLUE CHEESE AND MAYBE A SNACK FOR HER BROTHER BOB WE ALSO NEED A SMALL PLASTIC SNAKE AND A BIG TOY FROG FOR THE KIDS SHE CAN SCOOP THESE THINGS INTO THREE RED BAGS AND WE WILL GO MEET HER WEDNESDAY AT THE TRAIN STATION
english363.wav,PLEASE CALL STELLA ASK HER TO BRING THESE THINGS WITH HER FROM THE STORE SIX SPOONS OF FRESH SNOW PEAS FIVE THICK SLABS OF BLUE CHEESE AND MAYBE A SNACK FOR A BROTHER BROB WE ALSO NEED A SMALL PLASTIC SNAKE AND A BIG TOY FROG FOR THE KIDS SHE CAN SCOOP THESE THINGS INTO THREE RED BAGS AND WELL GO MEET HER WEDNESDAY AT THE TRAIN STATION
english364.wav,PLEASE CALL STELLA ASK HER TO BRING THESE THINGS WITH HER FROM THE STORE SIX SPOONS OF FRESH SNOW PEAS FIVE THICK SLABS OF BLUE CHEESE AND MAYBE A SNACK FOR HER BROTHER BOB WE ALSO NEED A SMALL PLASTIC SNAKE AND A BIG TOY FROG FOR THE KIDS SHE CAN SCOOP THESE THINGS INTO THREE RED BAGS AND WE WILL GO MEET HER WEDNESDAY AT THE TRAIN STATION
english365.wav,PLEASE CALL STELLA ASK HER TO BRING THESE THINGS WITH HER FROM THE STORE SIX SPOONS OF FRESH SNOW PEAS FIVE THICK SLABS OF BLUE CHEESE AND MAYBE A SNACK FOR HER BROTHER BOB WE ALSO NEED A SMALL PLASTIC SNAKE AND A BIG TOY FROG FOR THE KIDS SHE CAN SCOOP THESE THINGS INTO THREE RED BAGS AND WE WILL GO MEET HER WEDNESDAY AT THE TRAIN STATION
english366.wav,PLEASE CALL STELLA ASK HER TO BRING THESE THINGS WITH HER FROM THE STORE SIX SPOONS OF FRESH SNOW PEAS FIVE THICK SLABS OF BLUE CHEESE AND MAYBE A SNACK FOR HER BROTHER BOB WE ALSO NEED A SMALL PLASTIC SNAKE AND A BIG TOY FROG FOR THE KIDS SHE CAN SCOOP THESE THINGS INTO THREE RED BAGS AND WE WILL GO MEET HER WEDNESDAY AT THE TRAIN STATION
english367.wav,PLEASE CALL STELLA ASK HER TO BRING THESE THINGS WITH HER FROM THE STORE SIX SPOONS OF FRESH SNOW PEAS FIVE THICK SLABS OF BLUE CHEESE AND MAYBE A SNACK FOR HER BROTHER BOB WE ALTO NEED A SMALL PLASTIC SNAKE AND A BIG TOY FROG FOR THE KIDS SHE CAN SCOOP THESE THINGS INTO THREE RED BAGS AND WE WILL GO MEET OR WEDNESDAY AT THE TRAIN STATION
english368.wav,PLEASE CALL STELLA ASK HER TO BRING THESE THINGS WITH HER FROM THE STORE SIX SPOONS OF FRESH SNOW PEAS FIVE THICK SLABS OF BLUE CHEESE AND MAYBE A SNACK FOR HER BROTHER BOB WE ALSO NEED A SMALL PLASTIC SNAKE AND A BIG TOY FROG FOR THE KIDS SHE CAN SCOOP THESE THINGS INTO THREE RED BAGS AND WE WILL GO MEET HER WEDNESDAY AT THE TRAIN STATION
english369.wav,PLEASE CALL STELLA ASK HER TO BRING THESE THINGS WITH HER FROM THE STORE SIX SPOONS OF FRESH SNOW PEAS FIVE THICK SLABS OF BLUE CHEESE AND MAYBE A SNACK FOR HER BROTHER BOB WE ALSO NEED A SMALL PLASTIC SNAKE AND A BIG TOY FROG FOR THE KIDS SHE CAN SCOOP THESE THINGS INTO THREE RED BAGS AND WE WILL GO MEET HER WEDNESDAY AT THE TRAIN STATION
english37.wav,PLEASE CALL STELLA ASK HER TO BRING THESE THINGS WITH HER FROM THE STORE SIX SPOONS OF FRESH SNOW PEAS FIVE THICK SLABS OF BLUE CHEESE AND MAYBE A SNACK FOR HER BROTHER BOB WE ALSO NEED A SMALL PLASTIC SNAKE AND A BIG TOY FROG FOR THE KIDS SHE CAN SCOOP THESE THINGS INTO THREE BAGS AND WE WILL GO MEET HER WEDNESDAY AT THE TRAIN STATION
english370.wav,PLEASE CALL STELLA ASK HER TO BRING THESE THINGS WITH HER FROM THE STORE SIX SPOONS OF FRESH SNOW PEAS FIVE THICK SLABS OF BLUE CHEESE AND MAYBE A SNACK FOR HER BROTHER BOB WE ALSO NEED A SMALL PLASTIC SNAKE AND A BIG TOY FROG FOR THE KIDS SHE CAN SCOOP THESE THINGS INTO THREE RED BAGS AND WE WILL GO MEET HER WEDNESDAY AT THE TRAIN STATION
english371.wav,PLEASE CALL STELLA ASK HER TO BRING THESE THINGS WITH HER FROM THE STORE SIX SPOONS OF FRESH SNOW PEAS FIVE THICK SLABS OF BLUE CHEESE AND MAYBE A SNAT FOR HER BROTHER BOB WE ALSO NEED A SMALL PLASTIC SNAKE AND A BIG TOY FROG FOR THE KIDS SHE CAN SCOOP THESE THINGS INTO THREE RED BAGS AND WE WILL GO MEET HER WEDNESDAY AT THE TRAIN STATION
english372.wav,PLEASE CALL STELLA ASK HER TO BRING THESE THINGS WITH HER FROM THE STORE SIX SPOONS OF FRESH SNOW PEAS FIVE THICK SLABS OF BLUE CHEESE AND MAYBE A SNACK FOR HER BROTHER BOB WE ALSO NEED A SMALL PLASTIC SNAKE AND A BIG TOY FROG FOR THE KIDS SHE CAN SCOOP THESE THINGS INTO THREE RED BAGS AND WE WILL GO MEET HER WEDNESDAY AT THE TRAIN STATION
english373.wav,PLEASE CALL STELLA ASK HER TO BRING THESE THINGS WITH HER FROM THE STORE SIX SPOONS OF FRESH SNOW PEAS FIVE THICK SLABS OF BLUE CHEESE AND MAYBE A SNACK FOR HER BROTHER BOB WE ALSO NEED A SMALL PLASTIC SNAKE AND A BIG TOY FROG FOR THE KIDS SHE CAN SCOOP THESE THINGS INTO THREE RED BAGS AND WE WILL GO MEET HER WEDNESDAY AT THE TRAIN STATION
english374.wav,PLEASE CALL STELLA ASK HER TO BRING THESE THINGS WITH HER FROM THE STORE SIX SPOONS OF FRESH SNOW PEAS FIVE THICK SLABS OF BLUE CHEESE AND MAYBE A SNACK FOR HER BROTHER BOB WE ALSO NEED A SMALL PLASTIC SNAKE AND A BIG TOY FROG FOR THE KIDS SHE CAN SCOOP THESE THINGS INTO THREE RED BAGS AND WE WILL GO MEET HER WEDNESDAY AT THE TRAIN STATION
english375.wav,PLEASE CALL STELLA ASK HER TO BRING THESE THINGS WITH HER FROM THE STORE SIX SPOONS OF FRESH SNOW PEAS FIVE THICK SLABS OF BLUE CHEESE AND MAYBE A SNACK FOR HER BROTHER BOB WE ALSO NEED A SMALL PLASTIC SNAKE AND A BIG TOY FROG FOR THE KIDS SHE CAN SCOOP THESE THINGS INTO THREE RED BAGS AND WE WILL GO MEET HER WEDNESDAY AT THE TRAIN STATION
english376.wav,PLEASE CALL STELLA ASK HER TO BRING THESE THINGS WITH HER FROM THE STORE SIX SPOONS OF FRESH SNOW PEAS FIVE THICK SLABS OF BLUE CHEESE AND MAYBE A SNACK FOR HER BROTHER BOB WE ALSO NEED A SMALL PLASTIC SNAKE AND A BIG TOY FROG FOR THE KIDS SHE CAN SCOOP THESE THINGS INTO THREE RED BAGS AND WE WILL GO MEET HER WEDNESDAY AT THE TRAIN STATION
english377.wav,PLEASE CALL STELLA ASK HER TO BRING THESE THINGS WITH HER FROM THE STORE SIX SPOONS OF FRESH SNOW PEAS FIVE THICK SLABS OF BLUE CHEESE AND MAYBE A SNACK FOR HER BROTHER BOB WE ALSO NEED A SMALL PLASTIC SNAKE AND A BIG TOY FROG FOR THE KIDS SHE CAN SCOOP THESE THINGS INTO THREE BAGS AND WE WILL GO MEET HER WEDNESDAY AT THE TRAIN STATION
english378.wav,PLEASE CALL STELLA ASK HER TO BRING THESE THINGS WITH HER FROM THE STORE SIX SPOONS OF FRESH SNOW PEAS FIVE THICK SLABS OF BLUE CHEESE AND MAYBE A SNACK FOR HER BROTHER BOB WE ALSO NEED A SMALL PLASTIC SNAKE AND A BIG TOY FROG FOR THE KIDS SHE CAN SCOOP THESE THINGS INTO THREE RED BAGS AND WE WILL GO MEET HER WEDNESDAY AT THE TRAIN STATION
english379.wav,PLEASE CALL STELLA ASK HER TO BRING THESE THINGS WITH HER FROM THE STORE SIX SPOONS OF FRESH SNOW PEAS FIVE THICK SLABS OF BLUE CHEESE AND MAYBE A SNACK FOR HER BROTHER BOB WE ALSO NEED A SMALL PLASTIC SNAKE AND A BIG TOY FROG FOR THE KIDS SHE CAN SCOOP THESE THINGS INTO THREE RED BAGS AND WE WILL GO MEET HER WEDNESDAY AT THE TRAIN STATION
english38.wav,PLEASE CALL STELLA ASK HER TO BRING THESE THINGS WITH HER FROM THE STORE SIX SPOONS OF FRESH SNOW PEAS FIVE THICK SLABS OF BLUE CHEESE AND MAYBE A SNACK FOR HER BROTHER BOB WE ALSO NEED A SMALL PLASTIC SNAKE AND A BIG TOY FROG FOR THE KIDS SHE CAN SCOOP THESE THINGS INTO THREE RED BAGS AND WE WILL GO MEET HER WEDNESDAY AT THE TRAIN STATION
english380.wav,PLEASE CALL STELLA ASK HER TO BRING THESE THINGS WITH HER FROM THE STORE SIX SPOONS OF FRESH SNOW PEAS FIVE THICK SLABS OF BLUE CHEESE AND MAYBE A SNACK FOR HER BROTHER BOB WE ALSO NEED A SMALL PLASTIC SNAKE AND A BIG TOY FROG FOR THE KIDS SHE CAN SCOOP THESE THINGS INTO THREE RED BAGS AND WE WILL GO MEET HER WEDNESDAY AT THE TRAIN STATION
english381.wav,PLEASE CALL STELLA ASK HER TO BRING THESE THINGS WITH HER FROM THE STORE SIX SPOONS OF FRESH SNOW PEAS FIVE THICK SLABS OF BLUE CHEESE AND MAYBE A SNAK FOR HER BROTHER BOB WE ALSO NEED A SMALL PLASTIC SNAKE AND A BIG TOY FROG FOR THE KIDS SHE CAN SCOOP THESE THINGS INTO THREE RED BAGS AND WE WILL GO MEET HER WEDNESDAY AT THE TRAIN STATION
english382.wav,PLEASE CALL STELLA ASK HER TO BRING THESE THINGS WITH HER FROM THE STORE SIX SPOONS OF FRESH SNOW PEAS FIVE THICK SLABS OF BLUE CHEESE AND MAYBE A SNACK FOR HER BROTHER BOB WE ALSO NEED A SMALL PLASTIC SNAKE AND A BIG TOY FROG FOR THE KIDS SHE CAN SCOOP THESE THINGS IN THREE SHE CAN SCOOP THESE THINGS INTO THREE RED BAGS AND WE WILL ALSO AND WE WILL GO MEET HER WEDNESDAY AT THE TRAIN STATION
english383.wav,PLEASE CALL STELLA ASK HER TO BRING THESE THINGS WITH HER FROM THE STORE SIX SPOONS OF FRESH SNOW PEAS FIVE THICK SLABS OF BLUE CHEESE AND MAYBE A SNACK FOR HER BROTHER BOB WE ALSO NEED A SMALL PLASTIC SNAKE AND A BIG TOY FROG FOR THE KIDS SHE CAN SCOOP THESE THINGS INTO THREE RED BAGS AND WE WILL GO MEET HER WEDNESDAY AT THE TRAIN STATION
english384.wav,PLEASE CALL STELLA ASK HER TO BRING THESE THINGS WITH HER FROM THE STORE SIX SPOONS OF FRESH SNOW PEAS FIVE THICK SLABS OF BLUE CHEESE AND MAYBE A SNACK FOR HER BROTHER BOB WE ALSO NEED A SMALL PLASTIC SNAKE AND A BIG TOY FROG FOR THE KIDS SHE CAN SCOOP THESE THINGS INTO THREE THREE RED BAGS AND WE WILL GO MEET HER WEDNESDAY AT THE TRAIN STATION
english385.wav,PLEASE CALL STELLA ASK HER TO BRING THESE THINGS WITH HER FROM THE STORE SIX SPOONS OF FRESH SNOW PEAS FIVE THICK SLABS OF BLUE CHEESE AND MAYBE A SNACK FOR HER BROTHER BOB WE ALSO NEED A SMALL PLASTIC SNAKE AND A BIG TOY FROG FOR THE KIDS SHE CAN SCOOP THESE THINGS INTO THREE RED BAGS AND WE WILL GO MEET HER WEDNESDAY AT THE TRAIN STATION
english386.wav,PLEASE CALL STELLA ASK HER TO BRING THESE THINGS WITH HER FROM THE STORE SIX SPOONS OF FRESH SNOW PEAS FIVE THICK SLABS OF BLUE CHEESE AND MAYBE A SNACK FOR HER BROTHER BOB WE ALSO NEED A SMALL PLASTIC SNAKE AND A BIG TOY FROG FOR THE KIDS SHE CAN SCOOP THESE THINGS INTO THREE RED BAGS AND WE WILL GO MEET HER WEDNESDAY AT THE TRAIN STATION
english387.wav,PLEASE CALL STELLA ASK HER TO BRING THESE THINGS WITH HER FROM THE STORE SIX SPOONS OF FRESH SNOW PEASE FIVE THICK SLABS OF BLUE CHEESE AND MAYBE A SNACK FOR HER BROTHER BOB WE ALSO NEED A SMALL PLASTIC SNAKE AND A BIG TOY FROG FOR THE KIDS SHE CAN SCOOP THESE THINGS INTO THREE RED BAGS AND WE WILL GO MEET HER WEDNESDAY AT THE TRAIN STATION
english388.wav,PLEASE CALL STELLA ASK HER TO BRING THESE THINGS WITH HER FROM THE STORE SIX SPOONFS OF FRESH SNOW PEAS FIVE SLAB FIVE THICK SLABS OF BLUE CHEESE AND MAYBE A SNACK FOR HER BROTHER BAB WE ALSO NEED A SMALL PLASTER SNAKE AND A BIG TOY FROG FOR THE KIDS SHE CAN SCOOP THESE THINGS INTO THREE RED BAGS AND WE WILL GO MEET HER WEDNESDAY AT THE TRAIN STATION
english389.wav,PLEASE CALL STELLAR ASK HER TO BRING THESE THINGS IN WITH HER FROM THE STORE SIX SPOONFS OF FRESH SNOW PEAS FIVE THICK SLABS OF BLUE CHEESE AND MAYBE A SNACK FOR HER BROTHER BOB WE ALSO NEED A SMALL PLASTED SNAKE AND A BIG TAR FROG FOR THE KIDS SHE CAN SCOOP THESE THINGS INTO THREE BAGS AND WE WILL GO MEET HER WANSDAY AT THE TRAIN STATION
english39.wav,PLEASE CALL STELLA ASK HER TO BRING THESE THINGS WITH HER FROM THE STORE SIX SPOONS OF FRESH SNOW PEAS FIVE THICK SLABS OF BLUE CHEESE AND MAYBE A SNACK FOR HER BROTHER BOB WE ALSO NEED A SMALL PLASTIC SNAKE AND A BIG TOY FROG FOR THE KIDS SHE CAN SCOOP THESE THINGS INTO THREE RED BAGS AND WE WILL GO MEET HER WEDNESDAY AT THE TRAIN STATION
english390.wav,PLEASE CALL STELLA ASK HER TO BRING THESE THINGS WITH HER FROM THE STORE SIX SPOONS OF FRESH SNOW PEAS FIVE THICK SLABS OF BLUE CHEESE AND MAYBE A SNACK FOR HER BROTHER BOB WE ALSO NEED A SMALL PLASTIC SNAKE AND A BIG TOY FROG FOR THE KIDS SHE CAN SCOOP THESE THINGS INTO THREE RED BAGS AND WE WILL GO MEET HER WEDNESDAY AT THE TRAIN STATION
english391.wav,PLEASE CALL STELLA ASK HER TO BRING THESE THINGS WITH HER FROM THE STORE SIX SPOONS OF FRESH SNOW PEAS FIVE THICK SLABS OF BLUE CHEESE AND MAYBE A SNACK FOR HER BROTHER BOB WE ALSO NEED A SMALL PLASTER SNAKE AND A BIG TOY FROG FOR THE KIDS SHE CAN SCOOP THESE THINGS INTO THREE RED BAGS AND WE WILL GET WE WILL GO MEET HER WEDNESDAY AT THE TRAIN STATION
english392.wav,PLEASE CALL PLEASE CALL STELLA ASK HER TO BRING THE BRING THESE THINGS WITH HER FROM FROM THE STORE SIX BUNCHES OF FRESH SNOW PEAS FAT FATE THIK SALABAT OF BLUE CHEESE AND MAYBE A SNAKE FOR HER BROTHER BA WE ALSO NEED A SMALL PLASTIC SNAKE WE ALSO NEED A SMALL PLASTIC SNAKE AND AND A BIG TOY FROG FOOT FOR THE KAYS SHE CAN SCOOP THESE THINGS INTO TE INTO THREE RED BAGS ANDL WE WILL GET WE WILL GO MEET HER WENSDAY AT THE TRAIN STATION
english393.wav,PLEASE CALL STELLA ASK HER TO BRING THESE THINGS WITH HER FROM THE STORE SIX SPOONS OF FRESH SNOW PEAS FIVE THICK SLABS OF BLUE CHEESE AND MAYBE A SNACK FOR HER BROTHER BOB WE ALSO NEED A SMALL PLASTIC SNAKE AND A BIG TOY FROG FOR THE KIDS SHE CAN SCOOP THESE THINGS INTO THREE RED BAGS AND WE WILL GO MEET WITH HER WEDNESDAY AT THE TRAIN STATION
english394.wav,PLEASE CALL STELLA ASK HER TO BRING THESE THINGS WITH HER FROM THE STORE SIX SPOONS OF FRESH NO PEASE FIVE THICK SLABS OF BLUE CHEESE AND MAYBE A SNAK FOR HER BROTHER BOB WE ALSO NEED A SMALL PLASTIC SNAKE AND A BIG TOY FROG FOR THE KIDS SHE CAN SCOOP THESE THINGS INTO THREE RED BAGS AND WE WILL GO MEET HER WEDNESDAY AT THE TRAIN STATION
english395.wav,PLEASE CALL STELLA ASK HER TO BRING THESE THINGS WITH HER FROM THE STORE SIX SPOONS OF FRESH NOTE PEAS FIVE THICK SLAPS OF BLUE CHEESE AND MAYBE A SNACK FOR HER BROTHER BOB WE ALSO NEED A SMALL PLASTIC SNAKE AND A BIG TOY FROG FOR THE KIDS SHE CAN SCOOP THESE THINGS UP INTO THREE RED BAGS AND WE WILL GO MEET HER WEDNESDAY AT THE TRAIN STATION
english396.wav,PLEASE CALL STELLA ASK HER TO BRING THESE THINGS WITH HER FROM THE STORE SIX SPOONS OF FRESH SNOW PEAS FIVE THICK SLABS OF BLUE CHEESE AND MAYBE A SNACK FOR HER BROTHER BOB WE ALSO NEED A SMALL PLASTIC SNAKE AND A BIG TOY FROG FOR THE KIDS SHE CAN SCOOP THESE THINGS INTO THREE RED BAGS AND WE WILL GO MEET HER WEDNESDAY AT THE TRAIN STATION
english397.wav,PLEASE CALL STELLA ASK HER TO BRING THINGS THESE THINGS WITH HER FROM THE STORE SIX SPOONS OF FRESH SNOW PEESE FIVE THICK SLABS OF BLUE CHEESE AND MAYBE A SNACK FOR HER BROTHER BARL WE ALSO NEED A SMALL PLASTER SNAKE AND A BIG TOY FROG FROM THE KEY FOR THE KIDS SHE CAN SCOOP THESE THINGS INTO THREE RED BAGS AND WE WILL GO MEET HER WEDNESDAY AT THE MAIN TRAIN STATION
english398.wav,PLEASE CALL STELLA ASK HER TO BRING THESE THINGS WITH HER FROM THE STORE SIX SPOONS OF FRESH SNOW PEASE FIVE THICK SLABS OF BLUE CHEESE AND MAY BE A SNACK FOR HER BROTHER BOB WE ALSO NEED A SMALL PLASTIC SNAKE AND A BIG TOY FROG FOR THE KID WE CAN SCOOP THESE THINGS IN THREE RED BAGS AND WE WILL GO MEET HER WEDNESDAY AT THE TRAIN STATION
english399.wav,PLEASE CALL STELLA ASKS HER TO BRING THESE THINGS WITH HER FROM THE STORE SIX SPOONS OF FRESH SNOW PEAS FIVE THICK SLABS OF BLUE CHEESE AND MAYBE A SNACK FOR HER BROTHER BOB WE ALESCUSE MAA HORSE WE ALSO NEED A SMALL PLASTER SNAKE AND A BIG TOY FROG FOR THE KIDS SHE CAN SCOOP THESE THINGS INTO THREE RED BAGS AND WE WILL MEET HER WENESDAY AT THE TRAIN STATION
english4.wav,PLEASE CALL STELLA ASK HER TO BRING THESE THINGS WITH HER FROM THE STORE SIX SPOONS OF FRESH SNOW PEASE FIVE THICK SLABS OF BLUE CHEESE AND MAYBE A SNACK FOR HER BROTHER BOB WE ALSO NEED A SMALL PLASTIC SNAKE AND A BIG TOY FROG FOR THE KIDS SHE CAN SCOOP THESE THINGS INTO THREE RED BAGS AND WE WILL GO NEXT O MEET HER WEDNESDAY AT THE TRAIN STATION
english40.wav,PLEASE CALL STELLA ASK HER TO BRING THESE THINGS WITH HER FROM THE STOOL SIX SPOONS OF FRESH SNOW PEAS FIVE THICK SLABS OF BLUE CHEESE AND MAYBE A SNACK FOR HER BROTHER BOB WE ALSO NEED A SMALL PLASTIC SNAKE AND A BIG TOY FROG FOR THE KIDS SHE CAN SCOOP THESE THINGS INTO THREE RED BAGS AND WE WILL GO MEET HER WEDNESDAY AT THE TRAIN STATION
english400.wav,PLEASE CALL STELLA ASK HER TO BRING THESE THINGS WITH HER FROM THE STORE SIX SPOONS OF FRESH SNOW PEASE FIVE THICK SLABS OF BLUE CHEESE AND MAYBE A SNACK FOR HER BROTHER BOB WE ALSO NEED A SMALL PLASTIC SNAKE AND A BIG TOY FROG FOR THE KIDS SHE CAN SCOOP THESE THINGS INTO THREE RED BAGS AND WE WILL GO MEET HER WEDNESDAY AT THE TRAIN STATION
english401.wav,PLEASE CALL STELLA ASK HER TO BRING THESE THINGS WITH HER FROM THE STORE SIX SPOONS OF FRESH SNOW PEAS FIVE THICK SLABS OF BLUE CHEESE AND MAYBE A SNACK FOR HER BROTHER BOB WE ALSO NEED A SMALL PLASTIC SNAKE AND A BIG TOY FROG FOR THE KIDS SHE CAN SCOOP THESE THINGS INTO THREE RED BAGS AND WE'LL GO MEET HER WEDNESDAY AT THE TRAIN STATION
english402.wav,PLEASE CALL STELLA ASK HER TO BRING THESE THINGS WITH HER FROM THE STORE SIX SPOONS OF FRESH SNOW PEAS FIVE THICK SLABS OF BLUE CHEESE AND MAYBE A SNACK FOR HER BROTHER BOB WE ALSO NEED A SMALL PLASTIC SNAKE AND A BIG TOY FROG FOR THE KIDS SHE CAN SCOOP THESE THINGS INTO THREE RED BAGS AND WE'LL GO MEET HER WEDNESDAY AT THE TRAIN STATION
english403.wav,PLEASE CALL STELLA ASK HER TO BRING THESE THINGS WITH HER FROM THE STORE SIX SPOONS OF FRESH SNOW PEASE FIVE THICK SLABS OF BLUE CHEESE AND MAYBE A SNACK FOR HER BROTHER BOB WE ALSO NEED A SMALL PLASTIC SNAKE AND A BIG TOY FROG FOR THE KIDS SHE CAN SCOOP THESE THINGS INTO THREE RED BAGS AND WE WILL GO TO MEET HER WEDNESDAY AT THE TRAIN STATION
english404.wav,PLEASE CALL STELLA ASK HER TO BRING THESE THINGS WITH HER FROM THE STORE SIX SPOONS OF FRESH SNOW PEAS FIVE THICK SLABS OF BLUE CHEESE AND MAYBE A SNACK FOR HER BROTHER BOB WE ALSO NEED A SMALL PLASTIC SNAKE AND A BIG TOY FROG FOR THE KIDS SHE CAN SCOOP THESE THINGS INTO THREE RED BAGS AND WE WILL GO MEET HER WEDNESDAY AT THE TRAIN STATION
english405.wav,PLEASE CALL STELLA ASK HER TO BRING THESE THINGS WITH HER FROM THE STORE SIX SPOONS OF FRESH SNOW PEAS FIVE THICK SLABS OF BLUE CHEESE AND MAYBE A SNACK FOR HER BROTHER BOB WE ALSO NEED A SMALL PLASTIC SNAKE AND A BIG TOY FROG FOR THE KIDS SHE CAN SCOOP THESE THINGS INTO THREE RED BAGS AND WE WILL GO MEET HER WEDNESDAY AT THE TRAIN STATION
english406.wav,PLEASE CALL STELLA ASK HER TO BRING THESE THINGS WITH HER FROM THE STORE SIX SPOONS OF FRESH SNOW PEAS FIVE THICK SLABS OF BLUE CHEESE AND MAYBE A SNACK FOR HER BROTHER BOB WE ALSO NEED A SMALL PLASTIC SNAKE AND A BIG TOY FROG FOR THE KIDS SHE CAN SCOOP THESE THINGS INTO THREE RED BAGS AND WE WILL GO MEET HER WEDNESDAY AT THE TRAIN STATION
english407.wav,PLEASE CALL STELLA ASK HER TO BRING THESE THINGS WITH HER FROM THE STORE SIX SPOONS OF FRESH SNOW PEAS FIVE THICK SLABS OF BLUE CHEESE AND MAYBE A SNACK FOR HER BROTHER BOB WE ALSO NEED A SMALL PLASTIC SNAKE AND A BIG TOY FROG FOR THE KIDS SHE CAN SCOOP THESE THINGS INTO THREE RED BAGS AND WE WILL GO MEET HER WEDNESDAY AT THE TRAIN STATION
english408.wav,PLEASE CALL STELLA ASK HER TO BRING THESE THINGS WITH HER FROM THE STORE SIX SPOONS OF FRESH SNOW PEAS FIVE THICK SLABS OF BLUE CHEESE AND MAYBE A SNACK FOR HER BROTHER BOB WE ALSO NEED A SMALL PLASTIC SNAKE AND A BIG TOY FROG FOR THE KIDS SHE CAN SCOOP THESE THINGS INTO THREE RED BAGS AND WE WILL GO MEET HER WEDNESDAY AT THE TRAIN STATION
english409.wav,PLEASE CALL STELLA ASK HER TO BRING THESE THINGS WITH HER FROM THE STORE SIX SPOONS OF FRESH SNOW PEAS FIVE THICK SLABS OF BLUE CHEESE AND MAYBE A SNACK FOR HER BROTHER BOB WE ALSO NEED A SMALL PLASTIC SNAKE AND A BIG TOY FROG FOR THE KIDS SHE CAN SCOOP THESE THINGS INTO THREE RED BAGS AND WE WILL GO MEET HER WEDNESDAY AT THE TRAIN STATION
english41.wav,PLEASE CALL STELLA ASK HER TO BRING THESE THINGS WITH HER FROM THE STORE SIX SPOONS OF FRESH SNOW PEAS FIVE THICK SLABS OF BLUE CHEESE AND MAYBE A SNACK FOR HER BROTHER BOB WE ALSO NEED A SMALL PLASTIC SNAKE AND A BIG TOY FROG FOR THE KIDS SHE CAN SCOOP THESE THINGS INTO THREE RED BAGS AND WE WILL GO MEET HER WEDNESDAY AT THE TRAIN STATION
english410.wav,PLEASE CALL STELLA ASK HER TO BRING THESE THINGS WITH HER FROM THE STORE SIX SPOONS OF FRESH SNOW PEAS FIVE THICK SLABS OF BLUE CHEESE AND MAYBE A SNAKE FOR HER BROTHER BOB WE ALSO NEED A SMALL PLASTIC SNAKE AND A BIG TOY FROG FOR THE KIDS SHE CAN SCOOP THESE THINGS INTO THREE RED BAGS AND WE WILL GO MEET HER WEDNESDAY AT THE TRAIN STATION
english411.wav,PLEASE CALL STELLA ASK HER TO BRING THESE THINGS WITH HER FROM THE STORE SIX SPOONS OF FRESH SNOW PEAS FIVE THICK SLABS OF BLUE CHEESE AND MAYBE A SNACK FOR HER BROTHER BOB WE ALSO NEED A SMALL PLASTIC SNAKE AND A BIG TOY FROG FOR THE KIDS SHE CAN SCOOP THESE THINGS INTO THREE RED BAGS AND WE WILL GO MEET HER WEDNESDAY AT THE TRAIN STATION
english412.wav,PLEASE CALL STELLA ASK HER TO BRING THESE THINGS WITH HER FROM THE STORE SIX SPOONS OF FRESH SNOW PEAS FIVE THICK SLABS OF BLUE CHEESE AND MAYBE A SNACK FOR HER BROTHER BOB WE ALSO NEED A SMALL PLASTIC SNAKE AND A BIG TOY FROG FOR THE KIDS SHE CAN SCOOP THESE THINGS INTO THREE RED BAGS AND WE WILL GO MEET HER WEDNESDAY AT THE TRAIN STATION
english413.wav,PLEASE CALL STELLA ASK HER TO BRING THESE THINGS WITH HER FROM THE STORE SIX SPOONS OF FRESH SNOW PEAS FIVE THICK SLABS OF BLUE CHEESE AND MAYBE A SNACK FOR HER BROTHER BOB WE ALSO NEED A SMALL PLASTIC SNAKE AND A BIG TOY FROG FOR THE KIDS SHE CAN SCOOP THESE THINGS INTO THREE RED BAGS AND WE WILL GO MEET HER WEDNESDAY AT THE TRAIN STATION
english414.wav,PLEASE CALL STELLA ASK HER TO BRING THESE THINGS WITH HER FROM THE STORE SIX SPOONS OF FRESH SNOW PEAS FIVE THICK SLABS OF BLUE CHEESE AND MAYBE A SNACK FOR HER BROTHER BOB WE ALSO NEED A SMALL PLASTIC SNAKE AND A BIG TOY FROG FOR THE KIDS SHE CAN SCOOP THESE THINGS INTO THREE RED BAGS AND WILL GO MEET HER WEDNESDAY AT THE TRAIN STATION
english415.wav,PLEASE CALL STELLA ASK HER TO BRING THESE THINGS WITH HER FROM THE STORE SIX SPOONS OF FRESH SNOW PEASE FIVE THICK SLABS OF BLUE CHEESE AND MAYBE A SNAP FOR HER BROTHER BOB WE ALSO NEED A SMALL PLASSIC SNAKE AND A BIG TOY FROG FOR THE KIDS SHE CAN SCOOP THESE THINGS INTO THREE RED BAGS AND WE WILL GO MEET HER WEDNESDAY AT THE TRAIN STATION
english416.wav,PLEASE CALL STELLA ASK HER TO BRING THESE THINGS WITH HER FROM THE STORE SIX SPOONFUS OF FRESH SNOW PEAS FIVE THICK SLABS OF BLUE CHEESE AND MAYBE A SNACK FOR HER BROTHER BOB WE ALSO NEED A SMALL PLASTIC SNAKE AND A BIG TOY FROG FOR THE KIDS SHE CAN SCOOP THESE THINGS INTO THREE RED BAGS AND WE WILL GO MEET HER WEDNESDAY AT THE TRAIN STATION
english417.wav,PLEASE CALL STELLA ASK HER TO BRING THESE THINGS WITH HER FROM THE STORE SIX SPOONS OF FRESH SNOW PEAS FIVE THICK SLABS OF BLUE CHEESE AND MAYBE A SNAP FOR HER BROTHER BOB WE ALSO NEED A SMALL PLASTIC SNAKE AND A BIG TOY FROG FOR THE KIDS SHE CAN SCOOP THESE THINGS INTO THREE RED BAGS AND WE WILL GO N MEET HER ON WEDNESDAY AT THE TRAIN STATION
english418.wav,PLEASE CALL STELLA ASK HER TO BRING THESE THINGS WITH HER FROM THE STORE SIX SPOONS OF FRESH SNOW PEAS FIVE THICK SLABS OF BLUE CHEESE AND MAYBE A SNACK FOR HER BROTHER BOB WE ALSO NEED A PLASTIC SNAKE AND A BIG TOY FROG FOR THE KIDS SHE CAN SCOOP THESE THINGS INTO THREE RED BAGS AND WE WILL GO MEET HER WEDNESDAY AT THE TRAIN STATION
english419.wav,PLEASE CALL STELLA ASK HER TO BRING THESE THINGS WITH HER FROM THE STORE SIX SPOONS OF FRESH SNOW PEAS FIVE THICK SLABS OF BLUE CHEESE AND MAYBE A SNACK FOR HER BROTHER BOB WE ALSO NEED A SMALL PLASTIC SNAKE AND A BIG TOY FROG FOR THE KIDS SHE CAN SCOOP THESE THINGS INTO THREE RED BAGS AND WE WILL GO MEET HER WEDNESDAY AT THE TRAIN STATION
english42.wav,PLEASE CALL STELLA ASK HER TO BRING THESE THINGS WITH HER FROM THE STORE SIX SPOONS OF FRESH SNOW PEAS FIVE THICK SLABS OF BLUE CHEESE AND MAYBE A SNACK FOR HER BROTHER BOB WE ALSO NEED A SMALL PLASTIC SNAKE AND A BIG TOY FROG FOR THE KIDS SHE CAN SCOOP THESE THINGS INTO THREE RED BAGS AND WE WILL GO MEET HER WEDNESDAY AT THE TRAIN STATION
english420.wav,PLEASE CALL STELLA ASK HER TO BRING THESE THINGS WITH HER FROM THE STORE SIX SPOONS OF FRESH SNOW PEES FIVE THICK SLABS OF BLUE CHEESE AND MAYBE A SNAKE FOR A BROTHER BOB WE ALSO NEED A SMALL PLASTIC SNAKE AND A BIG TOY FROG FOR THE KIDS SHE CAN SCOOP THESE THINGS INTO THREE REED BAGS AND WE WILL GO MEET HER WEDNESDAY AT THE TRAIN STATION
english421.wav,PLEASE CALL STELLA ASK HER TO BRING THESE THINGS WITH HER FROM THE STORE SIX SPOONS OF FRESH SNOW PEASE FIVE THICK SLABS OF BLUE CHEESE AND MAYBE A SNACK FOR HER BROTHER BOB WE ALSO NEED A SMALL PLASTIC SNAKE AND A BIG TOY FROG FOR THE KIDS SHE CAN SCOOP THESE THINGS INTO THREE RED BAGS AND WE WILL GO MEET HER WEDNESDAY AT THE TRAIN STATION
english422.wav,PLEASE CALL STELLA ASK HER TO BRING THESE THINGS WITH HER FROM THE STORE SIX SPOONS OF FRESH SNOW PEASE FIVE THICK SLABS OF BLUE CHEESE AND MAYBE A SNACK FOR HER BROTHER BOB WE ALSO NEED A SMALL PLASTIC SNAKE AND A BIG TOY FROG FOR THE KIDS SHE CAN SCOOP THESE THINGS INTO THREE RED BAGS AND WE WILL GO MEET HER WEDNESDAY AT THE TRAIN STATION
english423.wav,PLEASE CALL STELLA ASK HER TO BRING THESE THINGS WITH HER FROM THE STORE SIX SPOONS OF FRESH SNOW PEAS FIVE THICK SLABS OF BLUE CHEESE AND MAYBE A SNACP FOR HER BROTHER BOB WE ALSO NEED A SMALL PLASTIC SNAKE AND A BIG TOY FROG FOR THE KIDS SHE CAN SCOOP THESE THINGS INTO THREE RED BAGS AND WE WILL GO MEET HER WEDNESDAY AT THE TRAIN STATION
english424.wav,PLEASE CALL STELLA ASK HER TO BRING THESE THINGS WITH HER FROM THE STORE SIX SPOONS OF FRESH SNOW PEAS FIVE THICK SLABS OF BLUE CHEESE AND MAYBE A SNACK FOR BROTHER BOB WE ALSO NEED A SMALL PLASTIC SNAKE AND A BIG TOY FROG FOR THE KIDS SHE CAN SCOOP THESE THINGS INTO THREE RED BAGS AND WE WILL GO MEET HER WHENIT AT THE TRAIN STATION
english425.wav,PLEASE CALL STELLA ASK HER TO BRING THESE THINGS WITH HER FROM THE STORE SIX SPOONS OF FRESH SNOW PEAS FIVE THICK SLABS OF BLUE CHEESE AND MAYBE A SMACK FOR HER BROTHER BOB WE ALSO NEED A SMALL PLASTIC SNAKE AND A BIG TOY FROG FOR THE KIDS SHE CAN SCOOP THESE THINGS INTO THREE RED BAGS AND WE WILL GO AND MEET HER WEDNESDAY AT THE TRAIN STATION
english426.wav,PLEASE CALL STELLA ASK HER TO BRING THESE THINGS WITH HER FROM THE STORE SIX SPOONS OF FRESH SNOW PEAS FIVE THICK SLABS OF BLUE CHEESE AND MAYBE A SNACK FOR HER BROTHER BOB WE ALSO NEED A SMALL PLASTIC SNAKE AND A BIG TOY FROG FOR THE KIDS SHE CAN SCOP THESE THINGS INTO THREE RED BAGS AND WE WILL GO MEET HER WEDNESDAY AT THE TRAIN STATION
english427.wav,PLEASE CALL STELLA ASK HER TO BRING THESE THINGS WITH HER FROM THE STORE SIX SPOONS OF FRESH SNOW PEAS FIVE THICK SLABS OF BLUE CHEESE AND MAYBE A SNACK FOR HER BROTHER BOB WE ALSO NEED A SMALL PLASTIC SNAKE AND A BIG TOY FROG FOR THE KIDS SHE CAN SCOOP THESE THINGS INTO THREE RED BAGS AND WE WILL GO MEET HER WEDNESDAY AT THE TRAIN STATION
english428.wav,PLEASE CALL STELLA ASK HER TO BRING THESE THINGS WITH HER FROM THE STORE SIX SPOONS OF FRESH SNOW PEAS FIVE THICK SLABS OF BLUE CHEESE AND MAYBE A SNACK FOR HER BROTHER BOB WE ALSO NEED A SMALL PLASTIC SNAKE AND A BIG TOY FROG FOR THE KIDS SHE CAN SCOOP THESE THINGS INTO THREE RED BAGS AND WE WILL GO MEET HER WEDNESDAY AT THE TRAIN STATION
english429.wav,PLEASE CALL STELLA ASK HER TO BRING THESE THINGS WITH HER FROM THE STORE SIX SPOONS OF FRESH SNOW PEAS FIVE THICK SLABS OF BLUE CHEESE AND MAYBE A SNACK FOR HER BROTHER BOB WE ALSO NEED A SMALL PLASTIC SNAKE AND A BIG TOY FROG FOR THE KIDS SHE CAN SCOOP THESE THINGS INTO THREE RED BAGS AND WE WILL GO MEET HER WEDNESDAY AT THE TRAIN STATION
english43.wav,PLEASE CALL STELLA ASK HER TO BRING THESE THINGS WITH HER FROM THE STORE SIX SPOONS OF FRESH SNOW PEAS FIVE THICK SLABS OF BLUE CHEESE AND MAYBE A SNACK FOR HER BROTHER BOB WE ALSO NEED A SMALL PLASTIC SNAKE AND A BIG TOY FROG FOR THE KIDS SHE CAN SCOOP THESE THINGS INTO THREE RED BAGS AND WE WILL GO MEET HER WEDNESDAY AT THE TRAIN STATION
english430.wav,PLEASE CALL STELLA ASK HER TO BRING THESE THINGS WITH HER FROM THE STORE SIX SPOONS OF FRESH SNOW PEAS FIVE THICK SLABS OF BLUE CHEESE AND MAYBE A SNACK FOR HER BROTHER BOB WE ALSO NEED A SMALL PLASTIC SNAKE AND A BIG TOY FROG FOR THE KIDS SHE CAN SCRET THESE THINGS INTO THREE RED BAGS AND WE WILL GO MEET HER WEDNESDAY AT THE TRAIN STATION
english431.wav,PLEASE CALL STELLA ASK HER TO BRING THESE THINGS WITH HER FROM THE STORE SIX SPOONS OF FRESH SNOW PEAS FIVE THICK SLABS OF BLUE CHEESE AND MAYBE A SNAP FOR HER BROTHER BOB WE ALSO NEED A SMALL PLASTIC SNAKE AND A BIG TOY FROG FOR THE KIDS SHE CAN SCOOP THESE THINGS INTO THREE RED BAGS AND WE'LL GO MEET HER AT WEDNESDAY AT THE TRAIN STATION
english432.wav,PLEASE CALL STELLA ASK HER TO BRING THESE THINGS WITH HER FROM THE STORE SIX SPOONS OF FRESH SNOW PEAS FIVE THICK SLABS OF BLUE CHEESE AND MAYBE A SNACK FOR HER BROTHER BOB WE ALSO NEED A SMALL PLASTIC SNAKE AND A BIG TOY FROG FOR THE KIDS SHE CAN SCOOP THESE THINGS INTO THREE RED BAGS AND WE WILL GO MEET HER WEDNESDAY AT THE TRAIN STATION
english433.wav,PLEASE CALL STELLA ASK HER TO BRING THESE THINGS WITH HER FROM THE STORE SIX SPOONS OF FRESH SNOW PEAS FIVE THICK SLABS OF BLUE CHEESE AND MAYBE A SNACK FOR HER BROTHER BOB WE ALSO NEED A SMALL PLASTIC SNAKE AND A BIG TOY FROG FOR THE KIDS SHE CAN SCOOP THESE THINGS INTO THREE RED BAGS AND WE WILL GO MEET HER WEDNESDAY AT THE TRAIN STATION
english434.wav,PLEASE CALL STELLA ASK HER TO BRING THESE THINGS WITH HER FROM THE STORE SIX SPOONS OF FRESH SNOW PEASE FIVE THICK SLABS OF BLUE CHEESE AND MAYBE A SNACK FOR HER BROTHER BOB WE ALSO NEED A SMALL PLASTIC SNAKE AND A BIG TOY FROG FOR THE KIDS SHE CAN SCOOP THESE THINGS INTO THREE RED BAGS AND WE WILL GO MEET HER WEDNESDAY AT THE TRAIN STATION
english435.wav,PLEASE CALL STELLA ASK HER TO BRING THESE THINGS WITH HER FROM THE STORE SIX SPOONS OF FRESH SNOW PEAS FIVE THICK SLABS OF BLUE CHEESE AND MAYBE A SACK FOR HER BROTHER BOB WE ALSO NEED A SMALL PLASTIC SNAKE AND A BIG TOY FROG FOR THE KIDS SHE CAN SCOOP THESE THINGS INTO THREE RED BAGS AND WE WILL GO MEET HER WEDNESDAY AT THE TRAIN STATION
english436.wav,PLEASE CALL STELLA ASK HER TO BRING THESE THINGS WITH HER FROM THE STORE SIX SPOONS OF FRESH SNOW PEAS FIVE THICK SLAVS OF BLUE CHEESE AND MAYBE A SNUCK FOR HER BROTHER BOB WE ALSO NEED A SMALL PLASTIC SNAKE AND A BIG TOY FROG FOR THE KIDS SHE CAN SCOOP THESE THINGS INTO THREE RED BAGS AND WE WILL GO MEET HER WEDNESDAY AT THE TRAIN STATION
english437.wav,PLEASE CALL STELLA ASK HER TO BRING THESE THINGS WITH HER FROM THE STORE SIX SPOONS OF FRESH SNOW PEAS FIVE THICK SLABS OF BLUE CHEESE AND MAYBE A SNACK FOR HER BROTHER BOB WE ALSO NEED A SMALL PLASTIC SNAKE AND A BIG TOY FROG FOR THE KIDS SHE CAN SCOOP THESE THINGS INTO THREE RED BAGS AND WE WILL GO AND MEET HER WEDNESDAY AT THE TRAIN STATION
english438.wav,PLEASE CALL STELLA ASK HER TO BRING THESE THINGS WITH HER FROM THE STORE SIX SPOONS OF FRESH SNOW PEAS FIVE THICK SLABS OF BLUE CHEESE AND MAYBE A SNACK FOR HER BROTHER BOB WE ALSO NEED A SMALL PLASTIC SNAKE AND A BIG TOY FROG FOR THE KIDS SHE CAN SCOOP THESE THINGS INTO THREE RED BAGS AND WE WILL GO MEET HER WEDNESDAY AT THE TRAIN STATION
english439.wav,PLEASE CALL STELLA ASK HER TO BRING THESE THINGS WITH HER FROM THE STORE SIX SPOONS OF FRESH SNOW PEAS FIVE THICK SLABS OF BLUE CHEESE AND MAYBE A SNACK FOR HER BROTHER BOB WE ALSO NEED A SMALL PLASTIC SNAKE AND A BIG TOY FROG FOR THE KIDS SHE CAN SCOOP THESE THINGS INTO THREE RED BAGS AND WE WILL GO MEET HER WEDNESDAY AT THE TRAIN STATION
english44.wav,PLEASE CALL STELLA ASK HER TO BRING THESE THINGS WITH HER FROM THE STORE SIX SPOONS OF FRESH SNOW PEAS FIVE THICK SLABS OF BLUE CHEESE AND MAYBE A SNACK FOR HER BROTHER BOB WE ALSO NEED A SMALL PLASTIC SNAKE AND A BIG TOY FROG FOR THE KIDS SHE CAN SCOOP THESE THINGS INTO THREE RED BAGS AND WE WILL GO MEET HER WEDNESDAY AT THE TRAIN STATION
english440.wav,PLEASE CALL STELA ASK HER TO BRING THESE THINGS WITH HER FROM THE STORE SIX SPOONS OF FRESH SNOW PEAS FIVE THICK SLABS OF BLUE CHEESE AND MAYBE A SNACK FOR HER BROTHER BOB WE ALSO NEED A SMALL PLASTIC SNAKE AND A BEG TOY FROG FOR THE KIDS SHE CAN SKIP THESE THINGS INTO THREE DEAD BAGS AND WE WILL GO AND MEET HOTON WEDNESDAY AT THE TRAIN STATION
english441.wav,PLEASE CALL STELLA ASK HER TO BRING THESE THINGS WITH HER FROM THE STORE SIX SPOONS OF FRESH SNOW PEASE FIVE THICK SLABS OF BLUE CHEESE AND MAYBE A SNACK FOR HER BROTHER BOB WE ALSO NEED A SMALL PLASTIC SNAKE AND A BIG TOY FROG FOR THE KIDS SHE CAN SCOOP THESE THINGS INTO THREE RED BAGS AND WE WILL GO MEET HER WEDNESDAY AT THE TRAIN STATION
english442.wav,PLEASE CALL STELLA ASK HER TO BRING THESE THINGS WITH HER FROM THE STORE SIX SPOONS OF FRESH SNOW PEAS FIVE THICK SLABS OF BLUE CHEESE AND MAYBE A SNACP FOR HER BROTHER BOB WE ALSO NEED A SMALL PLASTIC SNAKE AND A BIG TOY FROG FOR THE KIDS SHE CAN SCOOP THESE THINGS INTO THREE RED BAGS AND WE'LL O MEET HER WEDNESDAY AT THE TRAIN STATION
english443.wav,PLEASE CALL STELLA ASK HER TO BRING THESE THINGS WITH HER FROM THE STORE SIX SPOONS OF FRESH SNOW PEAS FIVE THICK SLABS OF BLUE CHEESE AND MAYBE A SNAP FOR HER BROTHER BOB WE ALSO NEED A SMALL PLASTIC SNAKE AND A BIG TOY FROG FOR THE KIDS SHE CAN SCOOP THESE THINGS INTO THREE RED BAGS AND WE WILLO MEET HER WEDNESDAY AT THE TRAIN STATION
english444.wav,PLEASE CALL STELLA ASK HER TO BRING THESE THINGS WITH HER FROM THE STORE SIX SPOONS OF FRESH SNOW PEAS FIVE THICK SLABS OF BLUE CHEESE AND MAYBE A SNACK FOR HER BROTHER BOB WE ALSO NEED A SMALL PLASTIC SNAKE AND A BIG TOY FROG FOR THE KIDS SHE CAN SCOOP THESE THINGS INTO THREE RED BAGS AND WE WILL GO MEET HER WEDNESDAY AT THE TRAIN STATION
english445.wav,PLEASE CALL STELLA ASK HER TO BRING THESE THINGS WITH HER FROM THE STORE SIX SPOONS OF FRESH SNOW PEAS FIVE THICK SLABS OF BLUE CHEESE AND MAYBE A SNACK FOR HER BROTHER BOB WE ALSO NEED A SMALL PLASTIC SNAKE AND A BIG TOY FROG FOR THE KIDS SHE CAN SCOOP THESE THINGS INTO THREE RED BAGS AND WE WILL GO MEET HER WEDNESDAY AT THE TRAIN STATION
english446.wav,PLEASE CALL STELLA ASK HER TO BRING THESE THINGS WITH HER FROM THE STORE SIX SPOONS OF FRESH SNOW PEAS FIVE THICK SLABS OF BLUE CHEESE AND MAYBE A SNACK FOR HER BROTHER BOB WE ALSO NEED A SMALL PLASTIC SNAKE AND A BIG TOY FROG FOR THE KIDS SHE CAN SCOOP THESE THINGS INTO THREE RED BAGS AND WE WILL GO MEET HER WEDNESDAY AT THE TRAIN STATION
english447.wav,PLEASE CALL STELLA ASK HER TO BRING THESE THINGS WITH HER FROM THE STORE SIX SPOONS OF FRESH SNOW PEAS FIVE THICK SLABS OF BLUE CHEESE AND MAYBE A SNACK FOR HER BROTHER BOB WE ALSO NEED A SMALL PLASTIC SNAKE AND A BIG TOY FROG FOR THE KIDS SHE CAN SCOOP THESE THINGS INTO THREE RED BAGS AND WE WILL GO MEET HER WEDNESDAY AT THE TRAIN STATION
english448.wav,PLEASE CALL STELLA ASK HER TO BRING THESE THINGS WITH HER FROM THE STORE SIX SPOONS OF FRESH NOW PEAS FIVE THICK SLABS OF BLUE CHEESE AND MAYBE A SNACK FOR HER BROTHER BOB WE ALSO NEED A SMALL PLASTED SNAKE AND A BIG TOY FROG FOR THE KIDS SHE CAN SCOOP THESE THINGS INTO THREE RED BAGS AND WE WILL GO MEET HER WEDNESDAY AT THE TRAIN STATION
english449.wav,PLEASE CALL STELLA ASK HER TO BRING THESE THINGS WITH HER FROM THE STORE SIX SPOONS OF FRESH SNOW PEASE FIVE THICK SLABS OF BLUE CHEESE AND MAYBE A SNACK FOR HER BROTHER BOB WE ALSO NEED A SMALL PLASTIC SNAKE AND A BIG TOY FROG FOR THE KIDS SHE CAN SCOOP THESE THINGS INTO THREE RED BAGS AND WE WILL GO MEET HER WEDNESDAY AT THE TRAIN STATION
english45.wav,PLEASE CALL STELLA ASK HER TO BRING THESE THINGS WITH HER FROM THE STORE SIX SPOONS OF FRESH SNOW PEESE FIVE THICK SLABS OF BLUE CHEESE AND MAYBE A SNACK FOR HER BROTHER BOB WE ALSO NEED A SMALL PLASTIC SNAKE AND A BIG TOY FROG FOR THE KIDS SHE CAN SCOOP THESE THINGS INTO THREE RED BAGS AND WE WILL GO TO MEET HER WEDNESDAY AT THE TRAIN STATION
english450.wav,PLEASE CALL STELLA ASK HER TO BRING THESE TINGS WIT HER FROM THE STOLK SIX SPOONS OF FRESH SNOW PEASE FIVE FIXED LAMPS OF BLUE CHEESE AND MAYBE A SNACK FOR HER BAF OF BOB WE ALSO NEED A SCOOL PLAXIC SNAKE AND A BIG TOY FORK FOR THE KIDS SHE CAN SCOOP THESE THINGS INTO THREE RED BAGS AND WE WILL GO AND MEET HER WEDNESDAY AT THE TRAIN STATION
english451.wav,PLEASE CALL STELLA ASK HER TO BRING THESE THINGS WITH HER FROM THE STORE SIX SPOONS OF FRESH SNOW PEAS FIVE THICK SLABS OF BLUE CHEESE AND MAYBE A SNACK FOR HER BROTHER BOB WE ALSO NEED A SMALL PLASTIC SNAKE AND A BIG TOY FROG FOR THE KIDS SHE CAN SCOOP THESE THINGS INTO THREE RED BAGS AND WE WILL GO MEET HER WEDNESDAY AT THE TRAIN STATION
english452.wav,PLEASE CALL STELLA ASK HER TO BRING THESE THINGS WITH HER FROM THE STORE SIX SPOONS OF FRESH SNOW PEAS FIVE THICK SLABS OF BLUE CHEESE AND MAYBE A SNACK FOR HER BROTHER BOB WE ALSO NEED A SMALL PLASTIC SNAKE AND A BIG TOY FROG FOR THE KIDS SHE CAN SCOOP THESE THINGS INTO THREE RED BAGS AND WE WILL MEET HER WEDNESDAY AT THE TRAIN STATION
english453.wav,PLEASE CALL STELLA ASK HER TO BRING THESE THINGS WITH HER FROM THE STORE SIX SPOONS OF FRESH SNOW PEAS FIVE THICK SLABS OF BLUE CHEESE AND MAYBE A SNACK FOR HER BROTHER BOB WE ALSO NEED A SMALL PLASTIC SNAKE AND A BIG TOY FROG FOR THE KIDS SHE CAN SCOOP THESE THINGS INTO THREE RED BAGS AND WE WILL GO MEET HER WEDNESDAY AT THE TRAIN STATION
english454.wav,PLEASE CALL STELLA ASK HER TO BRING THESE THINGS WITH HER FROM THE STORE SIX SPOONS OF FRESH SNOW PEAS FIVE THICK SLABS OF BLUE CHEESE AND MAYBE A SNACK FOR HER BROTHER BOB WE ALSO NEED A SMALL PLASTIC SNAKE AND A BIG TOY FROG FOR THE KIDS SHE CAN SCOOP THESE THINGS INTO THREE RED BAGS AND WE WILL GO MEET HER WEDNESDAY AT THE TRAIN STATION
english455.wav,PLEASE CALL STELLA ASK HER TO BRING THESE THINGS WITH HER FROM THE STORE SIX SPOONS OF FRESH SNOW PEAS FIVE THICK SLABS OF BLUE CHEESE AND MAYBE A SNACK FOR HER BROTHER BOB WE ALSO NEED A SMALL PLASTIC SNAKE AND A BIG TOY FROG FOR THE KIDS SHE CAN SCOOP THESE THINGS INTO THREE RED BAGS AND WE WILL GO MEET HER WEDNESDAY AT THE TRAIN STATION
english456.wav,PLEASE CALL STELLA ASK HER TO BRING THESE THINGS WITH HER FROM THE STORE SIX SPOONS OF FRESH NOL PEAS FIVE THICK SLABS OF BLUE CHEESE AND MAYBE A SNAK FOR HER BROTHER BOB WE ALSO NEED A SMALL PLASTIC SNAKE AND A BIG TOY FROG FOR THE KIDS SHE CAN SCOOP THESE THINGS INTO THREE RED BAGS AND WE WILL GO AND MEET A WEDNESDAY AT THE TRAIN STATION
english457.wav,PLEASE CALL STELLA ASK HER TO BRING THESE THINGS WITH HER FROM THE STORE SIX SPOONS OF FRESH SNOW PEASE FIVE THICK SLABS OF BLUE CHEESE AND MAYBE A SNACK FOR HER BROTHER BOB WE ALSO NEED A SMALL PLASTIC SNAKE AND A BIG TOY FROG FOR THE KIDS SHE CAN SCOOP THESE THINGS INTO THREE RED BAGS AND WE WILL GO MEET HER WEDNESDAY AT THE TRAIN STATION
english458.wav,PLEASE CALL STELLA ASK HER TO BRING THESE THINGS WITH HER FROM THE STORE SIX SPOONS OF FRESH SNOW PEAS FIVE THICK SLABS OF BLUE TEASE AND MAYBE A SNACK FOR HER BROTHER BOB WE ALSO NEED A SMALL PLASSIC SNAKE AND A BIG TOY FROG FOR THE KIDS SHE CAN SCOOP THESE THINGS INTO THREE RED BAGS AND WE WILL GO MEET HER WEDNESDAY AT THE TRAIN STATION
english459.wav,PLEASE CALL STELLA ASK HER TO BRING THESE THINGS WITH HER FROM THE STORE SIX SPOONS OF FRESH SNOW PEASE FIVE THICK SLABS OF BLUE CHEESE AND MAYBE A SNACK FOR HER BROTHER BOB WE ALSO NEED A SMALL PLASTIC SNAKE AND A BIG TOY FROG FOR THE KIDS SHE CAN SCOOP THESE THINGS INTO THREE RED BAGS AND WE WILL GO MEET HER WEDNESDAY AT THE TRAIN STATION
english46.wav,PLEASE CALL STELLA ASK HER TO BRING THESE THINGS WITH HER FROM THE STORE SIX SPOONS OF FRESH SNOW PEAS FIVE THICK SLABS OF BLUE CHEESE AND MAYBE A SNACK FOR HER BROTHER BOB WE ALSO NEED A SMALL PLASTIC SNAKE AND A BIG TOY FROG FOR THE KIDS SHE CAN SCOOP THESE THINGS INTO THREE RED BAGS AND WE WILL GO MEET HER WEDNESDAY AT THE TRAIN STATION
english460.wav,PLEASE CALL STELLA ASK HER TO BRING THESE THINGS WITH HER FROM THE STORE SIX SBOOTS OF FRESH SNOW PEAS FIVE THICK SLABS OF BLUE CHEESE AND MAYBE A SNACK FOR HER BROTHER BOB WE ALSO NEED A SMALL PLASTIC SNAKE AND A BIG TOY FROG FOR THE KIDS SHE CAN SCOOP THESE THINGS INTO THREE RED BAGS AND WE WILL GO MEET HER WEDNESDAY AT THE TRAIN STATION
english461.wav,PLEASE CALL STELLA ASK HER TO BRING THESE THINGS WITH HER FROM THE STORE SIX SPOONS OF FRESH SNOW PEAS FIVE THICK SLABS OF BLUE CHEESE AND MAYBE A SNACK FOR HER BROTHER BOB WE ALSO NEED A SMALL PLASTIC SNAKE AND A BIG TOY FROG FOR THE KIDS SHE CAN SCOOP THESE THINGS INTO THREE RED BAGS AND WE WILL GO MEET HER WEDNESDAY AT THE TRAIN STATION
english462.wav,PLEASE CALL STELLA ASK HER TO BRING THESE THINGS WITH HER FROM THE STORE SIX SPOONS OF FRESH SNOW PEAS FIVE THICK SLABS OF BLUE CHEESE AND MAYBE A SNACK FOR HER BROTHER BOB WE ALSO NEED A SMALL PLASTIC SNAKE AND A BIG TOY FROG FOR THE KIDS SHE CAN SCOOP THESE THINGS INTO THREE RED BAGS AND WE WILL GO MEET HER WEDNESDAY AT THE TRAIN STATION
english463.wav,PLEASE CALL STELLA ASK HER TO BRING THESE THINGS WITH HER FROM THE STORE SIX SPOONS OF FRESH SNOW PEAS FIVE THICK SLABS OF BLUE CHEESE AND MAYBE A SNACK FOR HER BROTHER BOB WE ALSO NEED A SMALL PLASTIC SNAKE AND A BIG TOY FROG FOR THE KIDS SHE CAN SCOOP THESE THINGS INTO THREE RED BAGS AND WE WILL GO MEET HER WEDNESDAY AT THE TRAIN STATION
english464.wav,PLEASE CALL STELLA ASK HER TO BRING THESE THINGS WITH HER FROM THE STORE SIX SPOONS OF FRESH SNOW PEAS FIVE THICK SLABS OF BLUE CHEESE AND MAYBE A SNACK FOR HER BROTHER BOB WE ALSO NEED A SMALL PLASTIC SNAKE AND A BIG TOY FROG FOR THE KIDS SHE CAN SCOOP THESE THINGS INTO THREE RED BAGS AND WE WILL GO MEET HER WEDNESDAY AT THE TRAIN STATION
english465.wav,PLEASE CALL STELLA ASK HER TO BRING THESE THINGS WITH HER FROM THE STORE SIX SPOONS OF FRESH SNOW SNOW PEAS FIVE THICK SLABS OF BLUE CHEESE AND MAYBE A SNACK FOR HER BROTHER BOB WE ALSO NEED A SMALL PLASTIC SNAKE AND A BIG TOY FROG FOR THE KIDS SHE CAN SCOOP THESE THINGS INTO THREE RED BAGS AND WE WILL GO TO MEET HER WEDNESDAY AT THE TRAIN STATION
english466.wav,PLEASE CALL STELLA ASK HER TO BRING THESE THINGS WITH HER FROM THE STORE SIX SPOONS OF FRESH SNOW PEAS FIVE THICK SLABS OF BLUE CHEESE AND MAYBE A SNACK FOR HER BROTHER BOB WE ALSO NEED A SMALL PLASTIC SNAKE AND A BIG TOY FROG FOR THE KIDS SHE CAN SCOOP THESE THINGS INTO THREE RED BAGS WE WILL GO MEET HER WEDNESDAY AT THE TRAIN STATION
english467.wav,PLEASE CALL STELLA ASK HER TO BRING THESE THINGS WITH HER FROM THE STORE SIX SPOONS OF FRESH SNOW PEAS FIVE THICK SLABS OF BLUE CHEESE AND MAYBE A SNACK FOR HER BROTHER BOB WE ALSO NEED A SMALL PLASTIC SNAKE AND A BIG TOY FROG FOR THE KIDS SHE CAN SCOOP THESE THINGS INTO THREE RED BAGS AND WE WILL GO MEET HER WEDNESDAY AT THE TRAIN STATION
english468.wav,PLEASE CALL STELLA ASK HER TO BRING THESE THINGS WITH HER FROM THE STORE SIX SPOONS OF FRESH SNOW PEAS FIVE THICK SLABS OF BLUE CHEESE AND MAYBE A SNACK FOR HER BROTHER BOB WE ALSO NEED A SMALL PLASTIC SNAKE AND A BIG TOY FROG FOR THE KIDS SHE CAN SCOOP THESE THINGS INTO THREE RED BAGS AND WE WILL GO MEET HER WEDNESDAY AT THE TRAIN STATION
english469.wav,PLEASE CALL IT STELLA ASK HER TO BRING THESE THINGS WITH HER FROM THE STORE SIX SPOONS OF FRESH SNOW PEAS FIVE THICK SLABS OF BLUE CHEESE AND MAYBE A SNACK FOR HER BROTHER BOB WE WILL ALSO NEED A SMALL PLASTIC SNAKE AND A BIG TOY FROG FOR THE KIDS SHE CAN SCOOP THESE THINGS INTO THREE RED BAGS AND WE WILL GO MEET HER WEDNESDAY AT THE TRAIN STATION
english47.wav,PLEASE CALL STELLA ASK HER TO BRING THESE THINGS WITH HER FROM THE STORE SIX SPOONS OF FRESH SNOW PEASE FIVE THICK SLABS OF BLUE CHEESE AND MAYBE A SNACK FOR HER BROTHER BOB WE ALSO NEED A SMALL PLASTIC SNAKE AND A BIG TOY FROG FOR THE KIDS SHE CAN SCOOP THESE THINGS INTO THREE RED BAGS AND WE WILL GO MEET HER WEDNESDAY AT THE TRAIN STATION
english470.wav,PLEASE CALL STELLA ASK HER TO BRING THESE THINGS FROM HER ROOM TO THE STORE SIX SPOONS OF FRESH SNOW PEAS FIVE THICK SLABS OF BLUE CHEESE AND MAYBE A SNACK FOR HER BROTHER BOB WE ALSO NEED A SMALL PLASTIC SNAKE AND A BIG TOY FROG FOR THE KIDS SHE CAN SCOOP THESE THINGS INTO THREE RED BAGS AND WE'LL GO MEET HER WEDNESDAY AT THE TRAIN STATION
english471.wav,PLEASE CALL STELLA ASK HER TO BRING THESE THINGS WITH HER FROM THE STORE SIX SPOONS OF FRESH SNOW PEASE FIVE THICK SLABS OF BLUE CHEESE AND MAYBE A SNACK FOR HER BROTHER BOB WE ALSO NEED A SMALL PLASTIC SNAKE AND A BIG TOY FROG FOR THE KIDS SHE CAN SCOOP THESE THINGS INTO THREE RED BAGS AND WE WILL GO MEET HER WEDNESDAY AT THE TRAIN STATION
english472.wav,PLEASE CALL STELLA ASK HER TO BRING THESE THINGS WITH HER FROM THE STORE SIX SPOONS OF FRESH SNOW PEAS FIVE THICK SLABS OF BLUE CHEESE AND MAYBE A SNACK FOR A BROTHER BOB WE ALSO NEED A SMALL PLASTIC SNAKE AND A BIG TOY FROG FOR THE KIDS SHE CAN SCOOP THESE STAINS INTO THREE RED BAGS AND WE WILL GO MEET HER WEDNESDAY AT THE TRAIN STATION
english473.wav,PLEASE CALL STELLA ASK HER TO BRING THESE THINGS WITH HER FROM THE STORE SIX SPOONS OF FRESH SNOW PEAS FIVE THICK SLABS OF BLUE CHEESE AND MAYBE A SNACK FOR HER BROTHER BOB WE ALSO NEED A SMALL PUSSIC SNAKE AND A BIG TOY FROG FOR THE KIDS SHE CAN SCOOP THESE THINGS INTO THREE RED BAGS AND WE WILL GO MEET HER WEDNESDAY AT THE TRAIN STATION
english474.wav,PLEASE CALL STELLA ASK HER TO BRING THESE THINGS WITH HER FROM THE STORE SIX SPOONS OF FRESH SNOW PEAS FIVE THICK SLABS OF BLUE CHEESE AND MAYBE A SNACK FOR HER BROTHER BOB WE ALSO NEED A SMALL PLASTIC SNAKE AND A BIG TOY FROG FOR THE KIDS SHE CAN SCOOP THESE THINGS INTO THREE RED BAGS AND WE WILL GO MEET HER WEDNESDAY AT THE TRAIN STATION
english475.wav,PLEASE CALL STELLA ASK HER TO BRING THESE THINGS WITH HER FROM THE STORE SIX SPOONS OF FRESH SNOW PEAS FIVE THICK SLABS OF BLUE CHEESE AND MAYBE A SNACK FOR HER BROTHER BOB WE ALSO NEED A SMALL PLASTIC SNAKE AND A BIG TOY FROG FOR THE KIDS SHE CAN SCOOP THESE THINGS INTO THREE RED BAGS AND WE WILL MEET HER WEDNESDAY AT THE TRAIN STATION
english476.wav,PLEASE CALL STELLA ASK HER TO BRING THESE THINGS WITH HER FROM THE STORE SIX SPOONS OF FRESH SNOW PEAS FIVE THICK SLABS OF BLUE CHEESE AND MAYBE A SNACK FOR HER BROTHER BOB WE ALSO NEED A SMALL PLASTIC SNAKE AND A BIG TOY FROG FOR THE KIDS SHE CAN SCOOP THESE THINGS INTO THREE RED BAGS AND WE WILL GO MEET HER WEDNESDAY AT THE TRAIN STATION
english477.wav,PLEASE CALL STELLA ASK HER TO BRING THESE THINGS WITH HER FROM THE STORE SIX SPOONS OF FRESH SNOW PEAS FIVE THICK SLABS OF BLUE CHEESE AND MAYBE A SNACK FOR HER BROTHER BOB WE ALSO NEED A SMALL PLASTIC SNAKE AND A BIG TOY FROG FOR THE KIDS SHE CAN SCOOP THESE THINGS INTO THREE RED BAGS AND WE WILL GO MEET HER WEDNESDAY AT THE TRAIN STATION
english478.wav,PLEASE CALL STELLA ASK HER TO BRING THESE THINGS WITH HER FROM THE STORE SIX SPOONS OF FRESH SNOW PEAS FIVE THICK SLABS OF BLUE CHEESE AND MAYBE A SNACK FOR HER BROTHER BOB WE ALSO NEED A SMALL PLASTIC SNAKE AND A BIG TOY FROG FOR THE KIDS SHE CAN SCOOP THESE THINGS INTO THREE RED BAGS AND WE WILL GO MEET HER WEDNESDAY AT THE TRAIN STATION
english479.wav,PLEASE CALL STELLA ASK HER TO BRING THESE THINGS WITH HER FROM THE STORE SIX SPOONS OF FRESH SNOW PEAS FIVE THICK SLABS OF BLUE CHEESE AND MAYBE A SNAP FOR HER BROTHER BOB WE ALSO NEED A SMALL PLASTIC SNAKE AND A BIG TOY FROG FOR THE KIDS SHE CAN SCOOP THESE THINGS INTO THREE RED BAGS AND WE WILL GO MEET HER WEDNESDAY AT THE TRAIN STATION
english48.wav,PLEASE CALL STELLA ASK HER TO BRING THESE THINGS WITH HER FROM THE STORE SIX SPOONS OF FRESH SNOW PEAS FIVE THICK SLABS OF BLUE CHEESE AND MAYBE A SNACK FOR HER BROTHER BOB WE ALSO NEED A SMALL PLASTIC SNAKE AND A BIG TOY FROG FOR THE KIDS SHE CAN SCOOP THESE THINGS INTO THREE RED BAGS AND WE WILL GO MEET HER WEDNESDAY AT THE TRAIN STATION
english480.wav,PLEASE CALL STELLA ASK HER TO BRING THESE THINGS WITH HER FROM THE STORE SIX SPOONS OF FRESH SNOW PEAS FIVE THICK SLABS OF BLUE CHEESE AND MAYBE A SNACK FOR HER BROTHER BOB WE ALSO NEED A SMALL PLASTIC SNAKE AND A BIG TOY FROG FOR THE KIDS SHE CAN SCOOP THESE THINGS INTO THREE RED BAGS AND WE WILL GO MEET HER WEDNESDAY AT THE TRAIN STATION
english481.wav,PLEASE CALL STELLA ASK HER TO BRING THESE THINGS WITH HER FROM THE STORE SIX SPOONFUL OF FRESH SNOW PEAS FIVE THICK SLABS OF BLUE CHEESE AND MAYBE A SNACK OF HER BROTHER'S FOR HER BROTHER BOB WE ALSO NEED A SMALL PLACSTIC BAG AND A SMALL TOY FROG FOR THE KIDS YOU CAN SCOOP THESE THINGS INTO THREE RED BAGS AND WE WILL GO MEET HER NEXT WEDNESDAY AT THE TRAIN STATION
english482.wav,PLEASE CALL STELLA ASK HER TO BRING THESE THINGS WITH HER FROM THE STORE SIX SPOONS OF FRESH SNOW PEASE FIVE THICK SLABS OF BLUE CHEESE AND MAYBE A SNACK FOR HER BROTHER BOB WE ALSO NEED A SMALL PLASTIC SNAKE AND A BIG TOY FROG FOR THE KIDS SHE CAN SCOOP THESE THINGS INTO THREE RED BAGS AND WE WILL GO MEET HER WEDNESDAY AT THE TRAIN STATION
english483.wav,PLEASE CALL STELLA ASK HER TO BRING THESE THINGS WITH HER FROM THE STORE SIX SPOONS OF FRESH SNOW PEAS FIVE THICK SLABS OF BLUE CHEESE AND MAYBE A SNACK FOR HER BROTHER BOB WE ALSO NEED A SMALL PLASTIC SNAKE AND A BIG TOY FROG FOR THE KIDS SHE CAN SCOOP THESE THINGS INTO THREE RED BAGS AND WE WILL GO A MEET HER WEDNESDAY AT THE TRAIN STATION
english484.wav,PLEASE CALL STELLA ASK HER TO BRING THESE THINGS WITH HER FROM THE STORE SIX SPOONS OF FRESH SNOW PEAS FIVE THICK SLABS OF BLUE CHEESE AND MAYBE A SNACK FOR HER BROTHER BOB WE ALSO NEED A SMALL PLASTIC SNAKE AND A BIG TOY FROG FOR THE KIDS SHE CAN SCOOP THESE THINGS INTO THREE RED BAGS AND WE WILL GO MEET HER WEDNESDAY AT THE TRAIN STATION
english485.wav,PLEASE CALL STELLA ASK HER TO BRING THESE THINGS WITH HER FROM THE STORE SIX SPOONS OF FRESH SNOW PEAS FIVE THICK SLABS OF BLUE CHEESE AND MAYBE A SNACK FOR HER BROTHER BOB WE ALSO NEED A SMALL PLASTIC SNAKE AND A BIG TOY FROG FOR THE KIDS SHE CAN SCOOP THESE THINGS INTO THREE RED BAGS AND WE WILL GO MEET HER WEDNESDAY AT THE TRAIN STATION
english486.wav,PLEASE CALL STELLA ASK HER TO BRING THESE THINGS WITH HER FROM THE STORE SIX SPOONS OF FRESH SNOW PEAS FIVE THICK SLABS OF BLUE CHEESE AND MAYBE A SNAP FOR HER BROTHER BOB WE ALSO NEED A SMALL PLASTIC SNAP SNAKE AND A BIG TOY FROG FOR THE KIDS SHE CAN SCOOP THESE THINGS INTO THREE RED BAGS AND WE WILL GO MEET HER WEDNESDAY AT THE TRAIN STATION
english487.wav,PLEASE CALL STELLA ASK HER TO BRING THESE THINGS WITH HER FROM THE STORE SIX SPOONS OF FRESH SNOW PEAS FIVE THICK SLABS OF BLUE CHEESE AND MAYBE A SNACK FOR HER BRO THEM BOL WHE ALSO NEED A SMALL CASSTICK SNAKE AND A BIG TOY FROG FOR THE KIDS SHE CAN SCOOP THESE THINGS INTO THREE RED BAGS AND WE WILL GO MEET HER WEDNESDAY AT THE TRAIN STATION
english488.wav,PLEASE CALL STELLA ASK HER TO BRING THESE THINGS WITH HER FROM THE STORE SIX SPOONS OF FRESH SNOW PEAS FIVE THICK SLABS OF BLUE CHEESE AND MAYBE A SNACK FOR HER BROTHER BOB WE ALSO NEED A SMALL PLASTIC SNAKE AND A BIG TOY FROG FOR THE KIDS SHE CAN SCOOP THESE THINGS INTO THREE RED BAGS AND WE WILL GO MEET HER WEDNESDAY AT THE TRAIN STATION
english489.wav,PLEASE CALL STELLA ASK HER TO BRING THESE THINGS WITH HER FROM THE STORE SIX SPOONS OF FRESNO PEAS FIVE THICK SLABS OF BLUE CHEESE AND MAYBE A SNAP FOR HER BROTO BOB WE ALSO NEED A SMALL PLASTIC SNEAK AND A BIG TOY FROG FOR THE KIDS SHE CAN SCHOOL THESE THINGS INTO THREE RED BAGS AND WE WILL GO MEET WE GO MET ON WEDNESDAY AT THE TRAIN STATION
english49.wav,PLEASE CALL STELLA ASK HER TO BRING THESE THINGS WITH HER FROM THE STORE SIX SPOONS OF FRESH SNOW PEAS FIVE THICK SLABS OF BLUE CHEESE AND MAYBE A SNACK FOR HER BROTHER BOB WE ALSO NEED A SMALL PLASTIC SNAKE AND A BIG TOY FROG FOR THE KIDS SHE CAN SCOOP THESE THINGS INTO THREE RED BAGS AND WE WILL GO MEET HER WEDNESDAY AT THE TRAIN STATION
english490.wav,PLEASE CALL STELLA ASK HER TO BRING THESE THINGS WITH HER FROM THE STORE SIX SPOONS OF FRESH SNOW PEAS FIVE THICK SLABS OF BLUE CHEESE AND MAYBE A SNAKE FOR HA BROTHER BOB WE ALSO NEED A SMALL PLASTIC SNAKE AND A BIG TOY FROG FOR THE KIDS SHE CAN SCOOP THESE THINGS INTO THREE RED BAGS AND WE WILL GO MOVT HER WEDNESDAY AT THE TRAIN STATION
english491.wav,PLEASE CALL STELLA AX HER TO BRING THESE THINGS WITH HER FROM THE STORE SIX SPOONS OF FRESH SNOW PEAS FIVE THICK SLABS OF BLUE CHEESE AND MAYBE A SNUK FOR HER BROTHER BOB WE ALSO NEED A SMALL PLASTIC SNAKE AND A BIG TOY FROG FOR THE KIDS SHE CAN SCOOP THESE THINGS INTO THREE RED BAGS AND WE WILL GO MEET HER WENESDAY AT THE TRAIN STATION
english492.wav,PLEASE CALL STELLA ASK HER TO BRING THESE THINGS WITH HER FROM THE STORE SIX SPOONS OF FRESH SNOW PEASE FIVE THICK SLABS OF BLUE CHEESE AND MAYBE A SNACK FOR HER BROTHER BOB WE ALSO NEED A SMALL PLASTIC SNAKE AND A BIG TOY FROG FOR THE KIDS SHE CAN SCOOP THESE THINGS INTO THREE RED BAGS AND WE WILL GO MEET HER WEDNESDAY AT THE TRAIN STATION
english493.wav,PLEASE CALL STELLA ASK HER TO BRING THESE THINGS WITH HER FROM THE STORE SIX SPOONS OF FRESH SNOW PEAS FIVE THICK SLABS OF BLUE CHEESE AND MAYBE A SNACK FOR HER BROTHER BOB WE ALSO NEED A SMALL PLASTIC SNAKE AND A BIG TOY FROG FOR THE KIDS SHE CAN SCOOP THESE THINGS INTO THREE RED BAGS AND WE WILL GO MEET HER WEDNESDAY AT THE TRAIN STATION
english494.wav,PLEASE CALL STELLA ASK HER TO BRING THESE THINGS WITH HER FROM THE STORE SIX SPOONS OF FRESH SNOW PEAS FIVE THICK SLABS OF BLUE CHEESE AND MAYBE A SNACK FOR HER BROTHER BOB WE ALSO NEED A SMALL PLASTIC SNAKE AND A BIG TOY FROG FOR THE KIDS SHE CAN SCOOP THESE THINGS INTO THREE RED BAGS AND WE WILL GO MEET HER WEDNESDAY AT THE TRAIN STATION
english495.wav,PLEASE CALL STELLA ASK HER TO BRING THESE THINGS WITH HER FROM THE STORE SIX SPOONS OF FRESH SNOW PEAS FIVE THICK SLABS OF BLUE CHEESE AND MAYBE A SNACK FOR HER BROTHER BOB WE ALSO NEED A SMALL PLASTIC SNAKE AND A BIG TOY FROG FOR THE KIDS SHE CAN SCOOP THESE THINGS INTO THREE RED BAGS AND WE'LL GO MEET HER WEDNESDAY AT THE TRAIN STATION
english496.wav,PLEASE CALL STELLA ASK HER TO BRING THESE THINGS WITH HER FROM THE STORE SIX SPOONS OF FRESH SNOW PEAS FIVE THICK SLABS OF BLUE CHEESE AND MAYBE A SNACK FOR HER BROTHER BOB WE ALSO NEED A SMALL PLASTIC SNAKE AND A BIG TOY FROG FOR THE KIDS SHE CAN SCOOP THESE THINGS INTO THREE RED BAGS AND WE WILL GO AN D MEET HER WEDNESDAY AT THE TRAIN STATION
english497.wav,PLEASE CALL STELLA ASK HER TO BRING THESE THINGS WITH HER FROM THE STORE SIX SPOONS OF FRESH SNOW PEAS FIVE THICK SLABS OF BLUE CHEESE AND MAYBE A SNACK FOR HER BROTHER BOB WE ALSO NEED A SMALL PLASTIC SNAKE AND A BIG TOY FROG FOR THE KIDS SHE CAN SCOOP THESE THINGS INTO THREE RED BAGS AND WE WILL GO MEET HER WEDNESDAY AT THE TRAIN STATION
english498.wav,PLEASE CALL STELLA ASK HER TO BRING THESE THINGS WITH HER FROM THE STORE SIX SPOONS OF FRESH SNOW PEAS FIVE THICK SLABS OF BLUE CHEESE AND MAYBE A SNACK FOR HER BROTHER BOB WE ALSO NEED A SMALL PLASTIC SNAKE AND A BIG TOY FROG FOR THE KIDS SHE CAN SCOOP THESE THINGS INTO THREE RED BAGS AND WE WILL GO MEET HER WEDNESDAY AT THE TRAIN STATION
english499.wav,PLEASE CALL STELLA ASK HER TO BRING THESE THINGS WITH HER FROM THE STORE SIX SPOONS OF FRESH SNOW PEAS FIVE THICK SLABS OF BLUE CHEESE AND MAYBE A SNACK FOR HER BROTHER BOB WE ALSO NEED A SMALL PLASTIC SNAKE AND A BIG TOY FROG FOR THE KIDS SHE CAN SCOOP THESE THINGS INTO THREE RED BAGS AND WE WILL GO MEET HER WEDNESDAY AT THE TRAIN STATION
english5.wav,PLEASE CALL STELLA ASK HER TO BRING THESE THINGS WITH HER FROM THE STORE SIX SPOONS OF FRESH SNOW PEASE FIVE THICK SLABS OF BLUE CHEESE AND MAYBE A SNACK FOR HER BROTHER BOB WE ALSO NEED A SMALL PLASTIC SNAKE AND A BIG TOY FROG FOR THE KIDS SHE CAN SCOOP THESE THINGS INTO THREE RED BAGS AND WE WILL MEET HER WENSDAY AT THE TRAIN STATION
english50.wav,PLEASE CALL STELLA ASK HER TO BRING THESE THINGS WITH HER FROM THE STORE SIX SPOONS OF FRESH SNOW PEAS FIVE THICK SLABS OF BLUE CHEESE AND MAYBE A SNACK FOR HER BROTHER BOB WE ALSO NEED A SMALL PLASTIC SNAKE AND A BIG TOY FROG FOR THE KIDS SHE CAN SCOOP THESE THINGS INTO THREE RED BAGS AND WE WILL GO MEET HER WEDNESDAY AT THE TRAIN STATION
english500.wav,PLEASE CALL STELLA ASK HER TO BRING THESE THINGS WITH HER FROM THE STORE SIX SPOONS OF FRESH SNOW PEAS FIVE THICK SLABS OF BLUE CHEESE AND MAYBE A SNACK FOR HER BROTHER BOB WE ALSO NEED A SMALL PLASTIC SNAKE AND A BIG TOY FROG FOR THE KIDS SHE CAN SCOOP THESE THINGS INTO THREE RED BAGS AND WE WILL GO MEET HER WEDNESDAY AT THE TRAIN STATION
english501.wav,PLEASE CALL STELLA ASK HER TO BRING THESE THINGS WITH HER FROM THE STORE SIX SPOONS OF FRESH SNOW PEAS FIVE THICK SLABS OF BLUE CHEESE AND MAYBE A SNACK FOR HER BROTHER BOB WE ALSO NEED A SMALL PLASTIC SNAKE AND A BIG TOY FROG FOR THE KIDS SHE CAN SCOOP THESE THINGS INTO THREE RED BAGS AND WE WILL GO MEET HER WEDNESDAY AT THE TRAIN STATION
english502.wav,PLEASE CALL STELLA ASK HER TO BRING THESE THINGS WITH HER FROM THE STORE SIX SPOONS OF FRESH SNOW PEASE FIVE THICK SLABS OF BLUE CHEESE AND MAYBE A SNACK FOR HER BROTHER BOB WE ALSO NEED A SMALL PLASTIC SNAKE AND A BIG TOY FROG FOR THE KIDS SHE CAN SCOOP THESE THINGS INTO THREE RED BAGS AND WE WILL GO MEET HER WEDNESDAY AT THE TRAIN STATION
english503.wav,PLEASE CALL STELLA ASK HER TO BRING THESE TINS WITH HER FROM THE STORE SIX SPOONS OF FRESH SNOW PEAS FIVE THICK SLABS OF BLUE CHEESE AND MAYBE A SNACK FOR HER BROTHER BOB WE ALSO NEED A SMALL PLASTIC SNAKE AND A BIG TOY FROK FOR THE KIDS SHE CAN SCOPE THES TINTS INTO THREE RED BAGS AND WE'LL GO MEET HER WEDNESDAY AT THE TRAIN STATION
english504.wav,PLEASE CALL STELLA ASK HER TO BRING THESE THINGS WITH HER FROM THE STORE SIX SPOONS OF FRESH SNOW PEAS FIVE THICK SLABS OF BLUE CHEESE AND MAYBE A SNACK FOR HER BROTHER BOB WE ALSO NEED A SMALL PLASTIC SNAKE AND A BIG TOY FROG FOR THE KIDS SHE CAN SCOOP THESE THINGS INTO THREE RED BAGS AND WE WILLGO MEET HER ON WEDNESDAY AT THE TRAIN STATION
english505.wav,PLEASE CALL STELLA ASK HER TO BRING THESE THINGS WITH HER FROM THE STORE SIX SPOONS OF FRESH SNOW PEAS FIVE THICK SLABS OF BLUE CHEESE AND MAYBE A SNACK FOR HER BROTHER BOB WE ALSO NEED A SMALL PLASTIC SNAKE AND A BIG TOY FROG FOR THE KIDS SHE CAN SCOOP THESE THINGS INTO THREE RED BAGS AND WE'LL GO MEET HER WEDNESDAY AT THE TRAIN STATION
english506.wav,PLEASE CALL STELLA ASK HER TO BRING THESE THINGS WITH HER FROM THE STORE SIX SPOONS OF FRESH SNOW PEAS FIVE THICK SLABS OF BLUE CHEESE AND MAYBE A SNACK FOR HER BROTHER BOB WE ALSO NEED A SMALL PLASTIC SNAKE AND A BIG TOY FROG FOR THE KIDS SHE CAN SCOOP THESE THINGS INTO THREE RED BAGS AND WE WILL GO MEET HER WEDNESDAY AT THE TRAIN STATION
english507.wav,PLEASE CALL STELLA ASK HER TO BRING THESE THINGS WITH HER FROM THE STORE SIX SPOONFUS OF FRESH SNOW PEAS FIVE THICK SLABS OF BLUE CHEESE AND MAYBE A SNACK FOR HER BROTHER BOB WE ALSO NEED A SMALL PLASTIC SNAKE AND A BIG TOY FROG FOR THE KIDS SHE CAN SCOOP THESE THINGS INTO THREE RED BAGS AND WE WILL GO MEET HER ON WEDNESDAY AT THE TRAIN STATION
english508.wav,PLEASE CALL STELLA ASK HER TO BRING THESE THINGS WITH HER FROM THE STORE SIX SPOONS OF FRESH SNOW PEAS FIVE THICK SLABS OF BLUE CHEESE AND MAYBE A SNACK FOR HER BROTHER BOB WE ALSO NEED A SMALL PLASTIC SNAKE AND A BIG TOY FROG FOR THE KIDS SHE CAN SCOOP THESE THINGS INTO THREE RED BAGS AND WE WILL GO MEET HER WEDNESDAY AT THE TRAIN STATION
english509.wav,PLEASE CALL STELLA ASK HER TO BRING THESE THINGS WITH HER FROM THE STORE SIX SPOONS OF FRESH SNOW PEAS FIVE THICK SLABS OF BLUE CHEESE AND MAYBE A SNACK FOR HER BROTHER BOB WE ALSO NEED A SMALL PLASTIC SNAKE AND A BIG TOY FROG FOR THE KIDS SHE CAN SCOOP THESE THINGS INTO THREE RED BAGS AND WE WILL GO MEET HER WEDNESDAY AT THE TRAIN STATION
english51.wav,PLEASE CALL STELLA ASK HER TO BRING THESE THINGS WITH HER FROM THE STORE SIX SPOONS OF FRESH SNOW PEAS FIVE THICK SLABS OF BLUE CHEESE AND MAYBE A SNACK FOR HER BROTHER BOB WE ALSO NEED A SMALL PLASTIC SNAKE AND A BIG TOY FROG FOR THE KIDS SHE CAN SCOOP THESE THINGS INTO THREE RED BAGS AND WE WILL GO MEET HER WEDNESDAY AT THE TRAIN STATION
english510.wav,PLEASE CALL STELLA ASK HER TO BRING THESE THINGS WITH HER FROM THE STORE SIX SPOONS OF FRESH SNOW PEAS FIVE THICK SLABS OF BLUE CHEESE AND MAYBE A SNACK FOR HER BROTHER BOB WE ALSO NEED A SMALL PLASTIC SNAKE AND A BIG TOY FROG FOR THE KIDS SHE CAN SCOOP THESE THINGS INTO THREE RED BAGS AND WE WILL GO MEET HER WEDNESDAY AT THE TRAIN STATION
english511.wav,PLEASE CALL STELLA ASK HER TO BRING THESE THINGS WITH HER FROM THE STORE SIX SPOONS OF FRESH SNOW PEAS FIVE THICK SLABS OF BLUE CHEESE AND MAYBE A SNACK FOR HER BROTHER BOB WE ALSO NEED A SMALL PLASTIC SNAKE AND A BIG TOY FROG FOR THE KIDS SHE CAN SCOOP THESE THINGS INTO THREE RED BAGS AND WE WILL GO MEET HER WEDNESDAY AT THE TRAIN STATION
english512.wav,PLEASE CALL STELLA ASK HER TO BRING THESE THINGS WITH HER FROM THE STORE SIX SPOONS OF FRESH SNOW PEAS FIVE THICK SLABS OF BLUE CHEESE AND MAYBE A SNAP FOR HER BROTHER BOB WE ALSO NEED A SMALL PLASTIC SNAKE AND A BIG TOY FROG FOR THE KIDS SHE CAN SCOOP THESE THINGS INTO THREE RED BAGS AND WE WILL GO MEET HER WEDNESDAY AT THE TRAIN STATION
english513.wav,PLEASE CALL STELLA ASK HER TO BRING THESE THINGS WITH HER FROM THE STORE SIX SPOONS OF FRESH SNOW PEAS FIVE THICK SLABS OF BLUE CHEESE AND MAYBE A SNAP FOR HER BROTHER BOG WE ALSO NEED A SMALL PLASTIC SNAKE AND A PIG TOY FROG FOR THE KIDS SHE CAN SCOOP THESE THINGS INTO THREE RED BAGS AND WE WILL GO MEET HER WEDNESDAY AT THE TRAIN STATION
english514.wav,PLEASE CALL STELLA ASK HER TO BRING THESE THINGS WITH HER FROM THE STORE SIX SPOONS OF FRESH SNOW PEAS FIVE THICK SLABS OF BLUE CHEESE AND MAYBE A SNACK FOR HER BROTHER BOB WE ALSO NEED A SMALL PLASTIC SNAKE AND A BIG TOY FROG FOR THE KIDS SHE CAN SCOOP THESE THINGS INTO THREE RED BAGS AND WE WILL GO MEET HER WEDNESDAY AT THE TRAIN STATION
english515.wav,PLEASE CALL STELLA ASK HER TO BRING THESE THINGS WITH HER FROM THE STORE SIX SPOONS OF FRESH SNOW PEAS FIVE THICK SLABS OF BLUE CHEESE AND MAYBE A SNACK FOR HER BROTHER BOB WE ALSO NEED A SMALL PLASTIC SNAKE AND A BIG TOY FROG FOR THE KIDS SHE CAN SCOOP THESE THINGS INTO THREE RED BAGS AND WE WILL GO MEET HER WEDNESDAY AT THE TRAIN STATION
english516.wav,PLEASE CALL STELLA ASK HER TO BRING THESE THINGS WITH HER FROM THE STORE SIX SPOONS OF FRESH SNOW PEAS FIVE THICK SLABS OF BLUE CHEESE AND MAYBE A SNACK FOR HER BROTHER BOB WE ALSO NEED A SMALL PLASTIC SNAKE AND A BIG TOY FROG FOR THE KIDS SHE CAN SCOOP THESE THINGS INTO THREE RED BAGS AND WE WILL GO MEET HER WEDNESDAY AT THE TRAIN STATION
english517.wav,PLEASE CALL STELLA ASK HER TO BRING THESE THINGS WITH HER FROM THE STORE SIX SPOONS OF FRESH SNOW PEAS FIVE THICK SLABS OF BLUE CHEESE AND MAYBE A SNACK FOR HER BROTHER BOB WE ALSO NEED A SMALL PLASTIC SNAKE AND A BIG TOY FROG FOR THE KIDS SHE CAN SCOOP THESE THINGS INTO THREE RED BAGS AND WILL GO MEET HER WEDNESDAY AT THE TRAIN STATION
english518.wav,PLEASE CALL STELLA ASK HER TO BRING THESE THINGS WITH HER FROM THE STORE SIX SPOONS OF FRESH SNOW PEAS FIVE THICK SLABS OF BLUE CHEESE AND MAYBE A SNACK FOR HER BROTHER BOB WE ALSO NEED A SMALL PLASTIC SNAKE AND A BIG TOY FROG FOR THE KIDS SHE CAN SCOOP THESE THINGS INTO THREE RED BAGS AND WE'LL GO MEET HER WEDNESDAY AT THE TRAIN STATION
english519.wav,PLEASE CALL STELLA ASK HER TO BRING THESE THINGS WITH HER FROM THE STORE SIX SPOONS OF FRESH SNOW PEAS FIVE THICK SLABS OF BLUE CHEESE AND MAYBE A SNACK FOR HER BROTHER BOB WE ALSO NEED A SMALL PLASTIC SNAKE AND A BIG TOY FROG FOR THE KIDS CAN SHE SCOOP THESE THINGS INTO THREE RED BAGS AND WE WILL GO TO MEET HER WEDNESDAY AT THE TRAIN STATION
english52.wav,PLEASE CALL STELLA ASK HER TO BRING THESE THINGS WITH HER FROM THE STORE SIX SPOONS OF FRESH SNOW PEAS FIVE THICK SLABS OF BLUE CHEESE AND MAYBE A SNACK FOR HER BROTHER BOB WE ALSO NEED A SMALL PLASTIC SNAKE AND A BIG TOY FROG FOR THE KIDS SHE CAN SCOOP THESE THINGS INTO THREE RED BAGS AND WE WILL GO MEET HER WEDNESDAY AT THE TRAIN STATION
english520.wav,PLEASE CALL STELLA ASK HER TO BRING THESE THINGS WITH HER FROM THE STORE SIX SPOONS OF FRESH SNOW PEAS FIVE THICK SLABS OF BLUE CHEESE AND MAYBE A SNACK FOR HER BROTHER BOB WE ALSO NEED A SMALL PLASTIC SNAKE AND A BIG TOY FROG FOR THE KIDS SHE CAN SCOOP THESE THINGS INTO THREE RED BAGS AND WE WILL GO MEET HER WEDNESDAY AT THE TRAIN STATION
english521.wav,PLEASE CALL STELLA ASK HER TO BRING THESE THINGS WITH HER FROM THE STORE SIX SPOONS OF FRESH SNOW PEAS FIVE THICK SLABS OF BLUE CHEESE AND MAYBE A SNACK FOR HER BROTHER BOB WE ALSO NEED A SMALL PLASTIC SNAKE AND A BIG TOY FROG FOR THE KIDS SHE CAN SCOOP THESE THINGS INTO THREE RED BAGS AND WE WILL GO MEET HER WEDNESDAY AT THE TRAIN STATION
english522.wav,PLEASE CALL STELLA ASK HER TO BRING THESE THINGS WITH HER FROM THE STORE SIX SPOONS OF FRESH SNOW PEAS FIVE THICK SLABS OF BLUE CHEESE AND MAYBE A SNACK FOR HER BROTHER BOB WE ALSO NEED A SMALL PLASTIC SNAKE AND A BIG TOY FROG FOR THE KIDS SHE CAN SCOOP THESE THINGS INTO THREE RED BAGS AND WE WILL GO MEET HER WEDNESDAY AT THE TRAIN STATION
english523.wav,PLEASE CALL STELLA ASK HER TO BRING THESE THINGS WITH HER FROM THE STORE SIX SPOONS OF FRESH SNOW PEAS FIVE THICK SLABS OF BLUE CHEESE AND MAYBE A SNACK FOR HER BROTHER BOB WE ALSO NEED A SMALL PLASTIC SNAKE AND A BIG TOY FROG FOR THE KIDS SHE CAN SCOOP THESE THINGS INTO THREE RED BAGS AND WE WILL GO MEET HER WEDNESDAY AT THE TRAIN STATION
english524.wav,PLEASE CALL STELLA ASK HER TO BRING THESE THINGS WITH HER FROM THE STORE SIX SPOONS OF FRESH SNOW PEAS FIVE THICK SLABS OF BLUE CHEESE AND MAYBE A SNACK FOR HER BROTHER BOB WE ALSO NEED A SMALL PLASTIC SNAKE AND A BIG TOY FROG FOR THE KIDS SHE CAN SCOOP THESE THINGS INTO THREE RED BAGS AND WE WILL MEET GO MEET HER WEDNESDAY AT THE TRAIN STATION
english525.wav,PLEASE CALL STELLA ASK HER TO BRING THESE THINGS WITH HER FROM THE STORE SIX SPOONS OF FRESH SNOW PEAS FIVE THICK SLABS OF BLUE CHEESE AND MAYBE A SNACK FOR HER BROTHER BOB WE ALSO NEED A SMALL PLASTIC SNAKE AND A BIG TOY FROG FOR THE KIDS SHE CAN SCOOP THESE THINGS INTO THREE RED BAGS AND WE WILL GO MEET HER WEDNESDAY AT THE TRAIN STATION
english526.wav,PLEASE CALL STELLA ASK HER TO BRING THESE THINGS WITH HER FROM THE STORE SIX SPOONS OF FRESH SNOW PEAS FIVE THICK SLABS OF BLUE CHEESE AND MAYBE A SNACK FOR HER BROTHER BOB WE ALSO NEED A SMALL PLASTIC SNAKE AND A BIG TOY FROG FOR THE KIDS SHE CAN SCOOP THESE THINGS INTO THREE RED BAGS AND WE WILL GO MEET HER WEDNESDAY AT THE TRAIN STATION
english527.wav,PLEASE CALL STELLA ASK HER TO BRING THESE THINGS WITH HER FROM THE STORE SIX SPOONS OF FRESH SNOW PEAS FIVE THICK SLABS OF BLUE CHEESE AND MAYBE A SNACK FOR HER BROTHER BOB WE ALSO NEED A SMALL PLASTIC SNAKE AND A BIG TOY FROG FOR THE KIDS SHE CAN SCOOP THESE THINGS INTO THREE RED BAGS AND WE WILL GO MEET HER WEDNESDAY AT THE TRAIN STATION
english528.wav,PLEASE CALL STELLA ASK HER TO BRING THESE THINGS WITH HER FROM THE STORE SIX SPOONS OF FRESH SNOW PEAS FIVE THICK SLABS OF BLUE CHEESE AND MAYBE A SNACK FOR HER BROTHER BOB WE ALSO NEED A SMALL PLASTIC SNAKE AND A BIG TOY FROG FOR THE KIDS SHE CAN SCOOP THESE THINGS INTO THREE RED BAGS AND WE WILL GO MEET HER WEDNESDAY AT THE TRAIN STATION
english529.wav,PLEASE CALL STELLA ASK HER TO BRING THESE THINGS WITH HER FROM THE STORE SIX SPOONS OF FRESH SNOW PEAS FIVE THICK SLABS OF BLUE CHEESE AND MAYBE A SNACK FOR HER BROTHER BOB WE ALSO NEED A SMALL PLASTIC SNAKE AND A BIG TOY FROG FOR THE KIDS SHE CAN SCOOP THESE THINGS INTO THREE RED BAGS AND WE WILL GO MEET HER WEDNESDAY AT THE TRAIN STATION
english53.wav,PLEASE CALL STELLA ASK HER TO BRING THESE THINGS WITH HER FROM THE STORE SIX SPOONS OF FRESH SNOW PEASE FIVE THICK SLABS OF BLUE CHEESE AND MAYBE A SNACK FOR HER BROTHER BOB WE ALSO NEED A SMALL PLASTIC SNAKE AND A BIG TOY FROG FOR THE KIDS SHE CAN SCOOP THESE THINGS INTO THREE RED BAGS AND WE WILL GO MEET HER WEDNESDAY AT THE TRAIN STATION
english530.wav,PLEASE CALL STELLA ASK HER TO BRING THESE THINGS WITH HER FROM THE STORE SIX SPOONS OF FRESH SNOW PEAS FIVE THICK SLABS OF BLUE CHEESE AND MAYBE A SNACK FOR HER BROTHER BOB WE ALSO NEED A SMALL PLASTIC SNAKE AND A BIG TOY FROG FOR THE KIDS SHE CAN SCOOP THESE THINGS INTO THREE RED BAGS AND WE WILL GO MEET HER WEDNESDAY AT THE TRAIN STATION
english531.wav,PLEASE CALL STELLA ASK HER TO BRING THESE THINGS WITH HER FROM THE STORE SIX SPOONS OF FRESH SNOW PEAS FIVE THICK SLABS OF BLUE CHEESE AND MAYBE A SNACK FOR HER BROTHER BOB WE ALSO NEED A SMALL PLASTIC SNAKE AND A BIG TOY FROG FOR THE KIDS SHE CAN SCOOP THESE THINGS INTO THREE RED BAGS AND WE WILL GO MEET HER WEDNESDAY AT THE TRAIN STATION
english532.wav,PLEASE CALL STELLA ASK HER TO BRING THESE THINGS WITH HER FROM THE STORE SIX SPOONS OF FRESH SNOW PEAS FIVE THICK SLABS OF BLUE CHEESE AND MAYBE A SNACK FOR HER BROTHER BOB WE ALSO NEED A SMALL PLASTIC SNAKE AND A BIG TOY FROG FOR THE KIDS SHE CAN SCOOP THESE THINGS INTO THREE RED BAGS AND WE WILL GO MEET HER WEDNESDAY AT THE TRAIN STATION
english533.wav,PLEASE CALL STELLA ASK HER TO BRING THESE THINGS WITH HER FROM THE STORE SIX SPOONS OF FRESH SNOW PEAS FIVE THICK SLABS OF BLUE CHEESE AND MAYBE A SNACK FOR HER BROTHER BOB WE ALSO NEED A SMALL PLASTIC SNAKE AND A BIG TOY FROG FOR THE KIDS SHE CAN SCOOP THESE THINGS INTO THREE RED BAGS AND WE WILL GO MEET HER WEDNESDAY AT THE TRAIN STATION
english534.wav,PLEASE CALL STELLA ASK HER TO BRING THESE THINGS WITH HER FROM THE STORE SIX SPOONS OF FRESH SNOW PEAS FIVE THICK SLABS OF BLUE CHEESE AND MAYBE A SNACK FOR HER BROTHER BOB WE ALSO NEED A SMALL PLASTIC SNAKE AND A BIG TOY FROG FOR THE KIDS SHE CAN SCOOP THESE THINGS INTO THREE RED BAGS AND WE WILL GO MEET HER WEDNESDAY AT THE TRAIN STATION
english535.wav,PLEASE CALL STELLA ASK HER TO BRING THESE THINGS WITH HER FROM THE STORE SIX SPOONS OF FRESH SNOW PEAS FIVE THICK SLABS OF BLUE CHEESE AND MAYBE A SNACK FOR HER BROTHER BOB WE ALSO NEED A SMALL PLASTIC SNAKE AND A BIG TOY FROG FOR THE KIDS SHE CAN SCOOP THESE THINGS INTO THREE RED BAGS AND WE WILL GO MEET HER WEDNESDAY AT THE TRAIN STATION
english536.wav,PLEASE CALL STELLA ASK HER TO BRING THESE THINGS WITH HER FROM THE STORE SIX SPOONS OF FRESH SNOW PEAS FIVE THICK SLABS OF BLUE CHEESE AND MAYBE A SNACK FOR HER BROTHER BOB WE ALSO NEED A SMALL PLASTIC SNAKE AND A BIG TOY FROG FOR THE KIDS SHE CAN SCOOP THESE THINGS INTO THREE RED BAGS AND WE WILL GO MEET HER WEDNESDAY AT THE TRAIN STATION
english537.wav,PLEASE CALL STELLA ASK HER TO BRING THESE THINGS WITH HER FROM THE STORE SIX SPOONS OF FRESH SNOW PEAS FIVE THICK SLABS OF BLUE CHEESE AND MAYBE A SNACK FOR HER BROTHER BOB WE ALSO NEED A SMALL PLASTIC SNAKE AND A BIG TOY FROG FOR THE KIDS SHE CAN SCOOP THESE THINGS INTO THREE RED BAGS AND WE WILL GO MEET HER WEDNESDAY AT THE TRAIN STATION
english538.wav,PLEASE CALL STELLA ASK HER TO BRING THESE THINGS WITH HER FROM THE STORE SIX SPOONS OF FRESH SNOW PEAS FIVE THICK SLABS OF BLUE CHEESE AND MAYBE A SNACK FOR HER BROTHER BOB WE ALSO NEED A SMALL PLASTIC SNAKE AND A BIG TOY FROG FOR THE KIDS SHE CAN SCOOP THESE THINGS INTO THREE RED BAGS AND WE WILL MEET WITH HER MEET HER WEDNESDAY AT THE TRAIN STATION
english539.wav,PLEASE CALL STELLA ASK HER TO BRING THESE THINGS WITH HER FROM THE STORE SIX SPOONS OF FRESH SNOW PEAS FIVE THICK SLABS OF BLUE CHEESE AND MAYBE A SNACK FOR HER BROTHER BOB WE ALSO NEED A SMALL PLASTIC SNAKE AND A BIG TOY FROG FOR THE KIDS SHE CAN SCOOP THESE THINGS INTO THREE RED BAGS AND WE WILL GO MEET HER WEDNESDAY AT THE TRAIN STATION
english54.wav,PLEASE CALL STELLA ASK HER TO BRING THESE THINGS WITH HER FROM THE STORE SIX SPOONS OF FRESH SNOW PEAS FIVE THICK SLABS OF BLUE CHEESE AND MAYBE A SNACK FOR HER BROTHER BOB WE ALSO NEED A SMALL PLASTIC SNAKE AND A BIG TOY FROG FOR THE KIDS SHE CAN SCOOP THESE THINGS INTO THREE RED BAGS AND WE WILL GO MEET HER WEDNESDAY AT THE TRAIN STATION
english540.wav,PLEASE CALL STELLA ASK HER TO BRING THESE THINGS WITH HER FROM THE STORE SIX SPOONS OF FRESH SNOW PEAS FIVE THICK SLABS OF BLUE CHEESE AND MAYBE A SNACK FOR HER BROTHER BOB WE ALSO NEED A SMALL PLASTIC SNAKE AND A BIG TOY FROG FOR THE KIDS SHE CAN SCOOP THESE THINGS INTO THREE RED BAGS AND WE WILL GO MEET HER WEDNESDAY AT THE TRAIN STATION
english541.wav,PLEASE CALL STELLA ASK HER TO BRING THESE THINGS WITH HER FROM THE STORE SIX SPOONS OF FRESH SNOW PEAS FIVE THICK SLABS OF BLUE CHEESE AND MAYBE A SNACK FOR HER BROTHER BOB WE ALSO NEED A SMALL PLASTIC SNAKE AND A BIG TOY FROG FOR THE KIDS SHE CAN SCOOP THESE THINGS INTO THREE RED BAGS AND WE WILL GO MEET HER WEDNESDAY AT THE TRAIN STATION
english542.wav,PLEASE CALL STELLA ASK HER TO BRING THESE THINGS WITH HER FROM THE STORE SIX SPOONS OF FRESH NO PEAS FIVE THICK SLABS OF BLUE CHEESE AND MAYBE A SNACK FOR HER BROTHER BOB WE ALSO NEED A SMALL PLASTIC SNAKE AND A BIG TOY FROG FOR THE KIDS SHE CAN SCOOP THESE THINGS INTO THREE RED BAGS AND WE WILL GO MEET HER WEDNESDAY AT THE TRAIN STATION
english543.wav,PLEASE CALL STELLA ASK HER TO BRING THESE THINGS WITH HER FROM THE STORE SIX SPOONS OF FRESH SNOW PEAS FIVE THICK SLABS OF BLUE CHEESE AND MAYBE A SNACK FOR HER BROTHER BOB WE ALSO NEED A SMALL PLASTIC SNAKE AND A BIG TOY FROG FOR THE KIDS SHE CAN SCOOP THESE THINGS INTO THREE RED BAGS AND WE WILL GO MEET HER WEDNESDAY AT THE TRAIN STATION
english544.wav,PLEASE CALL STELLA ASK HER TO BRING THESE THINGS WITH HER FROM THE STORE SIX SPOONS OF FRESH SNOW PEAS FIVE THICK SLABS OF BLUE CHEESE AND MAYBE A SNACK FOR HER BROTHER BOB WE ALSO NEED A SMALL PLASTIC SNAKE AND A BIG TOY FROG FOR THE KIDS SHE CAN SCOOP THESE THINGS INTO THREE RED BAGS AND WE'LL GO MEET HER WEDNESDAY AT THE TRAIN STATION
english545.wav,PLEASE CALL STELLA ASK HER TO BRING THESE THINGS WITH HER FROM THE STORE SIX SPOONS OF FRESH SNOW PEAS FIVE THICK SLABS OF BLUE CHEESE AND MAYBE A SNIK FOR HER BROTHER BOB WE ALSO NEED A PLASTIC SNAKE AND A BIG TOY FROG FOR THE KIDS SHE CAN SCOOP THESE THINGS INTO THREE RED BAGS AND WEWIL MEET HER WEDNESDAY AT THE TRAIN STATION
english546.wav,PLEASE CALL STELLA ASK HER TO BRING THESE THINGS FROM HER STORE SIX SPOONS OF FRESH SNOW PEAS FIVE THICK SLAMBS OF BLUE CHEESE AND MAYBE A SNAKE FOR HER BROTHER BOB WE ALSO NEED A PLASTIC SNAKE AND A BIG TOY FROG FOR THE KIDS SHE CAN SCOOP THESE THINGS INTO THREE RED BAGS AND WE WILLO MEET HER WEDNESDAY AT THE TRAIN STATION
english547.wav,PLEASE CALL STELLA ASK HER TO BRING THESE THINGS WITH HER FROM THE STORE SIX SPOONS OF FRESH SNOW PEES FIVE THICK SLABS OF BLUE CHEESE AND MAYBE A SNACK FOR HER BROTHER BOB WE ALSO KNEED A SMALL PLASTIC SNAKE AND A BIG TOY FRAUD FOR THE KIDS SHE CAN SCOOP THESE THINGS INTO THREE RED BAGS AND WE WILL GO MEET HER WEDNESDAY AT THE TRAIN STATION
english548.wav,PLEASE CALL STELLA ASK HER TO BRING THOSE THINGS WITH HER FROM THE STORE SIX SPOONS OF FRESH SNOW PEAS FIVE THICK SLABS OF BLUE CHEESE AND MAYBE A SNACK FOR HER BROTHER BOB WE ALSO NEED A SMALL PLASTIC SNAKE AND A BAG OF TOY FROGS FOR THE KIDS SHE CAN SCOOP THESE THINGS INTO THREE RED BAGS AND WE'LL GO TO MEET HER WEDNESDAY AT THE TRAIN STATION
english549.wav,PLEASE CALL STELLA ASK HER TO BRING THESE THINGS WITH HER FROM THE STORE SIX SPOONS OF FRESH SNOW PEAS FIVE THICK SLABS OF BLUE CHEESE AND MAYBE A SNACK FOR HER BROTHER BOB WE ALSO NEED A SMALL PLASTIC SNAKE AND A BIG TOY FROG FOR THE KIDS SHE CAN SCOOP THESE THINGS INTO THREE RED BAGS AND WE WILL GO MEET HER WEDNESDAY AT THE TRAIN STATION
english55.wav,PLEASE CALL STELLA ASK HER TO BRING THESE THINGS WITH HER FROM THE STORE SIX SPOONS OF FRESH SNOW PEAS FIVE THICK SLABS OF BLUE CHEESE AND MAYBE A SNACK FOR HER BROTHER BOB WE ALSO NEED A SMALL PLASTIC SNAKE AND A BIG TOY FROG FOR THE KIDS SHE CAN SCOOP THESE THINGS INTO THREE RED BAGS AND WE WILL GO MEET HER WEDNESDAY AT THE TRAIN STATION
english550.wav,PLEASE CALL STELLA ASK HER TO BRING THESE THINGS WITH HER FROM THE STORE SIX SPOONS OF FRESH SNOW PEAS FIVE THICK SLABS OF BLUE CHEESE AND MAYBE A SNACK FOR HER BROTHER BOB WE ALSO NEED A SMALL PLASTIC SNAKE IN A BIG TOEFROB FOR THE KIEL SHE CAN SCOOP THOSE THINGS INTO THREE RED BAGS AND WE WILL GO MEET HER WENSDAY AT TWENSDAY
english551.wav,PLEASE CALL STELLA ASK HER TO BRING THESE THINGS WITH HER FROM THE STORE SIX SPOONS OF FRESH SNOW PEAS FIVE THICKS A SLAB OF BLUE CHEESE AND MAYBE A SNACK FOR HER BROTHER BOB WE ALSO NEED A SMALL PLASTIC SNAKE AND A BIG TOY FROG FOR THE KIDS SHE CAN SCOOP THE THINGS INTO THREE RED BAGS AND WE WILL GO MEET HER WENSDAY AT THE TRAIN STATION
english552.wav,PLEASE CALL STELLA ASK HER TO BRING THESE THINGS WITH HER FROM THE STORE SIX SPOONS OF FRESH SNOW PEAS FIVE THICK SLABS OF BLUE CHEESE AND MAYBE A SNACK FOR HER BROTHER BOB WE ALSO NEED A SMALL PLASTIC SNAKE AND A BIG TOY FROG FOR THE KIDS SHE CAN SCOOP THESE THINGS INTO THREE RED BAGS AND WE'LL GO MEET HER WEDNESDAY AT THE TRAIN STATION
english553.wav,PLEASE CALL STELLA ASK HER TO BRING THESE THINGS WITH HER FROM THE STORE SIX SPOONS OF FRESH SNOW PEAS FIVE THICK SLABS OF BLUE CHEESE AND MAYBE A SNACK FOR HER BROTHER BOB WE ALSO NEED A SMALL PLASTIC SNAKE AND A BIG TOY FROG FOR THE KIDS SHE CAN SCOOP THESE THINGS INTO THREE RED BAGS AND WE WILL GO MEET HER ON WEDNESDAY AT THE TRAIN STATION
english554.wav,PLEASE CALL STELLA ASK HER TO BRING THESE THINGS WITH HER FROM THE STORE SIX SPOONS OF FRESH NOPES FIVE THICK SLABS OF BLUE CHEESE AND MAYBE A SNACK FOR HER BROTHER BOB WE ALSO NEED A SMALL PLASTIC SNAKE AND A BIG TOY FROG FOR THE KIDS SHE CAN SCOOP THESE THINGS IN TO THREE RED BAGS AND WE W'LL GO MEET HER WEDNESDAY AT THE TRAIN STATION
english555.wav,PLEASE CALL STELLA ASK HER TO BRING THESE THINGS WITH HER FROM THE STORE SIX SPOONS OF FRESH SNOW PEAS FIVE THICK SLABS OF BLUE CHEESE AND MAYBE A STACK FOR HER BROTHER BOB WE ALSO NEED A SMALL PLASTIC SNAKE AND A BIG TOY FROG FOR THE KIDS SHE CAN SCOOP THESE THINGS INTO THREE RED BAGS AND WE WILL GO MEET HER WEDNESDAY AT THE TRAIN STATION
english556.wav,PLEASE CALL STELLA ASK HER TO BRING THESE THINGS WITH HER FROM THE STORE SIX SPOONS OF FRESH SNOW PEAS FIVE THICK SLABS OF BLUE CHEESE AND MAYBE A SNACK FOR HER BROTHER BOB WE ALSO NEED A SMALL PLASTIC SNAKE AND A BIG TOY FROG FOR THE KIDS SHE CAN SCOOP THESE THINGS INTO THREE RED BAGS AND WE WILL GO MEET HER WEDNESDAY AT THE TRAIN STATION
english557.wav,PLEASE CALL STELLA ASK HER TO BRING THESE THINGS WITH HER FROM THE STORE SIX SPOONS OF FRESH SNOW PEAS FIVE THICK SLABS OF BLUE CHEESE AND MAYBE A SNACK FOR HER BROTHER BOB WE ALSO NEED A SMALL PLASTIC SNAKE AND A BIG TOY FROG FOR THE KIDS SHE CAN SCOOP THESE THINGS INTO THREE RED BAGS AND WE WILL GO MEET HER WEDNESDAY AT THE TRAIN STATION
english558.wav,PLEASE CALL STELLA ASK HER TO BRING THESE THINGS WITH HER FROM THE STORE SIX SPOONS OF FRESH SNOW PEAS FIVE THICK SLABS OF BLUE CHEESE AND MAYBE A SNACK FOR HER BROTHER BOB WE ALSO NEED A SMALL PLASTIC SNAKE AND A BIG TOY FROG FOR THE KIDS SHE CAN SCOOP THESE THINGS INTO THREE RED BAGS AND WE WILL GO MEET HER WENESDAY AT THE TRAIN STATION
english559.wav,PLEASE CALL STELLA ASK HER TO BRING THESE THINGS WITH HER FROM THE STORE SIX SPOONS OF FRESH SNOW PEAS FIVE THICK SLABS OF BLUE CHEESE AND MAYBE A SNACK FOR HER BROTHER BOB WE ALSO NEED A SMALL PLASTIC SNAKE AND A BIG TOY FROG FOR THE KIDS SHE CAN SCOOP THESE THINGS INTO THREE RED BAGS AND WE WILL GO MEET HER WEDNESDAY AT THE TRAIN STATION
english56.wav,PLEASE CALL STELLA ASK HER TO BRING THESE THINGS WITH HER FROM THE STORE SIX SPOONS OF FRESH NOPEES FIVE THICK SLABS OF BLUE CHEESE AND MAYBE A SNACK FOR HER BROTHER BOB WE ALSO NEED A SMALL PLASTIC SNAKE AND A BIG TOY FROG FOR THE KIDS SHE CAN SCOOP THESE THINGS INTO THREE RED BAGS AND WE WILL GO MEET HER WEDNESDAY AT THE TRAIN STATION
english560.wav,PLEASE CALL STELLA ASK HER TO BRING THESE THINGS WITH HER FROM THE STORE SIX SPOONS OF FRESH SNOW PEAS FIVE THICK SLABS OF BLUE CHEESE AND MAYBE A SNACK FOR HER BROTHER BOB WE ALSO NEED A SMALL PLASTIC SNAKE AND A BIG TOY FROG FOR THE KIDS SHE CAN SCOOP THESE THINGS INTO THREE RED BAGS AND WE WILL GO MEET HER WEDNESDAY AT THE TRAIN STATION
english561.wav,PLEASE CALL STELLA ASK HER TO BRING THESE THINGS WITH HER FROM THE STORE SIX SPOONS OF FRESH SNOW PEAS FIVE THICK SLABS OF BLUE CHEESE AND MAYBE A SNACK FOR HER BROTHER BOB WE ALSO NEED A SMALL PLASTIC SNAKE AND A BIG TOY FROG FOR THE KIDS SHE CAN SCOOP THESE THINGS INTO THREE RED BAGS AND WE WILL GO MEET HER WEDNESDAY AT THE TRAIN STATION
english562.wav,PLEASE CALL STELLA ASK HER TO BRING THESE THINGS WITH HER FROM THE STORE SIX SPOONS OF FRESH SNOW PEAS FIVE THICK SLABS OF BLUE CHEESE AND MAYBE A SNACK FOR HER BROTHER BOB WE ALSO NEED A SMALL PLASTIC SNAKE AND A BIG TOY FROG FOR THE KIDS SHE CAN SCOOP THESE THINGS INTO THREE RED BAGS AND WE WILL GO MEET HER WEDNESDAY AT THE TRAIN STATION
english563.wav,PLEASE CALL STELLA ASK HER TO BRING THESE THINGS WITH HER FROM THE STORE SIX SPOONS OF FRESH SNOW PEAS FIVE THICK SLABS OF BLUE CHEESE AND MAYBE A SNACK FOR HER BROTHER BOB WE ALSO NEED A SMALL PLASTIC SNAKE AND A BIG TOY FROG FOR THE KIDS SHE CAN SCOOP THESE THINGS INTO THREE RED BAGS AND WE WILL GO MEET HER WEDNESDAY AT THE TRAIN STATION
english564.wav,PLEASE CALL STELLA ASK HER TO BRING THESE THINGS WITH HER FROM THE STORE SIX SPOONS OF FRESH SNOW PEAS FIVE THICK SLABS OF BLUE CHEESE AND MAYBE A SNACK FOR HER BROTHER BOB WE ALSO NEED A SMALL PLASTIC SNAKE AND A BIG TOY FROG FOR THE KIDS SHE CAN SCOOP THESE THINGS INTO THREE RED BAGS AND WE WILL GO MEET HER WEDNESDAY AT THE TRAIN STATION
english565.wav,PLEASE CALL STELLA ASK HER TO BRING THESE THINGS WITH HER FROM THE STORE SIX SPOONS OF FRESH SNOW PEAS FIVE THICK SLABS OF BLUE CHEESE AND MAYBE A SNACK FOR HER BROTHER BOB WE ALSO NEED A SMALL PLASTIC SNAKE AND A BIG TOY FROG FOR THE KIDS SHE CAN SCOOP THESE THINGS INTO THREE RED BAGS AND WE WILL GO MEET HER WEDNESDAY AT THE TRAIN STATION
english566.wav,PLEASE CALL STELLA ASK HER TO BRING THESE THINGS WITH HER FROM THE STORE SIX SPOONS OF FRESH SNOW PEAS FIVE THICK SLABS OF BLUE CHEESE AND MAYBE A SNAP FOR HER BROTHER BOB WE ALSO NEED A SMALL PLASTIC SNAKE AND A BIG TOY FROG FOR THE KIDS SHE CAN SCOOP THESE THINGS INTO THREE RED BAGS AND WE WILL GO MEET HER WEDNESDAY AT THE TRAIN STATION
english567.wav,PLEASE CALL STELLA ASK HER TO BRING THESE THINGS WITH HER FROM THE STORE SIX SPOONS OF FRESH SNOW PEAS FIVE THICK SLABS OF BLUE CHEESE AND MAYBE A SNACK FOR HER BROTHER BOB WE ALSO NEED A SMALL PLASTIC SNAKE AND A BIG TOY FROG FOR THE KIDS SHE CAN SCOOP THESE THINGS INTO THREE RED BAGS AND WE WILL GO MEET HER WEDNESDAY AT THE TRAIN STATION
english568.wav,PLEASE CALL STELLA ASK HER TO BRING THESE THINGS WITH HER FROM THE STORE SIX SPOONS OF FRESH SNOW PEAS FIVE THICK SLABS OF BLUE CHEESE AND MAYBE A SNACK FOR HER BROTHER BOB WE ALSO NEED A SMALL PLASTIC SNAKE AND A BIG TOY FROG FOR THE KIDS SHE CAN SCOOP THESE THINGS INTO THREE RED BAGS AND WE WILL GO MEET HER WEDNESDAY AT THE TRAIN STATION
english569.wav,PLEASE CALL STELLA ASK HER TO BRING THESE THINGS WITH HER FROM THE STORE SIX SPOONS OF FRESH SNOW PEAS FIVE THICK SLABS OF BLUE CHEESE AND MAYBE A SNACK FOR HER BROTHER BOB WE ALSO NEED A SMALL PLASTIC SNAKE AND A BIG TOY FROG FOR THE KIDS SHE CAN SCOOP THESE THINGS INTO THREE RED BAGS AND WE WILL GO MEET HER WEDNESDAY AT THE TRAIN STATION
english57.wav,PLEASE CALL STELLA ASK HER TO BRING THESE THINGS WITH HER FROM THE STORE SIX SPOONS OF FRESH SNOW PEAS FIVE THICK SLABS OF BLUE CHEESE AND MAYBE A SNACK FOR HER BROTHER BOB WE ALSO NEED A SMALL PLASTIC SNAKE AND A BIG TOY FROG FOR THE KIDS SHE CAN SCOOP THESE THINGS INTO THREE RED BAGS AND WE WILL GO MEET HER WEDNESDAY AT THE TRAIN STATION
english570.wav,PLEASE CALL STELLA ASK HER TO BRING THESE THINGS WITH HER FROM THE STORE SIX SPOONS OF FRESH SNOW PEAS FIVE THICK SLABS OF BLUE CHEESE AND MAYBE A SNACK FOR HER BROTHER BOB WE ALSO NEED A SMALL PLASTIC SNAKE AND A BIG TOY FROG FOR THE KIDS SHE CAN SCOOP THESE THINGS INTO THREE RED BAGS AND WE WILL GO MEET HER WEDNESDAY AT THE TRAIN STATION
english571.wav,PLEASE CALL STELLA ASK HER TO BRING THESE THINGS WITH HER FROM THE STORE SIX SPOONS OF FRESH SNOW PEAS FIVE THICK SLABS OF BLUE CHEESE AND MAYBE A SNACK FOR HER BROTHER BOB WE ALSO NEED A SMALL PLASTIC SNAKE AND A BIG TOY FROG FOR THE KIDS SHE CAN SCOOP THESE THINGS INTO THREE RED BAGS AND WE WILL GO TO MEET HER WEDNESDAY AT THE TRAIN STATION
english572.wav,PLEASE CALL STELLA ASK HER TO BRING THESE THINGS WITH HER FROM THE STORE SIX SPOONS OF FRESH SNOW PEAS FIVE THICK SLABS OF BLUE CHEESE AND MAYBE A SNACK FOR HER BROTHER BOB WE ALSO NEED A SMALL PLASTIC SNAKE AND A BIG TOY FROG FOR THE KIDS SHE CAN SCOOP THESE THINGS INTO THREE RED BAGS AND WE WILL GO MEET HER WEDNESDAY AT THE TRAIN STATION
english573.wav,PLEASE CALL STELLA ASK HER TO BRING THESE THINGS WITH HER FROM THE STORE SIX SPOONS OF FRESH SNOW PEAS FIVE THICK SLABS OF BLUE CHEESE AND MAYBE A SNACK FOR HER BROTHER BOB WE ALSO NEED A SMALL PLASTIC SNAKE AND A BIG TOY FROG FOR THE KIDS SHE COULD SCOOP THESE THINGS INTO THREE RED BAGS AND WE WILL GO TO MEET HER WEDNESDAY AT THE TRAIN STATION
english574.wav,PLEASE CALL STELLA ASK HER TO BRING THESE THINGS WITH HER FROM THE STORE SIX SPOONS OF FRESH SNOW PEAS FIVE THICK SLABS OF BLUE CHEESE AND MAYBE A SNACK FOR HER BROTHER BOB WE ALSO NEED A PLASTIC SNAKE AND A BIG TOY FROG FOR THE KIDS SHE CAN SCOOP THESE THINGS INTO THREE RED BAGS AND WE WILL GO MEET HER WEDNESDAY AT THE TRAIN STATION
english575.wav,PLEASE CALL STELLA ASK HER TO BRING THESE THINGS WITH HER FROM THE STORE SIX SPOONS OF FRESH SNOW PIECE FIVE THICK SLABS OF BLUE CHEESE AND MAYBE A SNACK FOR BROTHER BOB WILSON EAT A SMALL PLASTIC SNAKE AND A BIG TOY FROG FOR LHE GETS SHE CAN SCOOP THESE THINGS INTO THREE RED BACGS AND WE WILL GO MEET HER WEDNESDAY AT THE TRANSITION
english576.wav,PLEASE CALL STELLA ASK HER TO BRING THESE THINGS WITH HER FROM THE STORE SIX SPOONS OF FRESH SNOW PEAS FIVE THICK SLABS OF BLUE CHEESE AND MAYBE A SNACK FOR HER BROTHER BOB WE ALSO NEED A SMALL PLASTIC SNAKE AND A BIG TOY FROG FOR THE KIDS SHE CAN SCOOP THESE THINGS INTO THREE RED BAGS AND WE WILL GO MEET HER WEDNESDAY AT THE TRAIN STATION
english577.wav,PLEASE CALL STELLA ASK HER TO BRING THESE THINGS WITH HER FROM THE STORE SIX SPOONS OF FRESH SNOW PEASE FIVE THICK SLABS OF BLUE CHEESE AND MAYBE A SNACK FOR HER BROTHER BOB WE ALSO NEED A SMALL PLASTIC SNAKE AND A BIG TOY FROG FOR THE KIDS SHE CAN SCOOP THESE THINGS INTO THREE RED BAGS AND WE WILL GO MEET HER WEDNESDAY AT THE TRAIN STATION
english578.wav,PLEASE CALL STELLA ASK HER TO BRING THESE SIX THINGS WITH HER FROM THE STORE SIX SPOONS OF FRESH SNOW PEAS FIVE THICK SLABS OF BLUE CHEESE AND MAYBE A SNACK FOR HER BROTHER BOB ALSO WE NEED A SMALL PLASTIC SNAKE AND A BIG TOY FROG FOR THE KIDS SHE CAN SCOOP THESE THINGS INTO THREE RED BAGS AND WE'LL GO MEET HER WEDNESDAY AT THE TRAIN STATION THANK YOU
english579.wav,PLEASE CALL STELLA ASK HER TO BRING THESE THINGS WITH HER FROM THE STORE SIX SPOONS OF FRESH SNOW PEAS FIVE THICK SLABS OF BLUE CHEESE AND MAYBE A SNACK FOR HER BROTHER BOB WE ALSO NEED A SMALL PLASTIC SNAKE AND A BIG TOY FROG FOR THE KIDS SHE CAN SCOOP THESE THINGS INTO THREE RED BAGS AND WE WILL GO MEET HER WEDNESDAY AT THE TRAIN STATION
english58.wav,PLEASE CALL STELLA ASK HER TO BRING THESE THINGS WITH HER FROM THE STORE SIX SPOONS OF FRESH SNOW PEAS FIVE THICK SLABS OF BLUE CHEESE AND MAYBE A SNACK FOR HER BROTHER BOB WE ALSO NEED A SMALL PLASTIC SNAKE AND A BIG TOY FROG FOR THE KIDS SHE CAN SCOOP THESE THINGS INTO THREE RED BAGS AND WE WILL GO MEET HER WEDNESDAY AT THE TRAIN STATION
english59.wav,PLEASE CALL STELLA ASK HER TO BRING THESE THINGS WITH HER FROM THE STORE SIX SPOONS OF FRESH SNOW PEAS FIVE THICK SLABS OF BLUE CHEESE AND MAYBE A SNACK FOR HER BROTHER BOB WE ALSO NEED A SMALL PLASTIC SNAKE AND A BIG TOY FROG FOR THE KIDS SHE CAN SCOOP THESE THINGS INTO THREE RED BAGS AND WE WILL GO MEET HER WEDNESDAY AT THE TRAIN STATION
english6.wav,PLEASE CALL STELLA ASK HER TO BRING THOSE THINGS WITH HER FROM THE STORE SIX SPOONS OF FRESH SNOW PEAS FIVE THICK SLABS OF BLUE CHEESE AND MAYBE A SNACK FOR HER BROTHER RAW BOB WE ALSO NEED A SMALL PLASTIC SNAKE AND A BIG TOY FROG FOR THE KIDS SHE CAN SCOOP THESE THINGS INTO THREE RED BAGS AND WE WILL GO MEET HER WEDNESDAY AT THE TRAIN STATION
english60.wav,PLEASE CALL STELLA ASK HER TO BRING THESE THINGS WITH HER FROM THE STORE SIX SPOONS OF FRESH SNOW PEAS FIVE THICK SLABS OF BLUE CHEESE AND MAYBE A SNACK FOR HER BROTHER BOB WE ALSO NEED A SMALL PLASTIC SNAKE AND A BIG TOY FROG FOR THE KIDS SHE CAN SCOOP THESE THINGS INTO THREE RED BAGS AND WE WILL GO MEET HER WEDNESDAY AT THE TRAIN STATION
english61.wav,PLEASE CALL STELLA ASK HER TO BRING THESE THINGS WITH HER FROM THE STORE SIX SPOONS OF FRESH SNOW PEAS FIVE THICK SLABS OF BLUE CHEESE AND MAYBE A SNACK FOR HER BROTHER BOB WE ALSO NEED A SMALL PLASTIC SNAKE AND A BIG TOY FROG FOR THE KIDS SHE CAN SCOOP THESE THINGS INTO THREE RED BAGS AND WE WILL GO MEET HER WEDNESDAY AT THE TRAIN STATION
english62.wav,PLEASE CALL STELLA ASK HER TO BRING THESE THINGS WITH HER FROM THE STORE SIX SPOONS OF FRESH SNOW PEAS FIVE THICK SLABS OF BLUE CHEESE AND MAYBE A SNACK FOR HER BROTHER BOB WE ALSO NEED A SMALL PLASTIC SNAKE AND A BIG TOY FROG FOR THE KIDS SHE CAN SCOOP THESE THINGS INTO THREE RED BAGS AND WE WILL GO MEET HER WEDNESDAY AT THE TRAIN STATION
english63.wav,PLEASE CALL STELLA ASK HER TO BRING THESE THINGS WITH HER FROM THE STORE SIX SPOONS OF FRESH SNOW PEAS FIVE THICK SLABS OF BLUE CHEESE AND MAYBE A SNACK FOR HER BROTHER BOB WE ALSO NEED A SMALL PLASTIC SNAKE AND A BIG TOY FROG FOR THE KIDS SHE CAN SCOOP THESE THINGS INTO THREE RED BAGS AND WE WILL GO MEET HER WEDNESDAY AT THE TRAIN STATION
english64.wav,PLEASE CALL STELLA ASK HER TO BRING THESE THINGS WITH HER FROM THE STORE SIX SPOONS OF FRESH SNOW PEAS FIVE THICK SLABS OF BLUE CHEESE AND MAYBE A SNACK FOR HER BROTHER BOB WE ALSO NEED A SMALL PLASTIC SNAKE AND A BIG TOY FROG FOR THE KIDS SHE CAN SCOOP THESE THINGS INTO THREE RED BAGS AND WE WILL GO MEET HER WEDNESDAY AT THE TRAIN STATION
english65.wav,PLEASE CALL STELLA ASK HER TO BRING THESE THINGS WITH HER FROM THE STORE SIX SPOONS OF FRESH SNOW PEAS FIVE THICK SLABS OF BLUE CHEESE AND MAYBE A SNACK FOR HER BROTHER BOB WE ALSO NEED A SMALL PLASTIC SNAKE AND A BIG TOY FROG FOR THE KIDS SHE CAN SCOOP THESE THINGS INTO THREE RED BAGS AND WE WILL GO MEET HER WEDNESDAY AT THE TRAIN STATION
english66.wav,PLEASE CALL STELLA ASK HER TO BRING THESE THINGS WITH HER FROM THE STORE SIX SPOONS OF FRESH SNOW PEAS FIVE THICK SLABS OF BLUE CHEESE AND MAYBE A SNACK FOR HER BROTHER BOB WE ALSO NEED A SMALL PLASTIC SNAKE AND A BIG TOY FROG FOR THE KIDS SHE CAN SCOOP THESE THINGS INTO THREE RED BAGS AND WE'LL GO MEET HER WEDNESDAY AT THE TRAIN STATION
english67.wav,PLEASE CALL STELLA ASK HER TO BRING THESE THINGS WITH HER FROM THE STORE SIX SPOONS OF FRESH SNOW PEAS FIVE THICK SLABS OF BLUE CHEESE AND MAYBE A SNACK FOR HER BROTHER BOB WE ALSO NEED A SMALL PLASTIC SNAKE AND A BIG TOY FROG FOR THE KIDS SHE CAN SCOOP THESE THINGS INTO THREE RED BAGS AND WE WILL GO MEET HER WEDNESDAY AT THE TRAIN STATION
english68.wav,PLEASE CALL STELLA ASK HER TO BRING THESE THINGS WITH HER FROM THE STORE SIX SPOONS OF FRESH SNOWPEES FIVE THICK SLABS OF BLUE CHEESE AND MAYBE A SNACK FOR HER BROTHER BOB WE ALSO NEED A SMALL PLASTIC SNAKE AND A BIG TOY FROG FOR THE KIDS SHE CAN SCOOP THESE THINGS INTO THREE RED BAGS AND WE WILL GO MEET HER WEDNESDAY AT THE TRAIN STATION
english69.wav,PLEASE CALL STELLA ASK HER TO BRING THESE THINGS WITH HER FROM THE STORE SIX SPOONS OF FRESH SNOW PEAS FIVE THICK SLABS OF BLUE CHEESE AND MAYBE A SNACK FOR HER BROTHER BOB WE ALSO NEED A SMALL PLASTIC SNAKE AND A BIG TOY FROG FOR THE KIDS SHE CAN SCOOP THESE THINGS INTO THREE RED BAGS AND WE'LL GO MEET HER WEDNESDAY AT THE TRAIN STATION
english7.wav,PLEASE CALL STELLA ASK HER TO BRING THESE THINGS WITH HER FROM THE STORE SIX SPOONS OF FRESH SNOW PEAS FIVE THICK SLABS OF BLUE CHEESE AND MAYBE A SNACK FOR HER BROTHER BOB WE ALSO NEED A SMALL PLASTIC SNAKE AND A BIG TOY FROG FOR THE KIDS SHE CAN SCOOP THESE THINGS INTO THREE PLASTIC BAGS AND WE'LL GO MEET HER WEDNESDAY AT THE TRAIN STATION
english70.wav,PLEASE CALL STELLA ASK HER TO BRING THESE THINGS WITH HER FROM THE STORE SIX SPOONS OF FRESH SNOW PEAS FIVE THICK SLABS OF BLUE CHEESE AND MAYBE A SNACK FOR HER BROTHER BOB WE ALSO NEED A SMALL PLASTIC SNAKE AND A BIG TOY FROG FOR THE KIDS SHE CAN SCOOP THESE THINGS INTO THREE RED BAGS AND WE WILL GO MEET HER WEDNESDAY AT THE TRAIN STATION
english71.wav,PLEASE CALL STELLA ASK HER TO BRING THESE THINGS WITH HER FROM THE STORE SIX SPOONS OF FRESH SNOW PEAS FIVE THICK SLABS OF BLUE CHEESE AND MAYBE A SNACK FOR HER BROTHER BOB WE ALSO NEED A SMALL PLASTIC SNAKE AND A BIG TOY FROG FOR THE KIDS SHE CAN SCOOP THESE THINGS INTO THREE RED BAGS AND WE WILL GO MEET HER WEDNESDAY AT THE TRAIN STATION
english72.wav,PLEASE CALL STELLA ASK HER TO BRING THESE THINGS WITH HER FROM THE STORE SIX SPOONS OF FRESH SNOW PEAS FIVE THICK SLABS OF BLUE CHEESE AND MAYBE A SNACK FOR HER BROTHER BOB WE ALSO NEED A SMALL PLASTIC SNAKE AND A BIG TOY FROG FOR THE KIDS SHE CAN SCOOP THESE THINGS INTO THREE RED BAGS AND WE WILL GO AND MEET HER WEDNESDAY AT THE TRAIN STATION
english73.wav,PLEASE CALL STELLA ASK HER TO BRING THESE THINGS WITH HER FROM THE STORE SIX SPOONS OF FRESH SNOW PEAS FIVE THICK SLABS OF BLUE CHEESE AND MAYBE A SNACK FOR HER BROTHER BOB WE ALSO NEED A SMALL PLASTIC SNAKE AND A BIG TOY FROG FOR THE KIDS SHE CAN SCOOP THESE THINGS INTO THREE RED BAGS AND WE WILL GO MEET HER WEDNESDAY AT THE TRAIN STATION
english74.wav,PLEASE CALL STELLA ASK HER TO BRING THESE THINGS WITH HER FROM THE STORE SIX SPOONS OF FRESH SNOW PEAS FIVE THICK SLABS OF BLUE CHEESE AND MAYBE A SNACK FOR HER BROTHER BOB WE ALSO NEED A SMALL PLASTIC SNAKE AND A BIG TOY FROG FOR THE KIDS SHE CAN SCOOP THESE THINGS INTO THREE RED BAGS AND WE WILL GO MEET HER WEDNESDAY AT THE TRAIN STATION
english75.wav,PLEASE CALL STELLA ASK HER TO BRING THESE THINGS WITH HER FROM THE STORE SIX SPOONS OF FRESH SNOW PEAS FIVE THICK SLABS OF BLUE CHEESE AND MAYBE A SNACK FOR HER BROTHER BOB WE ALSO NEED A SMALL PLASTIC SNAKE AND A BIG TOY FROG FOR THE KIDS SHE CAN SCOOP THESE THINGS INTO THREE RED BAGS AND WE WILL GO MEET HER WEDNESDAY AT THE TRAIN STATION
english76.wav,PLEASE CALL STELLA ASK HER TO BRING THESE THINGS WITH HER FROM THE STORE SIX SPOONS OF FRESH SNOW PEAS FIVE THICK SLABS OF BLUE CHEESE AND MAYBE A SNACK FOR HER BROTHER BOB WE ALSO NEED A SMALL PLASTIC SNAKE AND A BIG TOY FROG FOR THE KIDS SHE CAN SCOOP THESE THINGS INTO THREE RED BAGS AND WE WILL GO MEET HER WEDNESDAY AT THE TRAIN STATION
english77.wav,PLEASE CALL STELLA ASK HER TO BRING THESE THINGS WITH HER FROM THE STORE SIX SPOONS OF FRESH SNOW PEAS FIVE THICK SLABS OF BLUE CHEESE AND MAYBE A SNACK FOR HER BROTHER BOB WE ALSO KNED A SMALL PLASTIC SNAKE AND A BIG TOY FROG FOR THE KIDS SHE CAN SCOOP THESE THINGS INTO THREE RED BAGS AND WE WILL GO MEET HER WEDNESDAY AT THE TRAIN STATION
english78.wav,PLEASE CALL STELLA ASK HER TO BRING THESE THINGS WITH HER FROM THE STORE SIX SPOONS OF FRESH SNOW PEAS FIVE THICK SLABS OF BLUE CHEESE AND MAYBE A SNACK FOR HER BROTHER BOB WE ALSO NEED A SMALL PLASTIC SNAKE AND A BIG TOY FROG FOR THE KIDS SHE CAN SCOOP THESE THINGS INTO THREE RED BAGS AND WE WILL GO MEET HER WEDNESDAY AT THE TRAIN STATION
english79.wav,PLEASE CALL STELLA ASK HER TO BRING THESE THINGS WITH HER FROM THE STORE SIX SPOONS OF FRESH MILK PEES FIVE THICK SLABS OF BLUE CHEESE AND MAYBE A SNAKE FOR HER BROTHER BOB WE ALSO NEED A SMALL PLASTIC STEAK AND A BIG TOY FLOG FUL OF KIDS SHE CAN SCOOP THESE THINGS INTO THREE RED BAGS AND WE WILL GO MEET HER WEDNESDAY AT THE TRAIN STATION
english8.wav,PLEASE CALL STELLA ASK HER TO BRING THESE THINGS WITH HER FROM THE STORE SIX SPOONS OF FRESH SNOW PEAS FIVE THICK SLABS OF BLUE CHEESE AND MAYBE A SNACK FOR HER BROTHER BOB WE ALSO NEED A SMALL PLASTIC SNAKE AND A BIG TOY FROG FOR THE KIDS SHE CAN SCOOP THESE THINGS INTO THREE RED BAGS AND WE WILL GO AND MEET HER WEDNESDAY AT THE TRAIN STATION
english80.wav,PLEASE CALL STELLA ASK HER TO BRING THESE THINGS WITH HER FROM THE STORE SIX SPOONS OF FRESH SNOW PEAS FIVE THICK SLABS OF BLUE CHEESE AND MAYBE A SMALL SNACK FOR HER BROTHER BOB WE ALSO NEED A SMALL PLASTIC SNAKE AND A BIG TOY FROG FOR THE KIDS SHE CAN SCOOP THESE THINGS INTO THREE RED BAGS AND WE'LL GO MEET HER WEDNESDAY AT THE TRAIN STATION
english81.wav,PLEASE CALL STELLA ASK HER TO BRING THESE THINGS WITH HER FROM THE STORE SIX SPOONS OF FRESH SNOW PEASE FIVE THICK SLABS OF BLUE CHEESE AND MAYBE A SNACK FOR HER BROTHER BOB WE ALSO NEED A SMALL PLASTIC SNAKE AND A BIG TOY FROG FOR THE KIDS SHE CAN SCOOP THESE THINGS INTO THREE RED BAGS AND WE WILL GO MEET HER WEDNESDAY AT THE TRAIN STATION
english82.wav,PLEASE CALL STELLA ASK HER TO BRING THESE THINGS WITH HER FROM THE STORE SIX SPOONS OF FRESH SNOW PEASE FIVE THICK SLABS OF BLUE CHEESE AND MAYBE A SNACK FOR HER BROTHER BOB WE ALSO NEED A SMALL PLASTIC SNAKE AND A BIG TOY FROG FOR THE KIDS SHE CAN SCOOP THESE THINGS INTO THREE RED BAGS AND WE WILL GO MEET HER WEDNESDAY AT THE TRAIN STATION
english83.wav,PLEASE CALL STELLA ASK HER TO BRING THESE THINGS WITH HER FROM THE STORE SIX SPOONS OF FRESH SNOW PEAS FIVE THICK SLABS OF BLUE CHEESE AND MAYBE A SNACK FOR HER BROTHER BOB WE ALSO NEED A SMALL PLASTIC SNAKE AND A BIG TOY FROG FOR THE KIDS SHE CAN SCOOP THESE THINGS INTO THREE RED BAGS AND WE'LL GO MEET HER WEDNESDAY AT THE TRAIN STATION
english84.wav,PLEASE CALL STELLA ASK HER TO BRING THESE THINGS WITH HER FROM THE STORE SIX SPOONS OF FRESH SNOW PEAS FIVE THICK SLABS OF BLUE CHEESE AND MAYBE A SNECK FOR HER BROTHER BOB WE ALSO NEED A SMALL PLASTIC SNAKE AND A BIG TOY FROG FOR THE KIDS SHE CAN SCOOP THESE THINGS INTO THREE RED BAGS AND WE'LL GO MEE O WEDNESDAY AT THE TRAIN STATION
english85.wav,PLEASE CALL STELLAR ASK HER TO BRING THESE THINGS WITH HER FROM THE STORE SIX SPOONS OF FRESH SNOW PEAS PA THICK SLABS OF BLUE CHEESE AND MAYBE A SNIKE FOR HER BROTHER BOB WE ALSO NEED A SMALL PLASTIC SNAKE AND A BIG TOY FROG FOR THE KIDS SHE CAN SCOOP THESE THINGS INTO THREE RED BAGS AND WE WILL GO AN MEET HER WEDNESDAY AT THE TRAIN STATION
english86.wav,PLEASE CALL STELLA ASK HER TO BRING THESE THINGS WITH HER FROM THE STORE SIX SPOONS OF FRESH SNOW PEAS FIVE THICK SLABS OF BLUE CHEESE AND MAYBE A SNACK FOR HER BROTHER BOB WE ALSO NEED A SMALL PLASTIC SNAKE AND A BIG TOY FROG FOR THE KIDS SHE CAN SCOOP THESE THINGS INTO THREE RED BAGS AND WE WILL GO MEET HER WEDNESDAY AT THE TRAIN STATION
english87.wav,PLEASE CALL STELLA ASK HER TO BRING THESE THINGS WITH HER FROM THE STORE SIX SPOONS OF FRESH SNOW PESE FIVE THICK SLOPES OF BLUE CHEESE AND MAYBE A SNAKE FOR HER BROTHER BOB WE ALSO NEED A SMALL PLASTIC SNAK AND A BIG TOY FROG FOR THE KIDS SHE CAN SCOOP THESE THINGS INTO THREE RED BAGS AND WE WILL GO MEETER WEDNESDAY AT THE TRAIN STATION
english88.wav,PLEASE CALL STELLA ASK HER TO BRING THESE THINGS WITH HER FROM THE STORE SIX SPOONS OF FRESH SMOW PEAS FIVE THICK SLABS OF BLUE CHEESE AND MAYBE A SNACK FOR HER BROTHER BOB WE ALSO NEED A SMALL PLASTIC SNAKE AND A BIG TOY FROG FOR THE KIDS SHE CAN SCOOP THESE THINGS INTO THREE RED BAGS AND WE WILL GO MEET HER WEDNESDAY AT THE TRAIN STATION
english89.wav,PLEASE CALL STELLA ASK HER TO BRING THESE THINGS WITH HER FROM THE STORE SIX SPOONS OF FRESH SNOW PEAS FIVE THICK SLABS OF BLUE CHEESE AND MAYBE A SNACK FOR HER BROTHER BOB WE ALSO NEED A SMALL PLASTIC SNAKE AND A BIG TOY FROG FOR THE KIDS SHE CAN SCOOP THESE THINGS INTO THREE RED BAGS AND WE'LL GO MEET HER WEDNESDAY AT THE TRAIN STATION
english9.wav,PLEASE CALL STELLA ASK HER TO BRING THESE THINGS WITH HER FROM THE STORE SIX SPOONS OF FRESH SNOW PEAS FIVE THICK SLABS OF BLUE CHEESE AND MAYBE A SNACK FOR HER BROTHER BOB WE ALSO NEED A SMALL PLASTIC SNAKE AND A BIG TOY FROG FOR THE KIDS SHE CAN SCOOP THESE THINGS INTO THREE RED BAGS AND WE WILL GO MEET HER WEDNESDAY AT THE TRAIN STATION
english90.wav,PLEASE CALL STELLA ASK HER TO BRING THESE THINGS WITH HER FROM THE STORE SIX SPOONS OF FRESH SNOW PEAS FIVE THICK SLABS OF BLUE CHEESE AND MAYBE A SNACK FOR HER BROTHER BOB WE ALSO NEED A SMALL PLASTIC SNAKE AND A BIG TOY FROG FOR THE KIDS SHE CAN SCOOP THESE THINGS INTO THREE RED BAGS AND WE WILL GO MEET HER WEDNESDAY AT THE TRAIN STATION
english91.wav,PLEASE CALL STELLA ASK HER TO BRING THESE THINGS WITH HER FROM THE STORE SIX SPOONS OF FRESH SNOW PEAS FIVE THICK SLABS OF BLUE CHEESE AND MAYBE A SNACK FOR A BROTHER BOB WE ALSO NEED A SMALL PLASTIC SNAKE AND A BIG TOY FROG FOR THE KIDS SHE CAN SCOOP THESE THINGS INTO THREE RED BAGS AND WE' GO MEET HER WEDNESDAY AT THE TRAIN STATION
english92.wav,PLEASE CALL STELLA ASK HER TO BRING THESE THINGS WITH HER FROM THE STORE SIX SPOONS OF FRESH SNOW PEAS FIVE THICK SLABS OF BLUE CHEESE AND MAYBE A SNACK FOR HER BROTHER BOB WE ALSO NEED A SMALL PLASTIC SNAKE AND A BIG TOY FROG FOR THE KIDS SHE CAN SCOOP THESE THINGS INTO THREE RED BAGS AND WE WILL GO MEET HER WEDNESDAY AT THE TRAIN STATION
english93.wav,PLEASE CALL STELLA ASK HER TO BRING THESE THINGS WITH HER FROM THE STORE SIX SPOONS OF FRESH SNOW PEAS FIVE THICK SLABS OF BLUE CHEESE AND MAYBE A SNACK FOR HER BROTHER BOB WE ALSO NEED A SMALL PLASTIC SNAKE AND A BIG TOY FROG FOR THE KIDS SHE CAN SCOOP THESE THINGS INTO THREE RED BAGS AND WE WILL GO MEET HER WEDNESDAY AT THE TRAIN STATION
english94.wav,PLEASE CALL STELLA ASK HER TO BRING THESE THINGS WITH HER FROM THE STORE SIX SPOONS OF FRESH SNOW PEAS FIVE THICK SLABS OF BLUE CHEESE AND A MAYBE A SNACK FOR HER BROTHER BOB WE ALSO NEED A SMALL PLASTIC SNAKE AND A BIG TOY FROG FOR THE KIDS SHE CAN SCOOP THESE THINGS INTO THREE RED BAGS AND WE WILL GO MEET HER WEDNESDAY AT THE TRAIN STATION
english95.wav,PLEASE CALL STELLA ASK HER TO BRING THESE THINGS WITH HER FROM THE STORE SIX SPOONS OF FRESH SNOW PEAS FIVE THICK SLABS OF BLUE CHEESE AND MAYBE A SNACK FOR HER BROTHER BOB WE ALSO NEED A SMALL PLASTIC SNAKE AND A BIG TOY FROG FOR THE KIDS SHE CAN SCOOP THESE THINGS INTO THREE RED BAGS AND WE WILL GO MEET HER WEDNESDAY AT THE TRAIN STATION
english96.wav,PLEASE CALL STELLA ASK HER TO BRING THESE THINGS WITH HER FROM THE STORE SIX SPOONS OF FRESH SNOW PEAS FIVE THICK SLABS OF BLUE CHEESE AND MAYBE A SNACK FOR HER BROTHER BOB WE WILL ALSO NEED A SMALL PLASTIC SNAKE AND A BIG TOY FROG FOR THE KIDS SHE CAN SCOOP THESE THINGS INTO THREE RED BAGS AND WEWILL GO MEET HER WEDNESDAY AT THE TRAIN STATION
english97.wav,PLEASE CALL STELLA ASK HER TO BRING THESE THINGS WITH HER FROM THE STORE SIX SPOONS OF FRESH SNOW PEAS FIVE THICK SLABS OF BLUE CHEESE AND MAYBE A SNACK FOR HER BROTHER BOB WE ALSO NEED A SMALL PLASTIC SNAKE AND A BIG TOY FROG FOR THE KIDS SHE CAN SCOOP THESE THINGS INTO THREE RED BAGS AND WE WILL GO MEET HER WEDNESDAY AT THE TRAIN STATION
english98.wav,PLEASE CALL STELLA ASK HER TO BRING THESE THINGS WITH HER FROM THE STORE SIX SPOONS OF FRESH SNOW PEAS FIVE THICK SLABS OF BLUE CHEESE AND MAYBE A SNACK FOR HER BROTHER BOB WE ALSO NEED A SMALL PLASTIC SNAKE AND A BIG TOY FROG FOR THE KIDS SHE CAN SCOOP THESE THINGS INTO THREE RED BAGS AND WE WILL GO MEET HER WEDNESDAY AT THE TRAIN STATION
english99.wav,PLEASE CALL STELLA ASK HER TO BRING THESE THINGS WITH HER FROM THE STORE SIX SPOONS OF FRESH SNOW PEAS FIVE THICK SLABS OF BLUE CHEESE AND MAYBE A SNACK FOR HER BROTHER BOB WE ALSO NEED A SMALL PLASTIC SNAKE AND A BIG TOY FROG FOR THE KIDS SHE CAN SCOOP THESE THINGS INTO THREE RED BAGS AND WE WILL GO MEET HER NEXT WEDNESDAY AT THE TRAIN STATION
estonian1.wav,PLEASE CALL STELLA ASK HER TO BRING THESE THINGS WITH HER FROM THE STORE SIX SPOONS OF FRESH SNOW PEAS FIVE THICK SLABS OF BLUE CHEESE AND MAYBE A SNACK FOR HER BROTHER BOB WE ALSO NEED A SMALL PLASTIC SNAKE AND A BIG TOY FROG FOR THE KIDS SHE CAN SCOOP THESE THINGS INTO THREE RED BAGS AND WE WILL GO MEET HER WEDNESDAY AT THE TRAIN STATION
estonian2.wav,PLEASE CALL STELLA ASK HER TO BRING THESE THINGS WITH HER FROM THE STORE SIX SPOONS OF FRESH NOP PEASE FIVE THICK SLABS OF PLUE CHEESE AND MAYBE A SNACK FOR HER BROTHER BOB WE ALSO NEED A SMALL PLASTIC SNAKE AND A BIG DO FROG FOR THE KIDS SHE CAN SCOOP THESE THINGS INTO THREE RED BAGS AND WE WILL GO MEET HER WEDNESDAY AT THE TRAIN STATION
estonian3.wav,PLEASE CALL STELLA ASK HER TO BRING THESE THINGS WITH HER FROM THE STORE SIX SPOONS OF FRESH SNOW PEAS FIVE THICK SLABS OF BLUE CHEESE AND MAYBE A SNACK FOR HER BROTHER BOB WE ALSO NEED A SMALL PLASTIC SNAKE AND A BIG TOY FROG FOR THE KIDS SHE CAN SCOOP THESE THINGS INTO THREE RED BAGS AND WE WILL GO MEET HER WEDNESDAY AT THE TRAIN STATION
estonian4.wav,PLEASE CALL STELLA ASK HER TO BRING THESE THINGS WITH HER FROM THE STORE SIX SPOONS OF FRESH SNOW PEAS FIVE THICK SLABS OF BLUE CHEESE AND MAYBE A SNACK FOR HER BROTHER BOB WE ALSO NEED A SMALL PLASTIC SNAKE AND A BIG TOY FROK FOR THE KIDS SHE CAN SCOOP THESE THINGS INTO THREE RED BAGS AND WE WILL GO MEET HER WEDNESDAY AT THE TRAIN STATION
ewe1.wav,PLEASE CALL STELLA ASK HER TO BRING THESE THINGS FROM THE STORE SIX SPOONFUS OF FRESH SNOW PEAS FIVE THICK SLABS OF BLUE CHEESE AND MAYBE A SNUCK FOR HER BROTHER BOB WE ALSO NEED A SMALL PLASTIC SNICK AND A BIG TOY FROCK FOR THE KIDS SHE CAN SCOOP THESE THINGS INTO THREE RED BAGS AND WE WILL GO MEET HER WEDNESDAY AT THE TRAIN STATION
ewe2.wav,PLEASE CALL STELLA ASK HER TO BRING THESE THINGS WITH HER FROM THE STORE SIX SPOONFUS OF FRESH SNOW PEAS FIVE THICK SLABS OF BLUE CHEESE AND MAYBE A SNUG FOR HER BROTHER BOB WE ALSO NEED A SMALL PLASTIC SNAKE AND A BIG TOY FROG FOR THE KITS SHE CAN SCOOP THESE THINGS INTO THREE RED BAGS AND WE WILL GO MEET HER WEDNESDAY AT THE TRAIN STATION
fang1.wav,PLEASE CALL ESTELLA ASK HER TO BRING THESE FINS WITH HER FROM THE STORE SIK SPOON OF FRAC SNOWPIESE FIVE TIET SLAB OF BLUE CHEESE AND MAYBE A SNUG FOR HER BROTHER BOB WE ALSO NEED A SMALL PLASTIC SNAKE AND A BIG TOY FROG FOR THE KID SHE CANNA SCOOP THIS FIN INTO THREE RED BACKS AND WE WILL GO MEET HER WENSDAY AT THE TWENTY STATION
fanti1.wav,PRIS CAL STELLA ASK HER TO BRING THESE TINGS WITH HER FROM THE STORE SIX SPOONS OF FRESH SNOW PEESE FIVE THICK SLABS OF BLUE CHEESE AND MAYBE A SNACK FOR HER BROTHER BO WE ALSO NEED A SMALL PLASTIC SNAKE AND A BIG TOY FROCK FOR THE KITS SHE CAN SCOOP THESE SHE CAN SCOOP THESE THINGS INTO THREE RED BARKS AND WE WILL GO MEET HER ONAS THEY AT THE BRED AT THE TRAIN STATION
fanti2.wav,PLEASE CALL STELLA ASK HER TO BRING THESE THINGS WITH HER FROM THE STORE SIX SPOONS OF FRESH SNOW PEAS FIVE THICK SLABS OF BLUE CHEESE AND MAYBE A SNUG FOR HER BROTHER BOB WE ALSO NEED A SMALL PLASTIC SNACK AND A BIG TOY FROK FOR THE FOR THE KID SHE CAN SCOOP THESE THINGS INTO THREE RED BAGS AND WE WILL GET AND WE WILL GO MIT HER WEDNESDAY AT THE TRAIN STATION
fanti3.wav,PLEASE CALL STELLA AS HER TO BRING THESE THINGS WITH HER FROM THE STORE SIX SPOONS OF FRESH SNOW PEASE FIVE THICK SLAVS OF BLUE CHEESE AND MAYBE A SNACK FOR HER BROTHER BOB WE ALSO NEED A SMALL PLASTIC SNAKE AND A BIG TOY FROG FOR THE KITS SHE CAN SCOOP THESE THINGS INTO THREE BAG RED BACGS AND WE WILL GO MEET HER WEDNESDAY AT THE TRAIN STATION
faroese1.wav,PLEASE CALL STELLA ASK HER TO BRING THESE THINGS WITH HER FROM THE STORE SIX SPOONFS OF FRESH SNOW PEAS FIVE THICK SLAPS OF BLUE CHEESE AND MAYBE A SNACK FOR BROTHER BOB WE ALSO NEED A SMALL PLASTIC SNAKE AND A BIG TOY FROG FOR THE KIDS SHE CAN SCOOP THESE THINGS INTHO THREE RED BAGS AND WE WILL GO MEET HER WEDNSDAY AT THE TRAIN STATION
farsi1.wav,PLEASE CALL STELLA ASK HER TO BRING THESE THINGS WITH HER FROM THE STORE SIX SPOON OF FRESH SNOW PEASE FIVE STICK SLAPS OF BLUE CHEESE AND MAYBE A SNAKE FOR HER BROTHER BOB WE ALSO NEED A SMALL PLASTIC SNAKE AND A BIG TOY FROG FOR THE KIDS SHE CAN SCOOP THESE THINGS INTO THREE RED BAGS AND WE WILL GO MEET HER WEDNESDAY AT THE TRAIN STATION
farsi10.wav,PLEASE CALL STELLA ASK HER TO BRING THESE THINGS WITH HER FROM THE STOVE SIX SPOONS OF FRESH SNOW PEASE FIVE THICK SLABS OF BLUE CHEESE AND MAYBE A SNAKE FOR HER BROTHER BA WE ALSO NEED A SMALL PLASTIC A SNAKE AND A BIG TOY FROK FOR THE KIDS SHE CAN SCOOP THESE THINGS INTO THEIR INTO THREE RED BAGS AND WE WILL GO MEET HER WHENSDAY AT THE TRAIN STATION
farsi11.wav,PLEASE CALL STELLA ASK HER TO BRING THESE THINGS WITH HER FROM THE STORE SIX SPOONS OF FRESH SNOW PEESE FIVE THICK SLABS OF BLUE CHEESE AND MAYBE A SNACK FOR HER BROTHER BOB WE ALSO NEED A SMALL PLASTIC SNAKE AND A BIG TOY FROG FOR THE KIDS SHE CAN SCOOP THESE THINGS INTO THE INTO THREE RED BAGS AND WE WILL GO MEET HER WEDNESDAY AT THE TRAIN STATION
farsi12.wav,PLEASE CALL STELLA ASK HER TO BRING THESE THINGS WITH HER FROM THE STORE SIX SPOONS OF FRESH SNOW PEAS FIVE THICK SLABS OF BLUE CHEESE AND MAYBE A SNACK FOR HER BROTHER BOB WE ALSO NEED A SMALL PLASTIC SNAKE AND A BIG TOY FROG FOR THE KIDS SHE CAN SCOOP THESE THINGS INTO THREE RED BAGS AND WE WILL GO MEET HER WEDNESDAY AT THE TRAIN STATION
farsi13.wav,PLEASE CALL STELLA ASK HER TO BRING THESE THINGS WITH HER FROM THE STORE SIX SPOONS OF FRESH SNOW PEASE FIVE THICK SLABS OF BLUE CHEESE AND MAYBE A SNACK FOR HER BROTHER BOB WE ALSO NEED A SMALL PLASTIC SNAKE AND A BIG TOY FROG FOR THE KIDS SHE CAN SCOOP THESE THINGS INTO THREE RED BAGS AND WE WILL GO MEET HER WEDNESDAY AT THE TRAIN STATION
farsi14.wav,PLEASE CALL ESTELLA ASK HER TO BRING THESE THINGS WITH HER FROM THE STORE SIX SPOONS OF FRESH SNOW BEES FIVE TIK SLAP OF BLUE CHEESE AND MAYBE A SNAG FOR HER BROTHER BOB WE ALSO NEED A SMALL PLASTIC SNAG AND A BIG TOY FROG FOR THE KIDS SHE CAN SCOOP THIS THING INTO THE RED BAG AND WE WILL GO MEET HER WEDNESDAY AT THE TRAIN STATION
farsi15.wav,PLEASE CALL STELLA ASK HER TO BRING THESE THINGS WITH HER FROM THE STORE SIX SPOONFS OF FRESH SNOW PEAS FIVE THICK SLABS OF BLUE CHEESE AND MAYBE A SNACK FOR HER BROTHER BOB WE ALSO NEED A SMALL PLASTIC SNAKE AND A BIG TOY FROG FOR THE KIDS SHE CAN SCOOP THESE THINGS INTO THREE RED BAGS AND WE WILL GO MEET HER WEDNESDAY AT THE TRAIN STATION
farsi16.wav,PLEASE CALL ESTELNA ASK HER TO BRING THESE THINGS WITH HER FROM THE STORE SIX SPOONS OF FRESH SNOW PEES FIVE THICK SLABS OF BLUE CHEESE AND MAYBE A SNIKE FOR HER BROTHER BOB WE ALSO NEED A SMALL PLASTIC SNAKE AND A BIG TOY FROG FOR THE KIDS SHE CAN SCOOP THESE THINGS INTO THREE RED BAGS AND WE WILL GO MEET HER WEDNESDAY AT THE TRAIN STATION
farsi17.wav,PLEASE CALL ESTELLA ASK HER TO BRING THESE THESE THINGS WITH HER FROM THE STORE SIX SPOONS OF FRESH SNOW PEAS FIVE THICK SLABS OF BLUE CHEESE AND MAYBE A SNACK FROM FOR HER BROTHER BOB WE ALSO NEED A SMALL PLASTIC SNAKE AND A BIG TOY FROCK FOR THE KIDS SHE CAN SCOOP  THESE THINGS INTO THREE RED BAGS AND WE WILL GO MEET HER WEDNESDAY AT THE TRAIN STATION
farsi18.wav,PLEASE CALL STELLA ASK HER TO BRING THESE THINGS WITH HER FROM THE STORE SIX SPOONS OF FRESH SNOW PEAS FIVE THICK SLAPS OF BLUE CHEESE AND MAYBE A SNAK FOR HER BROTHER BOB WE ALSO NEED A SMALL PLASTIC SNAK AND A BIG TOY FROG FROM THE KIDS SHE CAN SCOPE THESE THINGS INTO THREE RED BAGS AND WE WILL GO MEET HER WEDNESDAY AT THE TRAIN STATION
farsi19.wav,PLEASE CALL STELLA ASK HER TO BRING THESE THINGS WITH HER FROM THE STORE SIX SPOONS OF FRESH SNOW PEAS FIVE THICK SLAPS OF BLUE CHEESE AND MAYBE A SNAK FOR HER BROTHER BOB WE ALSO NEED A SMALL PLASTIC SNAK AND A BIG TOY FROG FOR THE KIDS SHE CAN SCOOP THESE THINGS INTO THREE RED BAGS AND WE WILL GO MEET HER WEDNESDAY AT THE TRAIN STATION
farsi2.wav,PLEASE CALL ISTELLA ASK HER TO BRING THESE THINGS WITH HER FROM THE STORE SIX SPOONS OF FRESH SNOW PEAS FIVE THICK SLABS OF BLUE CHEESE AND MAYBE A SNACK FOR HER BROTHER BOB WE ALSO NEED A SMALL PLASTIC SNACK AND A BIG TOY FROK FOR THE KIDS SHE CAN SCOPE THESE THINGS INTO THREE RED BAGS AND WE WILL GO MEET HER WEDNESDAY AT OR TRAIN STATION
farsi20.wav,PLEASE CALL STELLA ASK HER TO BRING THESE THINGS WITH HER FROM THE STORE SIX SPOONS OF FRESH SNOW PIEE FIVE THICK SLABS OF BLUE CHEESE AND MAYBE A SNACK FOR HER BROTHER BOB WE ALSO NEED A SMALL PLASTIC SNACK AND A BIG FROG TOP FOR THE KIDS SHE CAN SCOOP THESE THESE THINGS INTO THREE RED BACKED AND WE WILL GO MEET HER WEDNESDAY AT THE TRAIN STATION
farsi21.wav,PLEASE CALL STELLA ASK HER TO BRING THESE THINGS WITH HER FROMR FROM THE STORE SIX SPOONS OF FRESH SNOW PEAS FIVE THICK SLABS OF BLUE CHEESE AND MAYBE A SNACK FOR HER BROTHER BOB WE ALSO NEED A SMALL PLASTIC SNAKE AND A BIG TOY FROG FOR THE KIDS SHE CAN SWOOP THESE THINGS INTO THREE RED BAGS AND WE WILL GO MEET HER WEDNESDAY AT THE TRAIN STATION
farsi22.wav,PLEASE CALL ESTELLA ASK HER TO BRING THESE THINGS WITH HER FROM THE STOR SIXSPOONS OF FRESH SNOW PES FIVE TICK SLAP OF BLUE CHEESE ANDA MANY A SNACK OF HER BROTHER BOB WE ALSO NEED A SMALL PLASTIC SNACK AND A BIG TOY FROK OF THE KI FOR THE KIT SHE CAN SCOOP THESE THINGS INTO THREE RED BAGS AND WE WILL GO MEET HER WENESDAY AT THE TRAIN STATION
farsi23.wav,PLEASE CALL STELLA ASK HER TO BRING THESE THINGS WITH HER FROM THE STORE SIX SPOONS OF FRESH SNOW PEAS FIVE THICK SLABS OF BLUE CHEESE AND MAYBE SNACK FOR HER BROTHER BOB WE ALSO NEED A SMALL PLASTIC SNAKE AND A BIG TOY FROCK FOR THE KIDS SHE CAN SCOOP THESE THINGS INTO THREE RED BAGS AND WE WILL GO MEET HER WEDNESDAY AT THE TRAIN STATION
farsi3.wav,PLEASE CALL STELLA ASK HER TO BRING THESE THINGS WITH HER FROM THE STORE SIX SPOONS OF PRECIOUS SNOW PEAS FIVE THICK SLABS OF BLUE CHEESE AND MAYBE A SNACK FOR HER BROTHER BOB WE ALSO NEED A SMALL PLASTIC SNAKE AND A BIG TOY FROG FOR THE KIDS SHE CAN SCOOP THESE THINGS INTO THREE RED BAGS AND WE WILL GO MEET HER WEDNESDAY AT THE TRAIN STATION
farsi4.wav,PLEASE CALL ESTELLA ASK HER TO BRING THESE THINGS WITH HER FOR HER FROM THE STORE SIX SPOONS OF FRESH SNOW PEAS FIVE FIVE SIX SLAVES OF BLUE CHEESE AND MAYBE SNAKE FOR HER BROTHER BOB WE ALSO NEED A SMART PLASTIC SNAKE AND A BIG TOY FROCK FOR THE KIDS SHE CAN SCOOP THESE THINGS INTO THREE RED BAGS AND WE WILL GO MEET HER WEDNESDAY AT THE TRAIN STATION
farsi5.wav,PLEASE CALL ESTELLA ASK HER TO BRING THESE THINGS WITH HER WITH HER FROM THE STORE SIX SPOONS OF FRESH SNOW PEAS FIVE THICK A SLAB OF THE BLUE CHEESE AND MAYBE TE SNAK SNAKE A SNACK FOR HER BROTHER BOB WE ALSO NEED A SMALL PLASTIC SNACK AND A BIG TOY FROG FOR THE KIDS SHE CAN SCOOP THESE THINGS INTO THE THREE RED BACGS AND WE WILL GO MEET HER WEDNESDAY AT THE TRAIN STATIONS
farsi6.wav,PLEASE CALL STELLA ASK HER TO BRING THESE THINGS WITH HER FROM THE STORE SIX SPOONS OF FRESH SNOW PEAS FIVE THICK SLABS OF BLUE CHEESE AND MAYBE A SNAK FOR HER BROTHER BOB WE ALSO NEED A SMALL PASTIC SNAKE AND A BIG TOY FROG FOR THE KIDS SHE CAN SCOOP THESE THINGS INTO THREE RED BAGS AND WE WILL GO MEET HER WEDNESDAY AT THE TRAIN STATION
farsi7.wav,PLEASE CALL STELLA ASK HER TO BRING THESE THINGS WITH HER FROM THE STORE SIX SPOONFUS OF FRESH SNOW PEAS FIVE THICK SLABS OF BLUE CHEESE AND MAYBE A SNAK FOR HER BROTHER BOB WE ALSO NEED A SMALL PLASTIC SNAKE AND A BIG TOY FROCK FOR THE KIDS SHE CAN SCOOP THESE THINGS INTO THREE RED BAGS AND WE WILL GO MEET HER WEDNESDAY AT THE TRAIN STATION
farsi8.wav,PLEASE CALL STELLA ASK HER TO BRING THESE THINGS WITH HER FROM THE STORE SIX SPOONS OF FRESH SNOW PEAS FIVE THICK SLAPS A BLUE CHEESE AND MAYBE A SNACK FOR HER BROTHER BALL WE ALSO NEED A SMALL PLASTIC SNAKE AND A BIG TOY FROG FOR THE CATS SHE CAN SCOOP THESE THINGS INTO THREE RED BAGS AND WE'LL GO MEET HER WEDNESDAY AT THE TRAIN STATION
farsi9.wav,PLEASE CALL STELLA ASK HER TO BRING THESE THINGS WITH HER FROM THE STORE SIX SPOONS OF FRESH SNOW PES FIVE THICK SLABS OF BLUECHEESE AND MAYBE A SNAK FOR HER BROTHER BOB YOU ALSO NEED A SMALL PLASTIC SNAKE AND A BIG TOY FROK FOR THE KIDS SHE CAN SCOP THESE THINGS INTO THREE RED BAGS AND WE WILL GO MEET HER WEDNESDAY AT THE TRAIN STATION
fataluku1.wav,PLEASE CALL STELLA ASK HER TO BRING THESE TINS WITH HER FROM THE STORE SIX SPOON OF FRESH NOW PEAS FIVE THICK SLABS OF BLUE CHEESE AND MAYBE A SNAG FOR HER BROTHER BO YOU ALSO NEED A SMALL PLASTIC SNAG AND A BIG TOY FROG FOR THE KIDS SE CAN SCOOP THSE TINS INTO THREE RED BAGS AND WE WILL GO MEET HER WENESDAY AT THE TRAIN STATION
fijian1.wav,PLEASE CALL STELLA ASK HER TO BRING THESE THINGS WITH HER FROM THE STORE SIX SPOONS OF FRESH SNOW PEAS FIVE THICK SLABS OF BLUE CHEESE AND MAYBE A SNACK FOR HER BROTHER BOB WE ALSO NEED A SMALL PLASTIC SNAKE AND A BIG TOY FROG FOR THE KIDS SHE CAN SCOOP THESE THINGS INTO THREE RED BAGS AND WE WILL GO MEET HER WEDNESDAY AT THE TRAIN STATION
fijian2.wav,PLEASE CALL STELLA ASK HER TO BRING THESE THINGS WITH HER FROM THE STORE SIX SPOONS OF FRESH SNOW PEAS FIVE THICK SLABS OF BLUE CHEESE AND MAYBE A SNACK FOR HER BROTHER BOB WE ALSO NEED A SMALL PLASTIC SNAKE AND A BIG TOY FROG FOR THE KIDS SHE CAN SCOOP THESE THINGS INTO THREE RED BAGS AND WE WILL GO TO MEET HER WEDNESDAY AT THE TRAIN STATION
fijian3.wav,PLEASE CALL STELLA ASK HER TO BRING THESE THINGS WITH HER FROM THE STORE SHIX SPOONS OF FRESH SNOW PEAS FIVE THICK SLABS OF BLUE CHEESE AND MAYBE A SNACK FOR HER BROTHER BOB WE ALSO NEED A SMALL PLASTIC SNAKE AND A BIG TOY FROG FOR THE KIDS SHE CAN SCOOP THESE THINGS INTO THREE RED BAGS AND WE'LL GO MEET HER WEDNESDAY AT THE TRAIN STATION
filipino1.wav,PLEASE CALL STELLA ASK HER TO BRING THESE THINGS WITH HER FROM THE STORE SIX SPOONS OF FRESH SNOW PEASE FIVE THICK SLAPS OF BLUE CHEESE AND MAYBE A SNACK FOR BROTHER BOB WE ALSO NEED A SMALL PLASTIC SNAKE AND A BIG TOY FROK FOR THE KIDS SHE CAN SCOOP THESE THINGS INTO THREE RED BAGS AND WE WILL GO MEET HER WEDNESDAY AT THE TRAIN STATION
filipino2.wav,PLEASE CALL STELLA ASK HER TO BRING THESE THINGS WITH HER FROM THE STORE SIX SPOONS OF FRESH SNOW PEAS FIVE THICK SLABS OF BLUE CHEESE AND MAYBE A SNACK FOR HER BROTHER BOB WE ALSO NEED A SMALL PLASTIC SNAKE AND A BIG TOY FROG FOR THE KIDS SHE CAN SCROUP THESE THINGS INTO THREE RED BAGS AND WE WILL GO MEET HER WEDNESDAY AT THE TRAIN STATION
finnish1.wav,PLEASE CALL STELLA ASK HER TO BRING THESE THINGS WITH HER FROM THE STORE SIX SPOON OF FRESH SNOW PEAS FIVE THICK SLABS OF BLUE CHEESE AND MAYBE A SNACK FOR HER BROTHER BOB WE ALSO NEED A SMALL PLASTIC SNAKE A BIG TOY FROG FOR THE KITS SHE CAN SCOOP THESE THINGS IN THREE RED BAGS AND WE WILL GO MEET HER WEDNESDAY AT THE TRAIN STATION
finnish2.wav,PLEASE CALL STELLA ASK HER TO BRING THESE THINGS WITH HER FROM THE STORE SIX POONS OF FRESH SNOW APIECE FIVE THICK SLIBES OF BLUE CHEESE AND MAYBE A SNACK FOR HER BROTHER BOB WE ALSO NEED A SMALL PLASTIC SNAKE AND A BIG TOY FROG FOR THE KIDS SHE CAN SCOOP THESE THINGS INTO THREE RED BAGS AND WE WILL GO MEET HER WEDNESDAY AT THE TRAIN STATION
finnish3.wav,PLEASE CALL STELLA ASK HER TO BRING THESE THINGS WITH HER FROM THE STORE SIX SPOONS OF FRESH SNOW PEAS FIVE THICK SLABS OF BLUE CHEESE AND MAYBE A SNUCK FOR HER BROTHER BOB WE ALSO NEED A SMALL PLASTIC SNAKE AND A BIG TOY FROG FOR THE KIDS SHE CAN SCOOP THESE THINGS INTO THREE RED BAGS AND WE WILL GO MEET HER WEDNESDAY AT THE TRAIN STATION
finnish4.wav,PLEASE CALL STELLA ASK HER TO BRING THESE THINGS WITH HER FROM THE STORE SIX SPOONS OF FRESH SNOW PEASE FIVE THICK SLAPS OF BLUE CHEESE AND MAYBE A SNACK FOR HER BROTHER BOB WE ALSO NEED A SMALL PLASTIC SNAKE AND A BIG TOY FROG FOR THE KIDS SHE CAN SCOOP THESE THINGS INTO THREE RED BAGS AND WE WILL GO MEET HER WEDNESDAY AT THE TRAIN STATION
finnish5.wav,PLEASE CALL STELLA ASK HER TO BRING THESE THINGS WITH HER FROM THE STORE SIX SPOONS OF FRESH SNOW PEAS FIVE THICK SLABS OF BLUE CHEESE AND MAYBE A SNACK FOR HER BROTHER BOB WE ALSO NEED A SMALL PLASTIC SNAKE AND A BIG TOY FROG FOR THE KIDS SHE CAN SCOOP THESE THINGS INTO THREE RED BAGS AND WE WILL GO MEET HER WEDNESDAY AT THE TRAIN STATION
finnish6.wav,PLEASE CALL STELLA ASK HER TO BRING THESE THINGS WITH HER FROM THE STORE SIX SPOONS OF FRESH SNOW PEAS FIVE THICK SLAPS OF BLUE CHEESE AND MAYBE A SNACK FOR HER BROTHER BOB WE ALSO NEED A SMALL PLASTIC SNAKE AND A BIG TOY FROCK FOR THE GEES SHE CAN SCOOP THESE THINGS IN THE THREE RED BAGS AND WE WILL GO MEET HER WEDNESDAY AT THE TRAIN STATION
finnish7.wav,PLEASE CALL STELLA ASK HER TO BRING THESE THINGS WITH HER FROM THE STORE SIX SPOONS OF FRESH SNOW PEAS FIVE THICK SLABS OF BLUE CHEESE AND MAYBE A SNACK FOR HER BROTHER BOB WE ALSO NEED A PLASTIC SNAKE AND A BIG TOY FROCK FOR THE KIDS SHE CAN SCOOP THESE THINGS INTO THREE RED BAGS AND WE WILL GO MEET HER WEDNESDAY AT THE TRAIN STATION
finnish8.wav,PLEASE CALL STELLA ASK HER TO BRING THESE THINGS WITH HER FROM THE STORE SIX SPOONS OF FRESH SNOW PEAS FIVE THICK SLABS OF BLUE CHEESE AND MAYBE A SNACK FOR HER BROTHER BOB WE ALSO NEED A SMALL PLASTIC SNAKE AND A BIG TOY FROG FOR THE GITS SHE CAN SCOOP THESE THINGS IN THE THREE RED BAGS AND WE WILL GO MEET HER WEDNESDAY AT THE STRANGE STATION
french1.wav,PLEASE CALL STELLA ASK HER TO BRING THESE THINGS WITH HER FROM THE STORE SIX SPOONS OF FRESH SNOW FRESH SNOW PEAS FIVE THICK SLAPES OF BLUE CHEESE AND MAYBE A SNACK FOR HER BROTHER BOB WE ALSO NEED A SMALL PLASTIC SNAKE AND A BIG TOY FROG FOR THE KIDS SHE CAN SCOOP THESE THINGS INTO THREE RED BAGS AND WE WILL GO MEET MEET HERS WEDNSDAY AT THE TWIN STATION
french10.wav,PLEASE CALL STELLA ASK HER TO BRING THESE THINGS WITH HER FROM THE STORE SIX SPOONFULS OF FRESH SNOW PEAS FIVE THICK SLABS OF BLUE CHEESE AND MAYBE A SNACK FOR HER BROTHER BOB WE ALSO NEED A SMALL PLASTIC SNAKE AND A BIG TOY FROG FOR THE KIDS SHE CAN SCOOP THESE THINGS INTO THREE RED BAGS AND WE WILL GO MEET HER WEDNESDAY AT THE TRAIN STATION
french11.wav,PLEASE CALL STELLA ASK HER TO BRING THESE THINGS WITH HER FROM THE STORE SIX SPOONS OF FRESH SNOW PEAS FIVE THICK SLABS OF BLUE CHEESE AND MAYBE A SNAKE FOR HER BROTHER BOB WE ALSO NEED A SMALL PLASTIC SNAKE AND BIG TOY FROG FOR THE KIDS SHE CAN SCOOP THESE THINGS INTO THREE RED BUGS AND WELL GO MEET HER WEDNESDAY AT THE TRAIN STATION
french12.wav,PLEASE CALL STELLA ASK HER TO BRING THESE THINGS WITH HER FROM THE STORE SIX SPOONS OF FRESH SNOW PEAS FIVE THICK SLABS OF BLUE CHEESE AND MAYBE A SNACK FOR HER BROTHER BOB WE ALSO NEED A SMALL PLASTIC SNAKE AND A BIG TOY FROG FOR THE KIDS SHE CAN SCOOP THESE THINGS INTO THREE RED BAGS AND WE WILL GO MEET HER WEDNESDAY AT THE TRAIN STATION
french13.wav,PLEASE CALL STELLA ASK HER TO BRING THESE THINGS WITH HER FROM THE STORE SIX SPOONS OF FRESH SNOW PEAS FIVE SIX SLABS OF BLUE CHEESE AND MAYBE A SNUG FOR BROTHER BOB WE ALSO NEED A SMALL PLASTIC SNAKE AND A BIG TOY FROG FOR THE KIDS SHE CAN SCOOP THIS THINGS INTO THREE RED BAGS AND WILL GO MET EAR WEDNESDAY AT THE TRAIN STATION
french14.wav,PLEASE CALL STELLA ASK HER TO BRING THESE THINGS WITH HER FROM THE STORE SIX SPOONS OF FRESH SNOW PEAS FIVE THICK SLABS OF BLUE CHEESE AND MAYBE A SNACK FOR HER BROTHER BOB WE ALSO NEED A SMALL PLASTIC SNAKE AND A BIG TOY FROG FOR THE KIDS SHE CAN SCOOP THESE THINGS INTO THREE RED BAGS AND WE WILL GO MEET HER WEDNESDAY AT THE TRAIN STATION
french15.wav,PLEASE CAL SELLA IS GOT TO BRING THESE THINGS WITH HER FROM THE STOLL SIX SPOONS OF FRESH SNOW PEAS A VERY THICK SLABS OF BRE CHEESE AND MAYBE A SNACK FOR A BROTHER BUB WE ALSO NEED A SMALL PLASTIC SNAKE AND A BIG TOY FROG FOR THE KIDS SHE CAN SCOV THESE THINGS INTO THREE RED BAGS AND WILL GO MEET A WEDNESDAY AT THE TRAIN STATION
french16.wav,PLEASE CALL STELLA ASK HER TO BRING THESE THINGS WITH HER FROM THE STORE SIX SPOONS OF FRESH SNOW PEAS FIVE THICK SLABS OF BLUE CHEESE AND MAYBE A SNACK FOR HER BROTHER BOB WE ALSO NEED A SMALL PASTIC SNAKE AND A BIG TOUR FROG FOR THE KIDS SHE CAN SCOOP THESE THINGS INTO THREE RED BAGS AND WE WILL GO MEET HER WEDNESDAY AT THE TRAIN STATION
french17.wav,PLEASE CALL STELLA HAS PER TO BRING THEE THINGS WITH HER HOME WITH HER FROM THE STORL SIX SPOONS OF FRESH SNOW PEA PEAS FIVE THICK SLABS OF BLUE CHEESE AND MAYBE A SNACK FOR HE BROTHER BOB WE ALSO NEED A SMALL PLASTIC SNAKE AND A BIG TOY FROG FOR THE KIDS SHE CAN SCOOP THESE THINGS INTO THREE RED BAGS AND E WILL GO MEET HER WEDNESDAY AT THE TRAIN STATION
french18.wav,PLEASE CALL STELLA ASK HER TO BRING THESE THINGS WITH HER FROM THE STORE SIX SPOONS OF FRESH SNOW PEAS FIVE THICK SLABS OF BLUE CHEESE AND MAYBE A SNACK FOR HER BROTHER BOB WE ALSO NEED A SMALL PLASTIC SNAKE AND A BIG TOY FROG FOR THE KIDS SHE CAN SCOOP THESE THINGS INTO THREE RED BAGS AND WE WILL GO MEET HER WEDNESDAY AT THE TRAIN STATION
french19.wav,PLEASE CALL STELLA ASK HER TO BRING THESE THINGS WITH HER FROM THE STORE SIX SPOONS OF FRESH SNOW PEAS FIVE THICK SLABS OF ROOT CHEESE AND MAYBE A SNACK FROR AND MAYBE A SNACK FOR HER BROTHER BOB WE ALSO NEED A SMALL PLASTIC SNAKE AND A BIG TOY FROG FOR THE KIDS SHE CAN SCOOP THESE THINGS INTO THREE RED BAGS AND WE WILL GO MEET HER WEDNESDAY AT THE TRAIN STATION
french2.wav,PLEASE CALL STELLA ASK HER TO BRING THESE THINGS WITH HER WITH HER FROM THE STORE A SIX PONCE OF FRESH SNOW PIECEA FIVE THICK SLAPS OF A BLUE CHEESE AND MAY BE A SNACK FOR HER BROTHER BOB WE ALSO KNEED A SMALL PLASTIC SNAKE AND A BIG TOIL FROG FOR THE KITS SHE CAN SCOOP THESE THINGS INTO THER INTO THREE RED BAGS AND WE WILL GO MEET HER WEDNESS DAY AT THE TRAIN STATION
french20.wav,PLEASE CALL STELLA ASK HER TO BRING THESE THINGS WITH HER FROM THE STORE SIX SPOONS OF FRESH SNOW PEAS FIVE THICK SLABS OF BLUE CHEESE AND MAYBE A SNACK FOR HER BROTHER BUB WE ALSO NEED A SMALL SPACTIC SNAKE AND A BIG TOY FROG FOR THE KIDS SHE CAN SCOOP THESE THINGS INTO THREE RED BAGS AND WILL GO MEET HER WEDNESDAY AT THE TRAIN STATION
french21.wav,PLEASE CALL STELLA ASK HER TO BRING THESE THINGS WITH HER FROM THE STORE SIX SPOONS OF FRENCH SNOW PEAS FIVE TICK SLABS OF BRUTE CHEESE AND MAYBE A SNAKE FOR HER BROTHER BOB WE ALSO NEED A SMALL PLASTIC SNAKE AND A BIG TURFFRER FOR THE KIDS SHE CAN SCOOP THE THINGS INTO THREE RED BAGS AND WE WILL GO MEET HER WHENI THER AT THE TRAIN STATION
french22.wav,PLEASE CALL STELLA ASK HER TO BRING THESE THINGS WITH HER FROM THE STORE SIX FOOT O FRESH SNOW PEAS FIVE THICK SLAPS OF BLUE CHEESE AND MAYBE A SNUK FOR A BOTTLE BOB WE ALSO NEED A SMALL PLASTIC SNAKE AND A BIG TOY FROK FOR THE KIDS SHE CAN SCOOP THESE THINGS INTO THREE RED BAGS AND WE WILL GO MEET HER WENSEDAY AT THE TRAIN STATION
french23.wav,PLEASE CALL STELLA ASK HER TO BRING THESE THINGS WITH HER FROM THE STORE SIX SPOONS OF FRESH SNOW PEAS FIVE THICK SLAPS OF BLUE CHEESE AND MAYBE A SNACK FOR E BODER BUB WE ALSO NEED A SMALL PLASTIC SNAKE AND A BIG TOY FROG FOR THE KITS SHE CAN SCOOP THESE THINGS INTO THREE RED BAGS AND WE WILL GO MEET HER WEDNESDAY AT THE STRAIT STATION
french24.wav,PLEASE CALL STELLA ASK HER TO BRING THESE THINGS WITH HER FROM THE STORE SIX SPOONS OF FRESH SNOW PEALS FIVE SIX SLABS OF BLUE CHEESE AND MAYBE A SNACK FOR HER BROTHER BOB WE ALSO NEED A SMALL PLASTIC SNAKE AND A BIG TOY FROG FOR THE KIDS SHE CAN SCOOP THESE THINGS INTO THREE RED BAGS AND WE'LL GO MEET HER WEDNESDAY AT THE TRAIN STATION
french25.wav,PLEASE CALL STELLA ASK HER TO BRING THESE THINGS WITH HER FROM THE STORE SIX SPOONS OF FRESH NO PEAS FIVE THICK SLABS OF BLUE CHEESE AND MAYBE A SNACK FOR A BROTHER BOB WE ALSO NEED A SMALL PLASTIC SNAKE AND A BIG TOY FROCK FOR THE KIDS SHE CAN SCOOP THESE THINGS INTO THREE RED BAGS AND WE WILL GO MEET HER WEDNESDAY AT THE TRAIN STATION
french26.wav,PLEASE CALL STELLA ASK HER TO BRING THESE THINGS WITH HER FROM THE STORE SIX SPOONS OF FRESH SNOW PEAS FIVE THICK SLABS OF BLUE CHEESE AND MAYBE A SNACK FOR HER BROTHER BOB WE ALSO NEED A SMALL PLASTIC SNAKE AND A BIG TOY FROG FOR THE KIDS SHE CAN SCOOP THESE THINGS INTO THREE RED BAGS AND WE WILL GO MEET HER WEDNESDAY AT THE TRAIN STATION
french27.wav,PLEASE CALL STELLA ASK HER TO BRING THESE THINGS WITH HER FROM THE STORE SIX SPOONS OF FRESH SNOW PEAS FIVE THICK SLAPS OF BLUE CHEESE AND MAYBE SNUCG FOR HER BROTHER BOB WE ALSO NEED A SMALL PLASTIC SNAKE SNAKE AND A BIG TOY FROG FOR THE KIDS SHE CAN SCOOP THESE THINGS INTO THREE RED BAGS AND WE WILL GO MEET HER WEDNESDAY AT THE TRAIN STATION
french28.wav,PLEASE CALL STELLA ASK HER TO BRING THESE THINGS WITH HER FROM THE STORE SIX SPOONS OF FRESH SNOW PEAS FIVE THICK SLABS OF BLUE CHEESE AND MAYBE A SNACK FOR HER BROTHER BOB WE ALSO NEED A SMALL PLASTIC SNAKE AND A BIG TOY FROG FOR THE KIDS SHE CAN SCOOP THESE THINGS INTO THREE RED BAGS AND WE WILL GO MEET HER WEDNESDAY AT THE TRAIN STATION
french29.wav,PLEASE CALL STELLA ASK HER TO BRING THESE THINGS WITH HER FROM THE STRAW SIX SPOONS OF FRESH SNOW PEEDS FIVE THICK SLABS OF BLUE CHEESE AND MAYBE A SNACK FOR BROTHER BOB WE ALSO NEED A SMALL PLASTIC SNAKE AND A BIG TOY FROG FOR THE KIDS SHE CAN SCOOP THESE THINGS INTO THREE RED BAGS AND WE WILL GO MEET HER WEDNESDAY AT THE TRAIN STATION
french3.wav,PLEASE CALL STELLA ASK HER TO BRING THESE THINGS WITH HER FROM THE STORE SIX SPOONS OF FRESH SNOW PEAS WITH THICK SLABS OF BLUE CHEESE AND MAYBE A SNACK FOR HER BROTHER BOB WE ALSO NEED A SMALL PLASTIC SNAKE AND A BIG TOY FROG FROM FOR THE KIDS SHE CAN SCOOP THESE THINGS INTO THREE RED BAGS AND WE WILL GO MEET HER WEDNESDAY AT THE TWIN STATION
french30.wav,PLEASE CALL STELLA ASK HER TO BRING THESE THINGS WITH HER FROM THE STORE SIX SPOONS OF FRESH SNOW PEAS FIVE THICK SLABS OF BLUE CHEESE AND MAYBE A SNACK FOR HER BROTHER BOB WE ALSO NEED A SMALL PLASTIC SNAKE AND A BIG TOY FROG FOR THE KIDS SHE CAN SCOOP THESE THINGS INTO THREE RED BAGS AND WILL GO MEET HER WEDNESDAY AT THE TRAIN STATION
french31.wav,PLEASE PLEASE CALL STILL ASK HER TO BRING THESE THINGS WITH HER FROM THE STORE SIX SPOON OF FRESH SNOW PEACE FIVE THICK SLABS OF BLUE CHEESE AND MAYBE A SNUCK OF HER BROTHER BOB WE ALSO NEED A SMALL PLASTIC SNIK AND A BIG TOY FROG FOR THE KIDS SHE CAN SCOOP THESE THINGS INTO INTO THREE RED BAGS AND WE WILLG MEET HER WEDNESDAY AT THE TRANSLATION
french32.wav,PLEASE CALL STELLA ASK HER TO BRING THESE THINGS WITH HER FROM THE STORE SIX SPOONS OF FRESH SNOW PEASE FIVE THICK SLABS OF BLUE CHEESE AND MYY B MEBE MAYBE A SNACK FOR A BROADER BOP WE ALSO NEED A SMALL PLASTIC SNAKE AND A BIG TOY FROK FOR THE KIDS SHE CAN SCOOP THESE THINGS INTO THREE RED BACGS AND WE WILL GO MEET ER WEDNESDAY AT THE TRAIN STATION
french33.wav,PLEASE CALL STELLA ASK HER TO BRING THESE THINGS WITH HER FROM THE STORE SIX SPOONS OF FRESH SNOW PEAS FIVE THICK SLAVS OF BLUE CHEESE AND MAYBE A SNACK FOR HER BROTHER BOB WE ALSO NEED A SMALL PLASTIC SNAKE AND A BIG TOY FROG FOR THE KIDS SHE CAN SCOOP THESE THINGS INTO THREE RED BAGS AND WE WILL GO MEET HER WEDNESDAY AT THE TRAIN STATION
french34.wav,PLEASE CALL STELLA ASK HER TO BRING THESE THINGS WITH HER FROM THE STORE SE SPOON OF FRESH SNOW PEAS FIVE THICK SLABS OF BLUE CHEESE AND MAYBE A SNUG FOR HER BROTHER BOB WE ALSO KNEED A SMALL PLASTIC SNAKE AND A BIG TOIL FROG FOR THE KIDS SHE CAN SCOOP THESE THINGS INTO THREE RED BAGS AND WE WILL GO MEET E WEDNESDAY ON AT THE TRENCH STATION
french35.wav,PLEASE CALL STELLA ASK HER TO BRING THESE THINGS WITH HER FROM THE STORE SIX SPOONS OF FRESH NEW PEAS FIVE THICK SLABS OF BLUE CHEESE AND MAYBE A SNUG FOR BROTHER BOB WE ALSO NEED A SMALL PLASTIC SNAKE AND A BIG TOY FROG FOR THE KIDS SHE CAN SCOOP THESE THINGS INTO THREE RED BAGS AND WELL GO MEET HER WEDNESDAY AT THE TRAIN STATION
french36.wav,PLEASE CALL STELLA ASK HER TO BRING THESE THINGS WITH HER FROM THE STORE SIX SPOONS OF FRESH SNOW PEAS FIVE THICK SLOVS OF BLUE CHEESE AND MAYBE A SNACK FOR HER BROTHER BOB WE ALSO NEED A SMALL PLASTIC SNAKE AND A BIG TOY FROCK FOR THE KIDS SHE CAN SCOOP THESE THINGS INTO THREE RED BAGS AND WILL GO MEET HER WEDNESDAY AT THE TRAIN STATION
french37.wav,PLEASE CALL STELLA ASK HER TO BRING THESE THINGS WITH HER FROM THE STORE SIX SPOONS OF FRESH SNOW PEAS FIVE THICK SLABS OF BLUE CHEESE AND MAYBE A SNACK FOR HER BROTHER BO WE ALSO NEED A SMALL PLASTIC SNAKE AND A BIG TOY FROG FOR A KISS SHE CAN SCREW THESE THINGS INTO THREE RED BAGS AND WE WILL MEET HER WEDNESDAY AT THE TRAIN STATION
french38.wav,PLEASE CALL STELLA ASK HER TO BRING THESE THINGS WITH HER FROM THE STORE SIX SPOONS OF FRESH SNOW PEAS FIVE THICK SLABS OF BLUE CHEESE AND MAYBE A SNACK FOR HER BROTHER BOB WE ALSO NEED A SMALL PLASTIC SNAKE AND A BIG TOY FROG FOR THE KIDS SHE CAN SCOOP THESE THINGS INTO THREE RED BAGS AND E WILL GO MEET HER WEDNESDAY AT THE TRAIN STATION
french39.wav,PLEASE CALL STELLA ASK HER TO BRING THESE THINGS WITH HER FROM THE STORE SIX SPOON OF FRESH SNOW PEAS FIVE THICK SLABS OF BLUE CHEESE AND MAYBE A SNACK FOR A BOTER BOB WE ALSO NEED A SMALL PLASTIC NECK AND A BIG TOY FORK FOR THE KID SHE CAN SCOOP THE THING INTO THREE RED BAGS AND WE WILL MEET HER WEDNESDAY AT THE TRAIN STATION
french4.wav,PRICE PLEASE CALL STELLA ASK HER TO BRING THISE THING W HER FROM THE STORE SIX SPOON OF FRESH SNOW PEAS FIVE THICK SLAPS OF BLUE CHEESE AND MAYBE A SNACK FOR HER BROTHER BOB YO ALSO NEED A SMALL PLASTIC A SMALL PLASTIC SNAK AND A BIG TOY FROK FOR THE KIS SHE CAN SCOOP THIS THING INTO THROE RED BAGS AND YOU WILL GO MEET HER WEDNESDAY AT THE TRAIN STATION
french40.wav,PLEASE CALL STELLA ASK HER TO BRING THESE THINGS WITH HER FROM THE STORE SIX SPOONS OF FRESH SNOW PEAS FIVE THICK SLABS OF BLUE CHEESE AND MAYBE A SNACK FOR HER BROTHER BOB WE ALSO NEED A SMALL PLASTIC SNAKE AND A BIG TOY FROCK FOR THE KIDS SHE CAN SCOOP THESE THINGS INTO THREE RED BAGS AND WE WILL GO MEET HER WEDNESDAY AT THE TRAIN STATION
french41.wav,PLEASE CALL STELLA ASK HER TO BRING THESE THINGS WITH HER FROM THE STORE SIX SPOONS OF FRESH SNOW PEAS FIVE THIX SLAPS OF BLUE CHEESE AND MAYBE A SNACK FOR A BROTHER BOB WE ALSO NEED A SMALL PLASTIC SNAKE AND A BIG TOY FROCK FOR THE KIDS SHE CAN SCOOP THESE THINGS INTO THREE RED BAGS AND WE WILL O MEET HER WEDNESDAY AT THE TRAIN STATION
french42.wav,PLEASE CALL STELLA ASK HER TO BRING THESE THINGS WITH HER FROM THE STORE SIX SPOONS OF FRET OF FRESH SNOW PEAS FIVE THICK SLABS OF BLUE CHEESE AND MAYBE A SNIK FOR HER BROTHER BOB WE ALSO NEED A SMALL PLASTIC SNAKE AND A BIG TOY FROG FOR THE KID SHE CAN SCOOP THESE THINGS INTO THREE RED DIK AND WELL AND WEILL GO GO MEET HER WENESDAY AT THE TRAN STATION
french43.wav,PLEASE CALL STELLA ASK HER TO BRING THESE THINGS WITH HER FROM THE STORE SIX SPOONS OF FRESH SNOW APIECE FIVE THICK SLABS OF BLUE CHEESE AND MAYBE A SNUK FOR HER BROTHER BOB WE ALSO NEED A SMALL PLASTIC SNAKE AND A BIG TOL FROG FOR THE KIDS SHE CAN SCOOP THESE THINGS INTO THREE RED BAGS AND WE WILL GO MEET HER WEDNESDAY AT THE TRAIN STATION
french44.wav,PLEASE CALL STELLA ASK HER TO BRING THESE THINGS WITH HER FROM THE STORE SIX SPOONS OF FRESH SNOW PEAS FIVE THICK SLABS OF BLUE CHEESE AND MAYBE A SNUCK FOR HER BROTHER BOB WE ALSO NEED A SMALL PRASTIC SNAKE AND A BIG TOIL FRUIT FOR THE KIDS SHE CAN SCEW THESE THINGS INTO THREE RED BAGS AND WE WILL GO MEET HER WEDNESDAY AT THE TRAIN STATION
french45.wav,PLEASE CALL STELLA ASK HER TO BRING THESE THINGS WITH HER FROM THE STORE SIX SPOONFS OF FRESH SNOW PEAS FIVE THICK SLAM OF BLUE CHEESE AND MAYBE A SNACK FOR HER BROTHER BOB WE ALSO NEED A SMALL PLASTIC SNAKE AND A BIG TOY FROG FOR THE KIDS SHE CAN SCOOP THESE THINGS INTO THREE RED BAGS AND WE WILL MEET HER WEDNESDAY AT THE TRAIN STATION
french46.wav,PLEASE CALL STELLA ASK HER TO BRING THESE THINGS WITH HER FROM THE STORE SIX SPOONFS OF FRESH SNOW PEAS FIVE FIXKED SLAPS OF BLUE CHEESE AND MAYBE A SNACK FOR BROTHER BOB WE S TANEED A SMALL PLASTIC SNAKE AND A BIG TOY FROG FOR THE KIDS SHE CAN SCOOP THESE THINGS TO THREE RED BAGS AND WE CO MEET HER ANYWHERE WEDNESDAY AT THE TRAIN STATION
french47.wav,PLEASE CALL STELLA ASK HER TO BRING THESE THINGS WITH HER FROM THE STORE SIX SPOONS OF FRESH SNOW PEAS FIVE THICK SLABS OF BLUE CHEESE AND MAYBE A SNIKE FOR HER BROTHER BOB WE ALSO NEED A SMALL PLASTIC SNAKE AND A BIG TORD FOK FOR THE KIDS SHE CAN SCOOP THESE THINGS INTO THREE RED BAGS AND WE WILL GO MEET HER WEDNESDAY AT THE TWIN STATION
french48.wav,PLEASE CALL STELA ASK HER TO BRING THESE THINGS WITH HER FROM THE STORE SIX SPOONFS OF FRESH SNOW PEAS FIVE THICK SLABS OF BLUE CHEESE AND MAYBE A SNAG FOR HER BROTHER BOB WE ALSO NEED A SMALL PLASTIC SNAKE AND A BIG TOY FROG FOR THE KIDS SHE CAN SCOOP THESE THINGS INTO THREE RED BAGS AND WE WILL GO MEET HER WEDNESDAY AT THE TRAIN STATION
french49.wav,PLEASE CALL STELLA ASK HER TO BRING THESE THINGS WITH HER FROM THE STORE SIX SPOONS OF FRESH SNOW PEAS FIVE THICK SLABS OF BLUE CHEESE AND MAYBE A SNACK FOR HER BROTHER BOB WE ALSO NEED A SMALL PLASTIC SNAKE AND A BIG TOY FROG FOR THE KIDS SHE CAN SCOOP THESE THINGS INTO THREE RED BAGS AND WE WILL GO MEET HER WEDNESDAY AT THE TRAIN STATION
french5.wav,PLEASE CALL STELLA ASK HER TO BRING THISE THINGS WITH HER FROM THE STORE SIX SPOONS OF FRESH SNOW PEASE FIVE THICK SLABS OF BLUE CHEESE AND MAYBE A SNACK FOR HER BROTHER BOB WE ALSO NEED A SMALL PLASTIC SNAKE AND A BIG TOY FROCK FOR HER FOR THE KIDS SHE CAN SCOOP THESE THINGS INTO THREE RED BAGS AND WE WILL GO MEET HER WEDNESDAY AT THE TRAIN STATION
french50.wav,PLEASE CALL STELLA ASK HER TO BRING THE THINGS WITH HER FROM THE STORE SIX SPONS THE FRESH SNOW PEAS FIVE SI SLAB BLUE SHEES AND MAYBE A SNAK FOR HER ROSER BUB WE ALSO NEED A SMALL PLASTIC SNAKE AND A BIG TOLL FOWL FOR THE KIS SHE CAN SCOOP THE THINGS INTO THREE RED BAGS AND WE WILL GO MEET HER WEDNESDAY AT THE STRAN STATION
french51.wav,PLEASE CALL STELLA ASK HER TO BRING THESE THINGS WITH HER FROM THE STORE SIX SPOONS OF FRESH SNOW PEES FIVE THICK SLABS OF BLUE CHEESE AND MAYBE A SNACK FOR A BROTHER BOB WE ALSO NEED A SMALL PLASTIC SNAKE IN A BIG TOY FROCK FOR THE KIDS SHE CAN SCOOP THESE THINGS INTO THREE RED BAGS AND WE WILL GO MEET HER WEDNESDAY AT THE TRAIN STATION
french52.wav,PLEASE CALL STELLA ASK HER TO BRING THESE THINGS WITH HER FROM THE STORE SIX SPOONS OF FRESH SNOW PEAS FIVE THICK SLABS OF BLUE CHEESE AND MAYBE A SNACK FOR BROTHER BOB WE ALSO NEED A SMALL PLASTIC SNAKE AND A BIG TOY FROG FOR THE KIDS SHE SHE CAN SCOOP THESE THINGS INTO THREE RED BAGS AND WE WILL GO MEET HER WEDNESDAY AT THE TRAIN STATION
french53.wav,PLEASE CALL STELLA ASK HER TO BRING THESE THINGS WITH HER FROM THE STORE SIX SPOONS OF FRESH SNOW PEAS FIVE THICK SLABS OF BLUE CHEESE AND MAYBE A SNACK FOR HER BROTHER BOB WE WE ALSO NEED A SMALL PLASTIC SNAKE AND A BIG TOY FROG FOR THE KIDS SHE CAN SCOOP THESE THINGS INTO THREE RED BAGS AND WE WILL GO MEET HER WEDNESDAY AT THE TRAIN STATION
french54.wav,PLEASE CALL STELLA ASK HER TO BRING THESE THINGS WITH HER FROM THE STORE SIX SPOONS OF FRESH SNOW PEAS FIVE THICK SLABS OF BLUE CHEESE AND MAYBE A SNAG FOR HER BROTHER BOB WE ALSO NEED A SMALL PLASTIC SNAKE AND A BIG TOY FROG FOR THE KIDS SHE CAN SCOOP THESE THINGS INTO THREE RED BAGS AND WE WILL GO MEET HER WENESDAY AT THE TRAIN STATION
french55.wav,PLEASE CALL STELLA ASK HER TO BRING THESE THINGS WITH HER FROM THE STORE SIX SPOONS OF FRESH SNOPES FIVE THICK SLABS OF BLUE CHEESE AND MAYBE A SNACK FOR HER BROTHER BOB WE ALSO NEED A SMALL PLASTIC SNAKE AND A BIG TOY FROG FOR THE KIDS SHE CAN SCOOP THIS THING INTO THREE RED BAGS AND WE WILL GO MEET HER WENESDAY AT THE TRAIN STATION
french56.wav,PLEASE CALL STELA ASK HER TO BRING THESE THINGS FROM UM THESE THINGS WITH HER FROM THE STORE SIX SPOONS OF FRESH SMOW PEAS FIVE THICK SLABS OF BLUE CHEESE AND MAYBE A SNACK FOR HER BROTHER UM HER BROTHER BOB WE ALSO NEED A SMALL PLASTIC SNAKE AND A BIG TALL FROG FOR THE KIDS SHE CAN SCOOP THESE THINGS INTO THREE RED BAGS AND WE WILL GO TO MEET AND WE WILL GO MEET HER WEDNESDAY AT THE TRAIN STATION
french57.wav,PLEASE CALL STELLA ASK HER TO BRING THESE THINGS ON HER AM NOW WEHE FROM THE STORE SIX POONS OF FRESH SNOW PEAS FIVE THICK SLABS OF BLUE CHEESE AND MAYBE A SNACK FOR HER BROTHER BOB WE ALSO NEED A SMALL SPLICY SNAKE AND BIG TOFROG WORTE CASE SHE CAN SCOVE THESE THINGS INTO THREE RED BAGS AND WE WILL GO MEET HER ONCE DAY AT THE TRAIN STATION
french58.wav,PLEASE CALL STELLA ASK HER TO BRING THESE THINGS WITH HER FROM THE STORE SIX SPOONS OF FRESH SNOW PEAS FIVE THICK SLABS OF BLUE CHEESE AND MAYBE A SNACK FOR HER BROTHER BOB WE ALSO NEED A SMALL PLASTIC SNAKE AND A BIG TOY FROCK FOR THE KIDS SHE CAN SCOOP THESE THINGS INTO THREE RED BAGS AND WE WILL GO WITH HER WENSDAY AT THE TRAIN STATION
french59.wav,PLEASE CALL STELLA ASK HER TO BRING THESE THINGS WITH HER FROM THE STORE SIX SPOONS OF FRESH STO PEASE FIVE THIK SLABS OF BLUE CHEESE AND MAYBE A SNAK FOR HER BROTHER BOB WE ALSO NEED A SMALL PLASTIC SNAKE AND BIG TIE FROG FOR THE KIDS SHE CAN SCOOP THESE THINGS INTO THREE RED BAGS AND WE'LL GO MET HER WEDNESDAY AT THE TRAIN STATION
french6.wav,PLEASE CALL STELLA ASK HER TO BRING THESE THINGS WITH HER FROM THE STORE SIX SPOONS OF FRESH SNOW PEAS FIVE THICK SLABS OF BLUE CHEESE AND MAYBE A SNACK FOR HER BROTHER BOB WE ALSO NEED A SMALL PLASTIC SNAKE AND A BIG TALL FROG FOR THE KIDS SHE CAN SCOOP THESE THINGS INTO THREE RED BAGS AND WE WILL GO MEET HER WEDNESDAY AT THE TRAIN STATION
french60.wav,PLEASE CALL STELA ASK HER TO WING THESE THINGS WITH HER FROM THE STORE SIX SPOONS OF RE FRESH SNOW PEAS FIVE THICK SLABS OF BLUE CHEESE AND MAYBE A SNUG FOR HER BOTHER BU WE'R SOO NEED A SMALL PLASTIC SNAKE AND A BIG TOY FROG FOR THE KIDS SHE CAN SCOOP THESE THINGS INTO THREE RED BAGS AND WE WILL GO MEET HER WENESDAY AT THE TRAIN STATION
french61.wav,PLEASE CALL STELLA ASK HER TO BRING THESE THINGS WITH HER FROM THE STORE SIX SPOONS OF FRESH SNOW PEAS FIVE THICK SLABS OF BLUE CHEESE AND MAYBE A SNACK OFF FOR HER BROTHER BOB WE ALSO NEED A SMALL PLASTIC SNACK SNAKE AND A BIG TOY FROG FOR THE KIDS SHE CAN SCOOP THESE THINGS INTO THREE RED BAGS AND WE WILL GO MEET HER WEDNESDAY AT THE TRAIN STATION
french62.wav,PLEASE CALL STELLA ASK HER TO BRING THESE THINGS WITH HER FROM THE STORE SIX SPOONS OF FRESH SNOW PEAS FIVE THICK SLABS OF BLUE CHEESE AND MAYBE A SNUG FOR HER BROTHER BARB WE ALSO NEED A SMALL PLASTIC SNAKE AND A BIG TOY FROG FOR THE KIDS SHE CAN SCOOP THESE THINGS INTO THREE RED BAGS AND WE WILL GO MEET HER WEDNESDAY AT THE TRAIN STATION
french63.wav,PLEASE CALL STELLA ASK HER TO BRING THESE THINGS WITH HER FROM THE STORE SIX SPOONS OF FRESH SNOW PEAS FIVE THICK SLABS OF BLUE CHEESE AND MAYBE A SNUCK FOR HER BROTHER BOB WE ALSO NEED A SMALL PLASTIC SNAK AND A BIG TOY FROK FOR THE KIDS SHE CAN SCOOP THESE THINGS IN THREE BAGS RED BAGS AND WE WILL GO MEET HER WEDNESDAY AT THE TWIN STATION
french7.wav,PLEASE CALL STELLA ASK HER TO BRING THESE THINGS WITH HER FROM THE STORE SIX SPOONS OF FRESH SNOW PEAS FIVE THICK SLABS OF BLUE CHEESE AND MAYBE A SNACK FOR HER BROTHER BOB WE ALSO NEED A SMALL PLASTIC SNAKE AND A BIG TOY FROG FOR THE KIDS SHE CAN SCOOP THESE THINGS INTO THREE RED BAGS AND WE WILL GO MEET HER WEDNESDAY AT THE TRAIN STATION
french8.wav,PLEASE CALL STELLA ASK HER TO BRING THESE THINGS WITH HER FROM THE STORE SIX SPOONS OF FRESH SNOW PEAS FIVE THICK SLAPS OF BLUE CHEESE AND MAYBE A SNACK FOR HE BODER BUB WE ALSO NEED A SMALL PLASTIC SNAKE AND A BIG TOY FROCK FOR THEKETS SHE CAN SCOOP THESE THINGS INTO THE INTO THREE RED BACKS AND WE WILL GO MEET HER WEDNESDAY AT THE TRAIN STATION
french9.wav,PLEASE CALL STELLA ASK HER TO BRING THESE THINGS WITH HER FROM THE STORE SIX SPOONS OF FRESH NILK PEAS FIVE THICK SLABS OF BLUE CHEESE AND MAYBE A SNIKE FOR BROTHER BOB WE ALSO NEED A SMALL PLASTIC SNAKE AND A BIG TOLL FROG FOR THE KIDS SHE CAN SCOOP THESE THINGS INTO THREE RED BAGS AND WI'LL GO MEET HER N WEDNESDAY AT THE TRAIN STATION
frisian1.wav,PLEASE CALL STELLA ASK HER TO BRING THESE THINGS WITH HER FROM THE STORE SIX SPOONS OF FRESH SNOW PEAS FIVE THICK SLABS OF BLUE CHEESE AND MAYBE A SNACK FOR HER BROTHER BOB WE ALSO NEED A SMALL PLASTIC SNAKE AND A BIG TOY FROG FOR THE KIDS SHE CAN SCOOP THESE THINGS INTO THREE RED BAGS AND WE WILL GO MEET HER WEDNESDAY AT THE TRAIN STATION
ga1.wav,PLEASE CALL STELLA ASK HER TO BRING THESE THINGS WITH HER FROM THE STORE SIX SPOONS OF FRESH SNOWKEES FIVE THIN SLABS OF BLUE CHEESE AND MAYBE A SNUK FOR HER BROTHER BOB WE ALSO NEED A SMALL PLASTIC SNAKE AND A BIG TOY FROK FOR THE KES SHE CAN SCOOP THESE THINGS INTO THREE RED BAGS AND WE WILL GO AND MEET HER WEDNESDAY AT THE TRAIN STATION
ga2.wav,PLEASE CALL STELLA ASK HER TO BRING THESE THINGS WITH HER FROM THE STORE SIX SPOONFS OF FRESH SNOW PEAS FIVE THICK SLABS OF BLUE CHEESE AND MAYBE A SNUG FOR HER BROTHER BOB WE ALSO NEED A SMALL PLASTIC SNAKE AND A BIG TOY FROG FROM THE KATES SHE CAN SCOOP THESE THINGS INTO THREE RED BAGS AND WE WILL GO MEET HER WEDNESDAY AT THE TRAIN STATION
ga3.wav,PLEASE CALL STELLA ASK HER TO BRING THESE THINGS WITH HER FROM THE STORE SIX SPOONS OF FRESH SNOW PEAS FIVE THICK SLABS OF BLUE CHEESE AND MAYBE A SNUK FOR HER BROTHER BOB WE ALSO NEED A SMALL PLASTIC SNAKE AND A BIG TOY FROG FOR THE KIDS SHE CAN SPOO SHE CAN SCOOP THE STINS INTO THREE RED BUKS AND WILL AND WE WILL GO MEET HER WENA DAY AT THE TRAIN STATION
ga4.wav,PLEASE CALL STELLA ASK HER TO BRING THESE THINGS WITH HER FROM THE STORE SIX SPOONFUS OF FRESH SNOW PEAS FIVE THICK SLAPS OF BLUE CHEESE AND MAYBE A SNACK FOR HER BROTHER BOB WE ALSO NEED A SMALL PLASTIC SNAKE AND A BIG TOY FROM THE KITS SHE CAN SCOOP THESE THINGS INTO THREE RED BAGS AND WE WILL GO MEET HER WEDNESDAY AT THE TRAIN STATION
ga5.wav,PLEASE CALL STELLA ASK HER TO BRING THESE THINGS WITH HER FROM THE STORE SIX SPOONFS OF FRESH SNOW PEAS FIVE THICK SLABS OF BLUE CHEESE AND MAYBE A SNACK FOR HER BROTHER BOB WE ALSO NEED A SMALL PLASTIC SNAKE AND A BIG TOY FROG FOR THE KIDS SHE CAN SCOOP THESE THINGS INTO THREE RED BAGS AND WE'LL GO MEET HER WEDNESDAY AT THE TRAIN STATION
ga6.wav,PLEASE CALL STELLA ASK HER TO BRING THESE THINGS WITH HER FROM THE STORE SIX SPOONFS OF FRESH SNOW PEAS FIVE THICK SLABS OF BLUE CHEESE AND MAYBE A SNAK FOR HER BROTHER BOB WE ALSO NEED A SMALL PLASTER SNAKE AND A BIG TOY FROG FOR THE KIDS SHE CAN SCOOP THESE THINGS INTO THREE RED BAGS AND WE WILL GO MEET HER WEDNESDAY AT THE TRAIN STATION
gan1.wav,PRISCO LERE ASK HER TO BRING THESE THINGS WITH HER FROM THE STORE SIX SIX PONS OF FRESH SNOW PEAS FIVE SIX SNAPS SNAPS A SNAP OF BLUE CHEESE AND MAYBE A SNAK FOR HER BRASE BO WE ALSO NEED A SMALL PLASTIC SNAKE AND A BIG TOY BIG TOY FROG FOR THE KIS SHE CAN SCO SI SINGS INTO THREE RED BACKS AND WE WILL GO MEET HER ONCE DAY AT THE TRAIN STATION
ganda1.wav,PLEASE COS TELLE ASK HER TO BRING THE THINGS WITH HER FROM THE STORE SIX SPOONS OF FRESH SNOW PEAS FIVE THICK SLABS OF BLUE CHEESE AND MAYBE A SNACK OF HER A SNUK FORHE BROTHER BOB WE ALSO NEED A SMALL PLASTIC SNAKE AND A BIG TOY A BIG TOY FROG FOR THE KIDS SHE CAN SCOOP THE THINGS FROM ELSY SHE CAN SCOOP THE THINGS INTO THREE RED BAGS AND WEIL GO MEET HER WEDNESDAY AT THE TRAIN STATION
ganda2.wav,PLEASE CALL STELLA ASK HER TO BRING THE THINGS WITH HER FROM THE STORE SIX SPOONS OF FRESH PEAS FIVE THICK SLABS OF BLUE CHEESE AND MAYBE A SNUG FOR HER BROTHER BOB WE ALSO NEED A PLASTIC SNAKE AND A BIG TOY FROG FOR THE KIDS SHE CAN SCOOP THESE THINGS IN THREE RED BAGS AND WE WILL GET THERE WEDNESDAY AT THE TRAIN STATION
garifuna1.wav,PLEASE CALL STELLA ASK HER TO BRING ME THESE THINGS WITH HER FROM THE STORE SIX SPOONS OF FRESH SNOW PEAS FIVE THICK SLAB OF BLUE CHEESE AND MAYBE A SNACK FOR HER BROTHER BAB WE ALSO NEED A SMALL PLASTIC SNAKE SNAKE AND A BIG TOY FROG FOR THE KITS SHE CAN SCOOP THESE THINGS INTO THREE RED BAGS AND WE WILL GO MEET HER WEDNESDAY AT THE TRAIN STATION
garifuna2.wav,PLEASE CALL STELLA ASK HER TO BRING THESE THINGS WITH HER FROM THE STORE SIX SPOONS OF FRESH SNOW PEAS FIVE THICK LABS SLABS OF BLUE CHEESE AND MAYBE A SNACK FOR HER BROTHER BOB WE ALSO NEED A SMALL PLASTIC SNAKE AND A BIG TOY FROG FOR THE KIDS SHE CAN SCOOP THESE THINGS INTO THREE RED BAGS AND WE WILL GO MEET HER WEDNESDAY AT THE TRAIN STATION
gedeo1.wav,PLEASE CALL STELLA ASK HER TO BRING THESE THINGS WITH HER FROM THE STORE SIX SPOONS OF FRESH SNOW PIECE FIVE THICK SLABS OF BLUE CHEESE AND MAYBE A SNUG FOR HER BROTHER BROTHER BOB WE ALSO NEED A SMALL PLASTIC SNAKE AND A BIG TOY FROG FOR THE KIDS SHE CAN SCOOP THESE THINGS INTO THREE GREAT BAGS AND WE WILL GO MEET HER ONCE THEY AT THE TRAIN STATION
georgian1.wav,PLEASE CALL STELLA ASK HER TO BRING THESE THINGS WITH HER FROM THE STORE SIX SPOONS OF FRESH SNOW PEAS FIVE STICKED SLEPS OF BLUE CHEESE AND MAYBE A SNAKE FOR HER BROTHER BOB WE ALSO NEED A SMALL PLASTIC SNAKE AND A BIG TOY FROK FOR THE KIDS SHE CAN SCOOP THESE THINGS INTO THREE RED BAGS AND WE WILL GO MEET HER WEDNESDAY AT THE TRAIN STATION
georgian2.wav,PLEASE CALL STELLA ASK HER TO BRING THESE THINGS WITH HER FROM THE STORE SIX SPOONS OF FRESH SMALL PEAS FIVE STICK SLAPS OF BLUE CHEESE AND MAYBE A SNAKE FOR HER BROTHER BOB WE ALSO NEED A SMALL PLASTIC SNAKE SNAKE IIL B A BIG TOY FROG FOR THE KIDS THIS IS THE SNAKE I WAS RIGHT SHE N CAN SCOOP THE THINGS INTO THREE RED BAKS AND WE WILL GO MEET HER WEDNESDAY AT THE TRAIN STATION
georgian3.wav,PLEASE CALL STELLA ASK HER TO BRING THESE THINGS WITH HER FROM THE STORM SIX SPOONFS OF FRESH SNOW PEAS FIVE SIX SLEPS OF BLUE CHEESE AND MAYBE A SNAKE FOR HER BROTHER BOB WE ALSO NEED A SMALL PLASTIC SNAKE AND A BIG TOY FROG FOR THE KIDS SHE CAN SCOOP THESE THINGS INTO THREE RED BACGS AND WE WILL GO MEET HER WEDNESDAY AT THE TRAIN STATION
georgian4.wav,PLEASE CALL STELLA ASK HER TO BRING THESE THINGS WITH HER FROM THE STORE SIX SPOONFUL OF FRESH SNOW PEAS FIVE THICK SLAPS OF BLUE CHEESE AND MAYBE A SNACK FOR HER BROTHER BUB WE ALSO NEED A SMALL PLASTIC SNAKE AND BIG TOY FROG FOR THE KIDS SHE CAN SCOOP THESE THINGS INTO THREE RED BAGS AND WE WILL GO MEET HER EN WEDNESDAY AT THE TRAIN STATION
georgian5.wav,PLEASE CALL STELLA ASK HER TO BRING THESE THINGS WITH HER FROM THE STORE SIX SPOONS OF FRESH SNOW PIECE FIVE  THICK SLAPS OF BLUE CHEESE AND MAYBE A SNUCK OR SNUCK FOR HER BROTHER BOB WE ALSO NEED SMALL PLASTIC SNAKE TO A BIG TOY FROG FOR THE KIDS SHE CAN SCOOP THESE THINGS INTO THREE RED PEKS AND WE WILL GO MEET HER WEDNESDAY AT THE TRAIN STATION
german1.wav,PLEASE CALL STELLA ASK HER TO BRING THESE THINGS WITH HER FROM THE STORE SIX SPOONS OF FRESH SNOW PEAS FIVE SIX SLAPS OF BLUE CHEESE AND MAYBE A SNACK FOR HER BROTHER BOB WE ALSO NEED A SMALL PLASTIC SNAKE AND A BIG TOY FROG FOR THE KIDS SHE CAN SCOOP THESE THINGS INTO THREE RED BAGS AND WE WILL GO MEET HER WEDNESDAY AT THE TRAIN STATION
german10.wav,PLEASE CALL STELLA ASK HER TO BRING THESE THINGS WITH HER FROM THE STORE SIX SPOONFULS OF FRESH SNOW PEAS FIVE THICK SLAPS OF BLUE CHEESE AND MAYBE SNACK FOR HER BROTHER BOB WE ALSO NEED A SMALL PLASTIC SNAKE AND A BIG TIE FROCK FOR THE KIDS SHE CAN SCOOP THESE THINGS INTO THREE RED BAGS AND WEWILL GO D MEET HER WEDNESDAY AT THE TRAIN STATION
german11.wav,PLEASE CALL STELLA ASK HER TO BRING THESE THINGS IEFUR FROM THE STORE SIX SPOONS OF FRESH SNOW PEAS FIVE THICK SLABS OF BLUE CHEESE AND MAYBE A SNAK FOR HER BROTHER BOB WE ALSO NEED A SMALL PLASTIC SNAKE AND A BIG TOI FROK FOR THE KIDS SHE CAN SCOOP THESE THINGS INTO THREE RED BAGS AND WE WILL GO MEET HER T WENS MEET HER WEDNESDAY AT THE TRAIN STATION
german12.wav,PLEASE CALL STELLA ASK HER TO BRING THESE THINGS WITH HER FROM THE STORE SIX SPOONS OF FRESH SNOW PEAS FIVE THICK SLABS OF BLUE CHEESE AND MAYBE A SNACK FOR HER BROTHER BOB WE ALSO NEED A SMALL PLASTIC SNAKE AND A BIG TOY FROG FOR THE KIDS SHE CAN SCOOP THESE THINGS INTO THE THREE RED BAGS AND WE WILL GO MEET HER WEDNESDAY AT THE TRAIN STATION
german13.wav,PLEASE CALL STELLA ASK HER TO BRING THESE THINGS WITH HER FROM THE STORE SIX SPOONS OF FRESH SNOW PEAS FIVE THICK SLABS OF BLUE CHEESE AND MAYBE A SNACK FOR HER BROTHER BOB WE ALSO NEED A SMALL PLASTIC SNAKE AND A BIG TOY FROG FOR THE KIDS SHE CAN SCOOP THESE THINGS INTO THREE RED BAGS AND WE WILL GO MEET HER WEDNESDAY AT THE TRAIN STATION
german14.wav,PLEASE CALL STELLA ASK HER TO BRING THESE THINGS WITH HER FROM THE STORE SIX SPOONS OF FRESH SNOW PIECE FIVE THICK SLAPS OF BLUE CHEESE AND MAYBE A SNACK FOR HER BROTHER BOB WE ALSO NEED A SMALL PLASTIC SNAKE AND A BIG TOY FROG FOR THE KIDS SHE CAN SCOOP THESE THINGS INTO THREE RED BAGS AND WE WILL GO MEET HER WEDNESDAY AT THE TRAIN STATION
german15.wav,PLEASE CALL STELLA ASK HER TO BRING THESE THINGS WITH HER FROM THE STORE SIX SPOONFS OF FRESH SNOW PEAS FIVE THICK SLABS OF BLUE CHEESE AND MAYBE A SNACKE FOR HER BROTHER BOB WE ALSO NEED A SMALL PLASTIC SNAKE AND A BIG TOY FROG FOR THE KIDS SHE CAN SCOOP THESE THINGS INTO THREE RED BAGS AND WE WILL GO MEET HER WEDNESDAY AT THE TRAIN STATION
german16.wav,PLEASE CALL STELLA ASK HER TO BRING THESE THINGS WITH HER FROM THE STORE SIX SPOONS OF FRESH SNOW PIECE FIVE THICK SLABS OF BLUE CHEESE AND MAYBE A SNEK FOR HER BROTHER BOB WE ALSO NEED A SMALL PLASTIC SNAD AND A BIG TOY FROG FOR THE KIDS SHE CAN SCOOP THESE THINGS INTO THREE RED BAGS AND WE'LL GO MEET HER WEDNESDAY AT THE TRAIN STATION
german17.wav,PLEASE CALL STELLA ASK HER TO BRING THESE THINGS WITH HER FROM THE STORE SIX SPOONS OF FRESH SNOW PEAS FIVE THICK SLABS OF BLUE CHEESE AND MAYBE A SMACK FOR HER BROTHER BOB WE ALSO NEED A SMALL PLASTIC SNAKE AND A BIG TOY FROG FOR THE KIDS SHE CAN SCOOP THESE THINGS INTO THREE RED BAGS AND WE WILL GO MEET HER WEDNESDAY AT THE TRAIN STATION
german18.wav,PLEASE CALL STELLA ASK HER TO BRING THESE THINGS WITH HER FROM THE STORE SIX SPOONS OF FRESH SNOW PEAS FIVE THICK SLAPS OF BLUE CHEESE AND MAYBE A SNACK FOR HER BROTHER BOB WE ALSO NEED A SMALL PLASTIC SNAKE AND A BIG TOY FROG FOR THE KIDS SHE CAN SCOOP THE THINGS INTO THREE RED BAGS AND WILL GO MEET HER WEDNESDAY AT THE TRAIN STATION
german19.wav,PLEASE CALL STELLA ASK HER TO BRING THESE THINGS WITH HER FROM THE STORE SIX SPOONS OF FRESH SNOW PEAS FIVE THICK SLABS OF BLUE CHEESE AND MAYBE A SNAK FOR HER BROTHER BOB WE ALSO NEED A SMALL PLASTIC SNAKE AND A BIG TOY FROG FOR THE KIDS SHE CAN SCOOP THESE THINGS INTO THREE RED BAGS AND WE WILL GO MEET HER WEDNESDAY AT THE TRAIN STATION
german2.wav,PLEASE CALL STELLA ASK HER TO BRING THESE THINGS WITH HER FROM THE STORE SIX SPOONS OF FRESH SNOW PEAS FIVE THICK SLABS OF BLUE CHEESE AND MAYBE A SNAK FOR HER BROTHER BOB WE ALSO NEED A SMALL PLASTIC SNAKE AND A BIG TOY FROG FOR THE KIDS SHE CAN SCOOP THESE THINGS INTO THREE RED BAGS AND WE'LL GO MEET HER WEDNESDAY AT THE TRAIN STATION
german20.wav,PLEASE CALL STELLA ASK HER TO BRING THESE THINGS WITH HER FROM THE STORE SIX SPOONS OF FRESH SNOW PEAS FIVE THICK SLAPS OF BLUE CHEESE AND MAYBE A SNACK FOR HER BROTHER BOB WE ALSO NEED A SMALL PLASTIC SNAKE AND A BIG TOY FROG FOR THE KIDS SHE CAN SCOOP THESE THINGS INTO THREE RED BAGS AND WE WILL GO MEET HER WEDNESDAY AT THE TRAIN STATION
german21.wav,PLEASE CALL STELLA ASK HER TO BRING THESE THINGS WITH HER FROM THE STORE SIX SPOONS OF FRESH SNOW PEAS FIVE THICK SLABS OF PLU CHEESE AND MAYBE A SNACK FOR HER BROTHER BOB WE ALSO NEED A SMALL PLASTIC SNAKE AND A BIG TOY FROG FOR THE KIDS SHE CAN SCOOP THESE THINGS INTO THREE RED BAGS AND WE WILL GO MEET HER WEDNESDAY AT THE TRAIN STATION
german22.wav,PLEASE CALL STELLA ASK HER TO BRING THESE THINGS WITH HER FROM THE STORE SIX SPOONS OF FRESH SNOW PEAS FIVE THICK SLABS OF BLUE CHEESE AND MAYBE A SNAG FOR HER BROTHER BOB WE ALSO NEED A SMALL PLASTIC SNAKE AND A BIG TOY FROG FOR THE KIDS SHE CAN SCOOP THESE THINGS INTO THREE RED BAGS AND WE WILL GO MEET HERSTEY AT THE TRENCH STATION
german23.wav,PLEASE CALL STELLA ASK HER TO BRING THES THINGS WITH HER FROM THE STORE SIX SPOONS OF FRESHE SNOW PEAS FIVE THICK SLABS OF BLUE THEES AND MAYBE A SNACK FOR BROTHER BOB WE ALSO NEET A SMALL PLASTIC SNAKE AND A BEG TOY FROG FOR THE KIDS SHE CAN SCOOP THE THINGS INTO THREE RED BAGS AND WILL GO MEET HER WEDNESDAY AT THE TRAIN STATION
german24.wav,PLEASE CALL STELLA ASK HER TO BRING THESE THINGS WITH HER FROM THE STORE SIX SPOONS OF FRESH SNOW PEAS FIVE THICK SLAPS OF BLUE CHEESE AND MAYBE A SNAK FOR HER BROTHER BOB WE ALSO NEED A SMALL PLASTIC SNAKE AND A BIG TOY FROG FOR THE KIDS SHE CAN SCOOP THESE THINGS INTO THREE RED PAGS AND WE WILL GO MEET HER WEDNESDAY AT THE TRAIN STATION
german25.wav,PLEASE CALL SELLA ASK HER TO BRING THESE THINGS WITH HER FROM THE STORE SIX SPOONS OF FRESH SNOW PEAS FIVE THICK SLAPS OF BLUE CHEESE AND MAYBE A SHNECK FOR HER BROTHER BOB WE ALSO NEED A SMALL PLASTIC SNEG AND A BIG TOY FROCK FOR THE KIDS SHE CAN SCOOP THESE THINGS INTO THREE RED BAGS AND WE WILL WE WILL GO MEET HER WEDNESDAY AT THE TRAIN STATION
german26.wav,PLEASE CALL STELLA ASK HER TO BRING THIS THINGS WITH HER FROM THE STORE SIX SPOONS OF FRESH SNOW PEACE FIVE THICK SLAPS OF BLUE CHEESE AND MAYBE A SNACK FOR HER BROTHER BAB WE ALSO NEED A SMALL PLASTIC SNAKE AND A BIG TOY FROCK FOR THE KIDS SHE CAN SCOOP THIS THING INTO THREE RED BAGS AND IT WILL GO MEET HER WEDNESDAY AT THE TRAIN STATION
german27.wav,PLEASE CALL STELLA ASK HER TO BRING THESE THINGS WITH HER FROM THE STORE SIX SPOONS OF FRESH SNOW PEAS FIVE THICK SLABS OF BLUE CHEESE AND MAYBE A SNACK FOR HER BROTHER BOB WE ALSO NEED A SMALL PLASTIC SNAKE AND A BIG TOY FROG FOR THE KIDS SHE CAN SCOOP THESE THINGS INTO THREE RED BAGS AND WE WILL GO MEET HER WEDNESDAY AT THE TRAIN STATION
german28.wav,PLEASE CALL STELLA ASK HER TO BRING THESE THINGS WITH HER FROM THE STORE SIX SPOONS OF FRESH SNOW PEAS FIVE THICK SLABS OF BLUE CHEESE AND MAYBE A SNACK FOR HER BROTHER BOB WE ALSO NEED A SMALL PLASTIC SNAKE AND A BIG TOY FROCK FOR THE KIDS SHE CAN SCOOP THESE THINGS INTO THREE RED BAKS AND WE WILL GOL MEET HER WEDNESDAY AT THE TRAIN STATION
german29.wav,PLEASE CALL STELLA ASK HER TO BRING THESE THINGS WITH HER FROM THE STORE SIX SPOONS OF FRESH SNOW PEAS FIVE SICK SLAPS OF PLUE CHEESE AND MAYBE A SNACK FOR HER BROTHER BOB WE ALSO NEED A SMALL PLASTIC SNAKE AND A PIGTOY FROCK FOR THE KIDS SHE CAN SCOOP THESE THINGS INTO THREE RAD BAGS AND WE WILL GO MEET HER WEDNESDAY AT THE TRAIN STATION
german3.wav,PLEASE CALL STELLA ASK HER TO BRING THESE THINGS WITH HER FROM THE STORE SIX SPOONS OF FRESH SNOW PEAS FIVE THICK OM SLABS OF BLUE CHEESE AND MAYBE A SNAK FOR HER BROTHER BOB WE ALSO NEED A SMALL PLASTIC SNAKE AND A BIG TOY FROK FOR THE KIDS WE CAN SCOOP THESE THINGS INTO THREE RED BAGS AND WE WILL GO MEET HER WEDNESDAY AT THE TRAIN STATION
german30.wav,PLEASE CALL STELLA ASK HER TO BRING THESE THINGS WITH HER FROM THE STORE SIX SPOONS OF FRESH SNOW PEAS FIVE THICK SLAPS OF BLUE CHEESE AND MAYBE A SNAKE FOR HER BROTHER BOB WE ALSO NEED A SMALL PLASTIC SNAKE AND A BIG TOY FROG FOR THE KIDS SHE CAN SCOOP THESE THINGS INTO THREE RED BAGS AND WE WILL GO MEET HER WEDNESDAY AT THE TRAIN STATION
german31.wav,PLEASE CALL STELLA ASK HER TO BRING THESE THINGS WITH HER FROM THE STORE SIX SPOONS OF FRESH SNOW PEAS FIVE THICK SLABS OF BLUE CHEESE AND MAYBE A SNACK FOR HER BROTHER BOB WE ALSO NEED A SMALL PLASTIC SNAKE AND A BIG TOY FROG FOR THE KIDS SHE CAN SCOOP THESE THINGS INTO THREE RED BAGS AND WELL GO ME TILL WEDNESDAY AT THE TRAIN STATION
german32.wav,PLEASE CALL STELLA ASK HER TO BRING THESE THINGS WITH HER FROM THE STORE SIX SPOONS OF FRESH SNOW PEAS FIVE THICK SLAPS OF BLUE CHEESE AND MAYBE A SNACK FOR HER BROTHER BOB WE ALSO NEED A SMALL PLASTIC SNAKE AND A BIG TOY FROG FOR THE KIDS SHE CAN SCOOP THESE THINGS INTO THREE RED BAGS AND WE WILL GO MEET HER WEDNESDAY AT THE TRAIN STATION
german33.wav,PLEASE CALL STELLA ASK HER TO BRING THESE THINGS WITH HER FROM THE STORE SIX SPOONS OF FRESH SNOW PIECE FIVE THICK SLABS OF BLUE CHEESE AND MAYBE A SNAK FOR HER BROTHER BOB YOOLTON  SMALL PLASTIC SNAKE AND A BIG TOY FROG FOR THE KIDS SHE CAN SCOOP THESE THINGS INTO THREE RED BAGS AND WELL GO MEET HER WEDNESDAY AT THE TRAIN STATION
german34.wav,PLEASE CALL STELLA ASK HER TO BRING THESE THINGS WITH HER FROM THE STORE SIX SPOONS OF FRESH SNOW PEAS FIVE THICK SLAPS OF BLUE CHEESE AND MAYBE A SNAK FOR HER BROTHER BOB WE ALSO NEED A SMALL PLASTIC SNAKE AND A BIG TOY FROG FOR THE KIDS SHE CAN SCOOP THESE THINGS INTO THREE RED BAGS AND WE'LL LL GO MEET HER WEDNESDAY AT THE TRAIN STATION
german35.wav,PLEASE CALL STELLA ASK HER TO BRING THESE THINGS WITH HER FROM THE STORE SIX SPOONS OF FRESH SNOW PEAS FIVE THICK SLABS OF BLUE CHEESE AND MAYBE A SNACK FOR HER BROTHER BOB WE ALSO NEED A SMALL PLASTIC SNAKE AND A BIG TOY FROG FOR THE KIDS SHE CAN SCOOP THESE THINGS INTO THREE RED BAGS AND WE WILL GO MEET HER WEDNESDAY AT THE TRAIN STATION
german36.wav,PLEASE CALL STELLA ASK HER TO BRING THESE THINGS WITH HER FROM THE STORE SIX SPOONS OF FRESH SNOW PEACS FIVE THICK SLAPS OF BLUE CHEESE AND MAYBE A SNACK FOR HER BROTHER BOB WE ALSO NEED A SMALL PLASTIC SNAKE AND A BIG TOY FROK FOR THE KIDS SHE CAN SCOOP THESE THINGS INTO THREE RED BAGS AND WE'LL GO MEET HER WEDNESDAY AT THE TRAIN STATION
german4.wav,PLEASE CALL STELLA ASK HER TO BRING THESE THINGS WITH HER FROM THE STORE SIX SPOONS OF FRESH SNOW PEACE FIVE THICK SLAPS OF BLUE CHEESE AND MAYBE A SNACK FOR HER BROTHER POP WE ALSO NEED A SMALL PLASTIC SNEK AND A BIG TOY FROK FOR THE KIDS SHE CAN SCOOP THESE THINGS INTO THREE RED BAGS AND WE'LL GO MEET HER WEDNESDAY AT A TRAIN STATION
german5.wav,PLEASE CALL STELLA ASK HER TO BRING THESE THINGS WITH HER FROM THE STORE SIX SPOONS OF FRESH SNOW PEAS FIVE THICK SLABS OF BLUE CHEESE AND MAYBE A SNACK FOR HER BROTHER BOB WE ALSO NEED A SMALL PLASTIC SNAKE AND A BIG TOY FROG FOR THE KIDS SHE CAN SCOOP THESE THINGS INTO THREE RED BAGS AND WE WILL GO MEET HER WEDNESDAY AT THE TRAIN STATION
german6.wav,PLEASE CALL STELLA ASK HER TO BRING THESE THINGS WITH HER FROM THE STORE SIX SPOONS OF FRESH SNOW PEAS FIVE THICK SLABS OF BLUE CHEESE AND MAYBE A SNACK FOR HER BROTHER BOB WE ALSO NEED A SMALL PLASTIC SNAKE AND A BIG TOY FROG FOR THE KIDS SHE CAN SCOOP THESE THINGS INTO THREE RED BAGS AND WE WILL GO MEET HER WEDNESDAY AT THE TRAIN STATION
german7.wav,PLEASE CALL STELLA ASK HER TO BRING THESE THINGS WITH HER FROM THE STORE SIX SPOONS OF FRESH SNOW PEAS FIVE THICK SLABS OF BLUE CHEESE AND MAYBE A SNAKE FOR HER BROTHER BOB WE ALSO NEED A SMALL PLASTIC SNAKE AND A BIG TOY FROG FOR THE KIDS SHE CAN SCOOP THESE THINGS INTO THREE RED BAGS AND WE WILL GO MEET HER WEDNESDAY AT THE TRAIN STATION
german8.wav,PLEASE CALL STELLA ASK HER TO BRING THESE THINGS WITH HER FROM THE STORE SIX SPOONS OF FRESH SNOW PEESE FIVE THICK SLAPS OF BLUE CHEESE AND MAYBE A SNACK FOR A BROTHER BOB WE ALSO NEED A SMALL PLASTIC SNAKE ON A BIG TOY FROCK FOR THE KIDS SHE CAN SCOOP THESE THINGS INTO THREE RED BAGS AND WE WILL GO MEET HER WEDNESDAY AT THE TRAIN STATION
german9.wav,PLEASE CALL STELLA ASK HER TO BRING THESE THINGS WITH HER FROM THE STORE SIX SPOONS OF FRESH SNOW PEAS FIVE THICK SLAPS OF BLUE CHEESE AND MAYBE A SNAG FOR HER BROTHER BOP WE ALSO NEED A SMALL PLASTIC SNAKE IN A BIG TOY FROCK FOR THE KIDS SHE CAN SCOOP THESE THINGS INTO THREE RAD BAGS AND WE WILL GO MEET HER WEDNESDAY AT THE TRAIN STATION
greek1.wav,PLEASE CALL STELLA ASK HER TO BRING THESE THINGS WI A HER FROM WITH HER FROM THE STORE SIX SPOONS OF A FRESH SNOW PIEASE FIVE THICK SLABS OF A BLUE TEAS AND MAYBE A SNACK FOR HER HER BROTHER BOB WE ALSO NEED A SMALL PLASTIC SNAKE AND A BIG TOY FROG FOR THE KIDS SHE CAN SCOOP THESE THINGS INTO THREE RED BAGS AND WEWILLLL GO MEET HER WEDNESDAY AT THE TRAIN STATION
greek10.wav,PLEASE CALL STELLA AS HERE TO BRING THIS THING WITH HER FROM THE STORE SIX SPOONS OF FRESH SNOW BEANS FIVE TINGS SLAP OF BLUE CHEESE AND MAYBE A SNUG FOR HER BROTHER BOB WE ALSO NEED A SMALL PLASTER SNAK AND A BIG TOY FROCK FOR THE KIDS SHE CAN SCREW THIS THING INTO THREE RED BUGS AND WE'LL GO MEET HER WEDNESDAY ON THE TRAIN STATION
greek11.wav,PLEASE CALL STELLA ASK HER TO BRING THESE THINGS WITH HER FROM THE STORTE SIX SPOONS OF FRESH SNOW PEAS FIVE THICK SLABS OF BLUE CHEESE AND MAYBE A SNACK FOR HER BROTHER BOB WE ALSO NEED A SMALL PLASTIC SNAKE AND A BIG TOY FROG FOR THE KIDS SHE CAN SCOOP THESE THINGS INTO THREE RED BAGS AND WE WILL GO MEET HER WEDNESDAY AT THE TRAIN STATION
greek12.wav,PLEASE CALL STELLA ASK HER TO BRING THESE THINGS WITH HER FROM THE STORE SIX SPOONS OF FRESH SNOW PEAS FIVE THICK SLABS OF BLUE CHEESE AND MAYBE A SNACK FOR HER BROTHER BOB WE ALSO NEED A SMALL PLASTIC SNAKE AND A BIG TOY FROG FOR THE KIDS SHE CAN SCOOP THESE THINGS INTO THREE RED BAGS AND WE WILL GO MEET HER WEDNESDAY AT THE TRAIN STATION
greek13.wav,PLEASE CALL STELLA ASK HER TO BRING THESE THINGS WITH HER FROM THE STORE SIX SPOONFUS OF FRESH FRESH SNOW PEAS FIVE THICK STABS OF BLUE CHEESE AND MAYBE A SNACK FOR HER BROTHER BOB WE WE ALSO NEED A SMALL PLASTIC SNAKE AND A BIG TOY FROG FOR THE KIDS SHE CAN SCOOP THESE THINGS INTO THREE RED BAGS AND WE WILL GO MEET HER WEDNESDAY AT THE TRAIN STATION
greek14.wav,PLEASE CALL STELLA ASK HER TO BRING THESE THINGS WITH HER FROM THE STORE SIX SPOONS OF FRESH SNOW PEAS FIVE THICK SLABS OF BLUE CHEESE AND MAYBE A SNACK FOR HER BROTHER BOB WE ALSO NEED A SMALL PLASTIC SNAKE AND A BIG TOY FROG FOR THE KIDS SHE CAN SCOOP THESE THINGS INTO THREE RED BAGS AND WE WILL GO MEET HER WEDNESDAY AT THE TRAIN STATION
greek15.wav,PLEASE CALL STELLA ASK HER TO BRING THESE THINGS WITH HER WITH HER FROM THE STORE SIX SPOONS OF FRESH SNOW PEAS FIVE THICK SLABS OF BLUE CHEESE AND MAYBE A SNACK FOR HER BROTHER BOB WE ALSO NEED A SMALL PLASTIC SNAKE AND A BIG TOY FROK FOR THE KIDS SHE CAN SCOOP THESE THINGS INTO THREE RED BAGS AND WE WILL GO MEET HER WEDNESDAY AT THE TRAIN STATION
greek2.wav,PLEASE CALL STELLA ASK HER TO BRING THESE THINGS WITH HER FROM WITH HER FROM THE STORE SIX SPOONS OF FRESH SNOW PESE FIVE THICK SLABS OF BLUE CHEESE AND MAYBE A SNUG FOR HER BROTHER BOB BOB WE ALSO NEED A SMALL PLASTIC SNAKE AND A BIG TOY FROG FOR THE KIDS SHE CAN SCOOP THIS IF SHE CAN SCOOP THESE THINGS INTO THREE RED BAGS AND WE WILL GO MEET HER WEDNESDAY AT THE TRAIN STATION
greek3.wav,PLEASE CALL STELLA ASK HER TO BRING THESE THINGS WITH HER FROM THE STORE SIX SPOONS OF FRESH SNOW PEAS FIVE THICK SLAPS OF BLUE CHEESE AND MAYBE A SNAG FOR HER BROTHER BOB WE ALSO NEED A SMALL PLASTIC SNAKE A BIG TOY FROG AND FOR THE KIDS SHE CAN SCOOP THESE THINGS INTO THREE RED BAGS WE WILL GO MEET HER WEDNESDAY AT THE TRAIN STATION
greek4.wav,PLEASE CALL STELLA ASK HER TO BRING THESE THINGS WITH HER FROM THE STORE SIX SPOONS OF FRESH SNOW PEAS FIVE THICK SLABS OF BLUE CHEESE AND MAYBE A SNUCK FOR HER BROTHER BOB WE ALSO NEED A SMALL PLASTIC SNAKE AND A BIG TOY FROG FOR THE KIDS SHE CAN SCOOP THESE THINGS INTO THREE RED BAGS AND WE WILL GO MEET HER WEDNESDAY AT THE TRAIN STATION
greek5.wav,PLEASE CALL STELLA ASK HER TO BRING THESE THINGS WITH HER FROM THE STORE SIX SPOONS OF FRESH SNOW PEAS PEASE FIVE THICK SLAPS OF BLUE CHEESE AND MAYBE A SNACK OF HER BROTHER BAB WE ALSO NEED A SMALL PLACY SNAKE AND A BIG TOY FROCK FROM THE KIDS SHE CAN SCOOP THESE THINGS INTO THREE RED BACKS AND WEILL GO MEET HER WENESDAY AT THE TRAN STATION
greek6.wav,PLEASE CALL STELLA ASK HER TO BRING THESE THINGS WITH HER FROM THE STORE SIX SPOONS OF FRESH SNOW PEAS FIVE THICK SLUBS OF BLUE CHEESE AND MAYBE A SNACK FOR HER BROTHER BOB WE ALSO NEED A SMALL PLASTIC SNAKE AND A BIG TOY FROG FOR THE KIDS SHE CAN SCOOP THESE THINGS INTO THREE RED BAGS AND WE WILL GO MEET HER WEDNESDAY AT THE TRAIN STATION
greek7.wav,PLEASE CALL STELLA ASK YER TO BRING THESE THINGS WITH HER FROM THE STORE SIX SPOONS OF FRESH SNOW PEASE FIVE THICK SLABS OF BLUE CHEESE AND MAYBE A SNACK FOR HER BROTHER BOB YE ALSO NEED A SMALL PLASTIC SNAKE AND A BIG TOY FROG FOR THE KIDS SHE CAN SCOOP THESE THINGS INTO THREE RED BAGS AND WE WILL GO MEET YER WEDNESDAY AT THE TRAIN STATION
greek8.wav,PLEASE CALL STELLA ASK HER TO BRING THESE THINGS WITH HER FROM THE STORE SIX SPOONS OF FRESH SNOW PEAS FIVE THICK SLABS OF BLUE CHEESE AND MAYBE A SNACK FOR HER BROTHER BOB WE ALSO NEED A SMALL PLASTIC SNAKE AND A BIG TOY FROG FOR THE KIDS SHE CAN SCOOP THESE THINGS INTO THREE RED BAGS AND WE WILL GO MEET HER WEDNESDAY AT THE TRAIN STATION
greek9.wav,PLEASE CALL STELLA ASK HER TO BRING THESE THINGS WITH HER FROM THE STORE ON SIX SPOONS OF FRESH SNOW PEAS FIVE THICK SLABS OF BLUE CHEESE AND MAYBE A SNACK FOR HER BROTHER BOB WE ALSO NEED A SMALL PLASTIC SNAKE AND A BIG TOY FROG FOR THE KIDS SHE CAN SCOB THESE THINGS INTO THREE RED BAGS AND WE WILL GO MEET HER WEDNESDAY AT THE TRAIN STATION
gujarati1.wav,PLEASE CALL STELLA ASK HER TO BRING THESE THINGS WITH HER FROM THE STORE SIX SPOONS OF A FRESH SNOW PIECE FORI THINK LETS OF BLUCES AND MAYBE OF SNAKE FOR HER BROTHER BOB WE ALSO NEED A SMALL PLASTICA NECK AND A BIG TOY FROCK FOR THE KIDS SHE CAN SCOPE THESE THINGS INTO THREE RED BAGS AND WE WILL GO MEET HER VENISTAY AT THE TRAIN STATION
gujarati2.wav,PLEASE CALL STELLA ASK HER TO BRING THESE THINGS WITH HER FROM THE STORE SIX SPOONS OF FRESH SNOW PEASE FIVE THICK SLEPS OF BLUE CHEESE AND MAYBE A SNAKE FOR HER BROTHER BOB WE ALSO NEED A SMALL PLASTIC SNAKE AND A BIG TOY FROCK FOR THE KIDS SHE CAN SCOOP THESE THINGS INTO THREE RED BAGS AND WE WILL GO MEET HER VENIS DAY AT THE TRAIN STATION
gujarati3.wav,PLEASE CALL STELLA ASK HER TO BRING THESE THINGS WITH HER FROM THE STORE SIX SPOONFS OF FRESH SNOW PEAS FIVE THICK SLABS OF BLUE CHEESE AND MAYBE A SNACK FOR HER BROTHER BOB WE ALSO NEED A SMALL PLASTIC SNAKE AND A BIG TOY FROG FOR THE KIDS SHE CAN SCOOP THESE THINGS INTO THREE RED BAGS AND WE WILL GO MEET HER WEDNESDAY AT THE TRAIN STATION
gujarati4.wav,PLEASE CALL STILLA ASK HER TO BRING THESE THINGS WITH HER FROM THE STORE SIX SPOONS OF FRESH SNOW FIST FIVE THICK SLIPS OF BLUE CHEESE AND MAYBE SNAKE FOR HER BROTHER BOB WE ALSO NEED A SMALL PLASTIC SNAKE AND A BIG TOY FROG FOR THE KISE SE CAN SCOOP THESE TINGS INTO THREE REDLA BAGS AND WE WILL GO MET HER WEDNESDAY AT THE TRAIN STATION
gujarati5.wav,PLEASE CALL STELLA ASK HER TO BRING THESE THINGS WITH HER FROM THE STORE SIX SPOONS OF FRESH SNOW PEAS FIVE THICK SLABS OF BLUE CHEESE AND MAYBE A SNACK FOR HER BROTHER BOB WE ALSO NEED A SMALL PLASTIC SNAKE AND A BIG TOY FROK FOR THE KIDS SHE CAN SCOOP THESE THINGS INTO THREE RED BAGS AND WE WILL GO MEET HER WEDNESDAY AT THE TRAIN STATION
gujarati6.wav,PLEASE CALL STELLA ASK HER TO BRING THIS THING WITH HER FROM THE STORE SIX SPOON OF FRESH SNOW PEAS FIE THIG A FITICK SLAB OF BLUE CHEESE AND MAYBE A SNACK FOR HER BROTHER BOB WE ALSO NEED A SMALL PLASTIC SNACK AND A BIG TOY FROG FOR THE KIDS SHE CAN SCOOP THIS THING INTO THREE RED BAGS AND WE WILL GO MEET HER VANUSDAY AT THE TRAIN STATION
gujarati7.wav,PLEASE CALL STELLA ASK HER TO BRING THESE THINGS WITH HER FROM THE STORE SIX SPOONS OF FRESH SNOW PEAS FIVE THICK SLABS OF BLUE CHEESE AND MAYBE A SNACK FOR HER BROTHER BOB WE ALSO NEED A SMALL PLASTIC SNAKE AND A BIG TOY FROG FOR THE KIDS SHE CAN SCOOP THESE THINGS INTO THREE RED BAGS AND WE WILL GO MEET HER WEDNES DAY AT THE TRAIN STATION
gujarati8.wav,PLEASE CALL STELLA ASK HER TO BRING THESE THINGS WITH HER FROM THE STORE SIX SPOONS OF FRESH SNOW PEAS FIVE THICK SLABS OF BLUE CHEESE AND MAYBE A SNACK FOR HER BROTHER BOB WE ALSO NEED A SMALL PLASTIC SNAPE AND A BIG TOY FROG FOR THE KIDS SHE CAN SCOOP THESE THINGS INTO THREE RED BAGS AND WE WILL GO MEET HER WEDNESDAY AT THE TRAIN STATION
gujarati9.wav,PLEASE CALL STELLA ASK HER TO BRING THIS THINGS WITH HER FROM THE STORE SIX SPOONS OF RA SNOW PIECE FIVE THICK SLABS OF BLUE CHEESE AND MAYBE A SNAKE FOR HER BROTHER POB WE ALSO NEED A SMALL PLASTIC SNAKE AND A BIG TOY FROG FOR THE KIDS SHE CAN SCOOP THIS THING INTO THREE RED BAGS AND WE WILL AND WILL WILL GO MEET HER WHEN IS TEAD AT WIN STATION
gusii1.wav,PLEASE GO TO STELLA ASK HER TO BRING THESE THINGS WITH HER FROM THE STORE SIX SPOONS OF FRESH SNOW PEAS FIVE THICK SLAPS OF BLUE CHEESE AND MAYBE A SNAK FOR HER BROTHER BOB WE SO NEED A SMALL PLASTIC SNAKE AND A BIG TOY FROG FOR THE KIDS SHE CAN SCOOP THESE THINGS INTO THREE RED BAGS AND WE WILL GO MEET HER WEDNESDAY AT THE TRAIN STATION
gusii2.wav,PLEASE CALL STELLA ASK HER TO BRING THESE THINGS WITH HER FROM THE STORE SIX SPOONS OF FRESH SNOW PEAS FIVE THICK SLABS OF BLUE CHEESE ANE MAYBE A SNACK FOR HER BROTHER BOB WE ALSO NEED A SMALL PLASTIC SNAKE AND A BIG TOY FROG FOR THE KIDS SHE CAN SCOOP THESE THINGS INTO THREE RED BAGS AND WE WILL GO MEET HER WEDNESDAY AT THE TRAIN STATION
hadiyya1.wav,PLEASE CALL STELLA ASK HER TO BRING THESE THINGS WITH HER FROM THE STORE SIX SPOONS OF FRESH SNOW PEAS FIVE THICK SLABS OF BLUE CHEESE AND MAYBE A SNUG FOR HER BROTHER BOB WE ALSO NEED A SMALL PLASTIC SNAKE AND A BIG TOY FROG FOR THE KIDS SHE CAN SNOOP SHE CAN SCOOP THESE THINGS INTO THREE RED BAGS AND WE WILL GO MEET HER WEDNESDAY AT THE TRAIN STATION
hadiyya2.wav,PLEASE CALL STAL ASK HER TO BRING THESE THINGS WITH HER FROM THE STORE SIX PONS OF FRESH SNOW PIECE FIVE FIVE THICK SLABS OF BLUE CHEESE AND MAYBE A SNACK FOR HER BROTHER BOBY WE ALSO NEED A SMALL PLASTIC SNACK AND A BIG TALL FROG FROM THE KIS SHE CAN SCOP THESE THINGS INTO THREE RED BAGIES AND WE WILL GO MEET HER NIS DAY AT THE TRAIN STATION
hainanese1.wav,PLEASE CALL STELLA ASK HER TO BRING THIS THING WITH HER FROM THE STORE SIX SPOONS OF FRESH SNOW PEAS FIVE THICK SLAPS OF BLUE CHEESE AND MAYBE A SNACK FOR HER BROTHER BOB WE ALSO NEED A SMALL PLASTIC SNACK AND A BIG TOY FROCK FOR THE CIDS SHE CAN SCROP THESE THINGS INTO THREE RATE BAGS AND WE WILL GO MEET HER WEDNESDAY AT THE TRAIN STATION
hakka1.wav,PLES CO TERE ASK HER TO BRING THESE THINGS WITH HER FROM THE STORE SIXPENCE OF THE FRESH SNOW PEESE WI STICK SLAB OF THE BUOCHES AND MAYBE A SNACK OR HER BROTHER BAR WE WASSONEED A SMALL PATIC SNAKE AND A BIG TOY FROCK FOR THE KIDS SHE CAN SCOOL THIS THING INTO THREE RBE AND WE WILL GO MEET HER WENESDAY AT THE TRAIN STATION
hausa1.wav,PLEASE CALL STELLA ASK HER TO BRING THESE THINGS WITH HER FROM THE STORE SIX SPOONS OF FRESH SNOW PEAS FIVE THICK SLABS OF BLUE CHEESE AND MAYBE A SNACK FOR HER BROTHER BOB WE ALSO NEED A SMALL PLASTIC SNAKE AND A BIG TOY FROG FOR THE KIDS SHE CAN SCOOP THESE THINGS INTO THREE RED BAGS AND WE WILL GO TO MEET HER WE'LL GO MEET HER WENSDAY AT THE TRAIN STATION
hausa2.wav,PLEASE CALL STELLA ASK HER TO BRING THESE THINGS WITH HER FROM THE STORE SIX SPOONS OF FRESH SNOW PEAS FIVE THICK SLABS OF BLUE CHEESE AND MAYBE A SNACK FOR HER BROTHER BOB WE ALSO NEED A SMALL PLASTIC SNAKE AND A BIG TOIL FROG FOR THE KIDS SHE CAN SCOOP THESE THINGS INTO THREE RED BAGS AND WE WILL GO MEET HER WEDNESDAY AT THE TRAIN STATION
hausa3.wav,PLEASE CALL STELLA ASK HER TO BRING THESE THINGS WITH HER FROM THE STORE SIX POUNDS OF FRESH SNOW PEAS FIVE THICK SLAPS OF BLUE CHEESE AND MAYBE A SNUG FOR HER BROTHER BOB WE ALSO NEED A SMALL PLASTIC NECK AND A BIG TOY FROK FOR THE KIDS SHE CAN SCOOP THESE THINGS INTO THREE RED BAGS AND WE WILL GO GET AND WEWILL GO MEET HER WEDNESDAY AT THE TRAIN STATION
hausa4.wav,PLEASE CALL SETELLA ASK HER TO BRING THESE THINGS WITH HER FROM THE STOW SIX SPOONS OF FRESH SNOW FEESE FIVE SIX LAPS OF BLUE CHEESE AND MAYBE A SMACK FOR HER BROTHER BOB WE ALSO NEED A SMALL PLASTIC SNAKE AND A BIG TOY FROG FOR THE KIDS HE CAN SCOOP THESE THINGS INTO THREE RED BACKS AND WILL GO MEET AANESDE AT THE TRAIN STATION
hausa5.wav,PLEASE CALL STELLA ASK HER TO BRING THESE THINGS WITH HER FROM THE STORE SIX SPOONS OF FRESH SNOW PEAS FIVE THICK SLABS OF BLUE CHEESE AND MAYBE A SNAP FOR HER BROTHER BOB WE ALSO NEED A SMALL PLASTIC SNAKE AND A BIG TOYFROW FOR THE KIDS SHE CAN SCOOP THESE THINGS INTO THREE RED BAGS AND WE WILL GO MEET HER WEDNESDAY AT THE TRAIN STATION
hausa6.wav,PLEASE CALL STELLA ASK HER TO BRING THESE THINGS WE HAVE FROM THE STORE SIX SPOONS OF FRESH SNOW PEAS FIVE THICK SLABS OF BLUE CHEESE AND MAYBE A SNACK OF MAYBE A SNACK FOR HER BROTHER BOB WE ALSO NEED A SMALL PLASTIC SNAKE AND A BIG TOY FROG FOR THE KIDS SHE CAN SCOOP THESE THINGS INTO THREE RED BAGS AND WE WILL GO MEET HER WEDNESDAY AT THE TRAIN STATION
hausa7.wav,PLEASE COL TAILOR ASK HER TO BRING THE THINGS WITH HER FROM THE ER STOOL SIX SPOONS OF FRESH SNOW PEAS FIVE THICK SLAPS OF BLUE CHEESE AND MAYBE A SNAP FOR HER BROTHER BURD WE ALSO NEED A SMALL PLASTIC SNAKE AND A BIG TOY FROCK FOR THE KIDS SHE CAN SCOP THE THINGS INTO THREE RED BAGS AND WE WILL  MEET HER WEDNESDAY AT THE TRANT STATION
hausa8.wav,PLEASE CALL STELLA ASK HER TO BRING THESE THINGS WITH HER FROM THE STORE SIX SPOONS OF FRESH SNOW PEAS FIVE THICK SLABS OF BLUE CHEESE AND MAYBE A SNAK OF HER SNACK FOR HER BROTHER BOB WE ALSO NEED A SMALL PLASTIC SNAKE AND A BIG TOY FROG FOR THE KIDS SHE CAN SCOOP THESE THINGS INTO THREE RED BAGS AND WE WILL GO MEET HER WENSDAY AT THE TRAIN STATION
hausa9.wav,PLEASE CALL STELLA ASK HER TO BRING THESE THINGS WITH HER FROM THE STORE SIX SPOONFUS OF FRESH SNOW PEAS FIVE THICK SLABS OF BLUE CHEESE AND MAYBE A SNAG FOR HER BROTHER BOB WE ALSO NEED A SMALL PLASTIC SNAKE AND A BIG TOY FROG FOR THE KIDS SHE CAN SCOOP THESE THINGS INTO THREE RED BAGS AND WILL GO MEET HER WEDNESDAY AT THE TRAIN STATION
hebrew1.wav,PLEASE CALL STELLA ASK HER TO BRING THESE THINGS WITH HER FROM THE STORE SIX SPOONS OF FE SNOW PIECE FIVE THICK SLEBS OF BLUE CHEESE AND MAYBE A SNAKE FOR A BROTHER BOB WE ALSO NEED A SMALL PLASTIC SNAKE AND A BIG TOY FROG FOR THE KIDS SHE CAN SCOOP THESE THINGS INTO THREE AND RED BAGS AND WE WILL GO MEET HER WEDNESDAY AT THE TRAIN STATION
hebrew2.wav,PLEASE CALL STELLA ASK HER TO BRING THESE THINGS WITH HER FROM THE STORE SIX SPOONS OF FRESH SNOW PEAS FIVE THICK SLABS OF BLUE CHEESE AND MAYBE A SNACK FOR BROTHER BOB WE ALSO NEED A SMALL PLASTIC SNAKE AND A BIG TOY FROG FOR THE KIDS SHE CAN SCOOP THESE THINGS INTO THREE RED BAGS AND WE WILL GO MEET HER WEDNESDAY AT THE TRAIN STATION
hebrew3.wav,PLEASE CALL STELLA ASK HER TO BRING THESE THINGS WITH HER FROM THE STORE SIX SPOONS OF FRESH SNOW PEAS FIVE TICKS FIVE THICK SLABS OF BLUE CHEESE AND MAYBE A SNUCK FOR HER BROTHER BOB WE ALSO NEED A SMALL PLASTIC SNIKE AND A BIG TOY FROG FOR THE KIDS SHE CAN SCOOP THESE THINGS INTO THREE RED BAGS AND WE WILL GO MEET HER WEDNESDAY AT THE TRAIN STATION
hebrew4.wav,PLEASE CALL STELLA ASK HER TO BRING THESE THINGS WITH HER FROM THE STORE SIX SPOONS OF FRESH SNOW PEAS FIVE THICK SLABS OF BLUE CHEESE IT MAY BE A SNACK FOR HER BROTHER BOB WE ALSO NEED A SMALL PLASTIC SNAKE AND A BIG TOY FROG FOR THE KIDS SHE CAN SCOOP THESE THINGS INTO THREE RED BAGS AND WE WILL GO MEET HER WEDNESDAY AT THE TRAIN STATION
hebrew5.wav,PLEASE CALL STELLA ASK HER TO BRING THESE THINGS WITH HER FROM THE STORE SIX SPOONS OF FRESH SNOW PEAS FIVE THICK SLABS OF BLUE CHEESE AND MAYBE A SNACK FOR HER BROTHER BOB WE ALSO NEED A SMALL PLASTIC SNAKE AND A BIG TOY FROG FOR THE KIDS SHE CAN SCOOP THESE THINGS INTO THREE RED BAGS AND WE WILL GO MEET HER WEDNESDAY AT THE TRAIN STATION
hebrew6.wav,PLEASE CALL STELLA ASK HER TO BRING THESE THINGS WITH HER FROM THE STORE SIX SPOONS OF FRESH SNOW PEAS FIVE THICK SLABS OF BLUE CHEESE AND MAYBE A SNACK FOR A BROTHER BOB WE ALSO NEED A SMALL PLASTIC SNAKE AND A BIG TOY FROG FOR THE KIDS SHE CAN SCROOP THESE THINGS INTO THREE RED BAGS AND WE WILL GO MEET HER WEDNESDAY AT THE TRAIN STATION
hebrew7.wav,PLEASE CALL STELLA ASK HER TO BRING THESE THINGS WITH HER FROM THE STORE SIX SPOONS OF FRESH SNOW PEAS FIVE THICK SLABS OF BLUE CHEESE AND MAYBE A SNACK FOR HER BROTHER BOB WE ALSO NEED A SMALL PLASTIC SNAKE AND A BIG TOY FROG FOR THE KIDS SHE CAN SCOOP THESE THINGS INTO THREE RED BAGS AND WE WILL GO MEET HER WEDNESDAY AT THE TRAIN STATION
hebrew8.wav,PLEASE CALL STELLA ASK HER TO BRING THESE THINGS WITH HER FROM THE STOVE SIX SPOONS OF FRESH SNOW PEAS FIVE THICK SLABS OF BLUE CHEESE AND MAYBE A SNACK FOR HER BROTHER BOB WE ALSO NEED A SMALL PLASTIC SNAKE AND A BIG TOY FROG FOR THE KIDS SHE CAN SCOOP THESE THINGS INTO THREE RED BAGS AND WE WILL GO MEET HER WEDNESDAY AT THE TRAIN STATION
hebrew9.wav,PLEASE CALL STELLA ASK HER TO BRING THESE THINGS WITH HER FROM THE STORE SIX SPOONS OF FRESH SNOW PEAS FIVE THICK SLABS OF BLUE CHEESE AND MAYBE A SNACK FOR HER BROTHER BOB WE ALSO NEED A SMALL PLASTIC SNAKE AND A BIG TOY FROG FOR THE KIDS SHE CAN SCOOP THESE THINGS INTO THREE RED BAGS AND WE WILL GO MEET HER WEDNESDAY AT THE TRAIN STATION
hindi1.wav,PLEASE CALL STELLA ASK HER TO BRING THESE THINGS WITH HER FROM THE STORE SIX SPOONS OF FRESH SNOW PEAS FIVE THICK SLAPS OF BLUE CHEESE AND MAYBE A SNACK OF SNACK FOR HER BROTHER BOB WE ALSO NEED A SMALL PLASTIC SNAKE AND A BIG TOY FROCK FOR THE KIDS SHE CAN SCOOP THESE THINGS INTO THREE RED BAGS AND WE WILL GO MEET HER WEDNESDAY AT THE TRAIN STATION
hindi10.wav,PLEASE CALL STELLA ASK HER TO BRING THESE THINGS FROM HER WITH HER FROM THE STORE SIX SPOONS OF FRESH SNOW PEAS FIVE THICK SLABS OF BLUE CHEESE AND MAYBE A SNACK FOR HER BROTHER BOB WE ALSO NEED A SMALL PLASTIC SNAKE AND A BIG TOY FROG FOR THE KIDS SHE CAN SCOOP THESE THINGS INTO THREE RED BAGS AND WE WILL GO MEET HER WEDNESDAY AT THE TRAIN STATION
hindi11.wav,PLEASE CALL STELLA ASK HER TO BRING THESE THINGS WITH HER FROM THE STORE SIX SPOONS OF FRESH SNOW PEAS FIVE THICK SLABS OF BLUE CHEESE AND MAYBE A SNACK FOR HER BROTHER BOB WE ALSO NEED A SMALL PLASTIC SNAKE AND A BIG TOY FROG FOR THE KIDS SHE CAN SCOOP THESE THINGS INTO THREE RED BAGS AND WE WILL GO MEET HER WEDNESDAY AT THE STRANE STATION
hindi12.wav,PLEASE CALL STELLA ASK HER TO BRING THESE THINGS WITH HER FROM THE STORE SIX SPOONS OF FRESH SNOW PEAS FIVE THICK SLABS OF BLUE CHEESE AND MAYBE A SNAP FOR HER BROTHER BOB WE ALSO NEED A SMALL PLASTIC SNAKE AND A BIG TOY FROK FOR THE KIDS SHE CAN PUT THESE THINGS INTO THREE RED BAGS AND WE WILL GO MEET HER WEDNESDAY AT THE TRAIN STATION
hindi13.wav,PLEASE CALL STELLA ASK HER TO BRING THESE THINGS WITH HER FROM THE STOVE SIX SPOONS OF FRESH SNOW PEAS FIVE THICK SLABS OF BLUE CHEESE AND MAYBE A SNACK FOR HER BROTHER BOB WE ALSO NEED A SMALL PLASTIC SNAKE AND A BIG FOI FROG FOR THE KID SE CAN SWOOP THESE THINGS INTO THREE RED BAGS AND WE WILL GO MEET HER WEN AS DAY AT THE TRAIN STATION
hindi14.wav,PLEASE CALL STELLA ASK HER TO BRING THESE THINGS WITH HER FROM THE STORE SIX SPOONS OF FRESH SNOW PEAS FIVE THICK STABS OF BLUE CHEESE AND MAYBE A SNACK FOR HER BROTHER BOB WE ALSO NEED A SMALL PLASTIC SNAKE AND A BIG TOY FROG FOR THE KIDS SHE CAN SCOOP THESE THINGS INTO THREE RED BAGS AND WE WILL GO MEET HER WEDNES DAY AT THE TRAIN STATION
hindi15.wav,PLEASE CALL STELLA ASK HER TO BRING THESE THINGS WITH HER FROM THE STORE SIX SPOONS OF FRESH SNOW PEAS FIVE THICK SLABS OF BLUE CHEESE AND MAYBE A SNACK FOR HER BROTHER BOB WE ALSO NEED A SMALL PLASTIC SNAKE AND A BIG TOY FROCK FOR THE KIDS SHE CAN SCOOP THESE THINGS INTO THREE RED BAGS AND WE WILL GO MEET HER WEDNESDAY AT THE TRAIN STATION
hindi16.wav,PLEASE CALL STELLA ASK HER TO BRING THESE THINGS WITH HER FROM THE STORE SIX SPOONS OF FRESH SNOW PEAS FIVE THICK SLABS OF BLUE CHEESE AND MAYBE A SMACK FOR HER BROTHER BOB WE ALSO NEED A SMALL PLASTIC SNAKE AND A BIG TOY FROG FOR THE KIDS SHE CAN SCOOP THESE THINGS INTO THREE RED BAGS AND WE WILL GO MEET HER WETNESS DAY AT THE TRAIN STATION
hindi17.wav,PLEASE CALL STELLA ASK HER TO BRING THESE THINGS WITH HER FROM THE STORE SIX SPOONS OF FRESH SNOW PEAS FIVE THICK SLABS OF BLUE CHEESE AND MAYBE A SNACK FOR HER BROTHER BOB WE ALSO NEED A SMALL PLASTIC SNAKE AND A BIG TOY FROG FOR THE KIDS SHE CAN SCOOP THESE THINGS INTO THREE RED BAGS AND WE WILL GO MEET HER WEDNESDAY AT THE TRAIN STATION
hindi18.wav,PLEASE CALL STELLA ASK HER TO BRING THESE THINGS WITH HER FROM THE STORE SIX SPOONS OF FRESH SNOW PEAS FIVE THICK SLABS OF BLUE CHEESE AND MAYBE A SNACK FOR HER BROTHER BOB WE ALSO NEED A SMALL PLASTIC SNAKE AND A BIG TOY FROK FITH THE KIDS SHE CAN SCOOP THESE THINGS INTO THREE RED BAGS AND WE WILL GO MEET HER WEDNESDAY AT THE TRAIN STATION
hindi2.wav,PLEASE CALL STELLA ASK HER TO BRING THESE THINGS WITH HER FROM THE STORM SIX SPOONFS OF FRESH SNOW PIES FIVE THICK SLABS OF BLUE CHEESE AND MAYBE A SNACK FOR HER BROTHER BOB WE ALSO NEED A SMALL PLASTIC SNAKE AND A BIG TOY FROG FOR THE KIDS SHE CAN SCOOP THESE THINGS INTO THREE RED BAGS AND WE'LL GO MAN HER WEDNESDAY AT THE TRAIN STATION
hindi3.wav,PLEASE CALL STELLA ASK HER TO BRING THESE THINGS WITH HER FROM THE STORE SIX SPOONS OF FRESH SNOW PEAS FIVE THICK SLABS OF BLUE CHEESE AND MAYBE A SNACK FOR HER BROTHER BOB WE ALSO NEED A SMALL PLASTIC SNAKE AND A BIG TOY FROG FOR THE KIDS SHE CAN SCOOP THESE THINGS INTO THREE RED BAGS AND WE WILL GO MEET HER WEDNESDAY AFTE AT THE TRAIN STATION
hindi4.wav,PLEASE CALL STELLA ASK HER TO BRING THESE THINGS WITH HER FROM THE STORE SIX SPOONS OF FRESH SNOW PEAS FIVE THICK SLABS OF BLUE CHEESE AND MAYBE A SNACK FOR HER BROTHER BOB WE ALSO NEED A SMALL PLASTIC SNAKE AND A BIG TOY FROG FOR THE KIDS SHE CAN SCOOP THESE THINGS INTO THREE RED BAGS AND WE WILL GO MEET HER WEDNESS DAY AT THE TRAIN STATION
hindi5.wav,PLEASE CALL STELLA ASK HER TO BRING THESE THINGS WITH HER FROM THE STORE SIX SPOONS OF FRESH SNOW PEAS FIVE THICK SLABS OF BLUE CHEESE AND MAYBE A SNACK FOR HER BROTHER BOB WE ALSO NEED A SMALL PLASTIC SNAKE AND A BIG TOY FROG FOR THE KIDS SHE CAN SCOOP THESE THINGS INTO THREE RED BAGS AND WE WILL GO MEET HER WEDNESDAY AT THE TRAIN STATION
hindi6.wav,PLEASE CALL STELLA ASK HER TO BRING THESE THINGS WITH HER FROM THE STORE SIX SPOONS OF FRESH SNOW PEAS FIVE THICK SLABS OF BLUE CHEESE AND MAYBE A SNACK FOR HER BROTHER BOB WE ALSO NEED A SMALL PLASTIC SNAKE AND A BIG TOY FROG FOR THE KIDS SHE CAN SCOOP THESE THINGS INTO THREE RED BAGS AND WE WILL GO MEET HER WEDNESDAY AT THE TRAIN STATION
hindi7.wav,PLEASE CALL STELLA ASK HER TO BRING THESE THINGS WITH HER FROM THE STORE SIX SPOONS OF FRESH SNOW PEAS FIVE THICK SLABS OF BLUE CHEESE AND MAYBE A SNET FOR HER BROTHER BOB WE ALSO NEED A SMALL PLASTIC SNAKE AND A BIG TOY FROG FOR THE KIDS SHE CAN SCOOP THESE THINGS INTO THREE RED BAGS AND WE WILL GO MEET HER WEDNESDAY AT THE TRAIN STATION
hindi8.wav,PLEASE CALL STELLA ASK HER TO BRING THESE THINGS WITH HER FROM THE STORE SIX SPOONFS OF FRESH SNOW PEAS FIVE THICK SLABS OF BLUE CHEESE AND MAYBE A SNACK FOR HER BROTHER BOB WE ALSO NEED A SMALL PLASTIC SNAKE AND A BIG TOIL FROG FOR THE KIDS SHE CAN SCHOOP THESE THINGS INTO THREE RED BAGS AND WE WILL GO MEET HER WEDNESDAY AT THE TRAIN STATION
hindi9.wav,PLEASE CALL STELLA ASK HER TO BRING THESE THINGS WITH HER FROM THE STORE SIX SPOONS OF FRESH SNOW PEAS FIVE THICK SLAPS OF BLUE CHEESE AND MAYBE A SNACK FOR HER BROTHER BOB WE ALSO NEED A SMALL PLASTIC SNAKE AND A BIG TOY FROG FOR THE KIDS SHE CAN SCOOP THESE THINGS INTO THREE RED BAGS AND WE WILL GO MEET HER WEDNESDAY AT THE TRAIN STATION
hindko1.wav,PLEASE CALL STELLA ASK HER TO BRING THESE THINGS WITH HER FROM THE STORE SIX SPOONFULS OF FRESH SNOW PEAS FIVE THICK SLABS OF BLUE CHEESE AND MAYBE A SNACK FOR HER BROTHER BOB WE ALSO NEED A SMALL PLASTIC SNAKE AND A BIG TOY FROG FOR THE KIDS SHE CAN SCOOP THESE THINGS INTO THREE RED BAGS AND WE WILL GO MEET HER WENNE WEDNESDAY AT THE TRANG STATION
hmong1.wav,PLEASE CALL STELLA ASK HER TO BRING THESE THINGS WITH HER FROM THE STORE SIX SPOONS OF FRESH SNOW PEAS FIVE THICK SLABS OF BLUE CHEESE AND MAYBE A SMACK OF HER BROTHER BOB WE ALSO NEED A SMALL PLASTIC SNAKE AND A BIG TOY FROG FOR THE KIDS SHE CAN SCOOP THESE THINGS INTO THREE RED BEGS AND WE WILL GO MEET HER WEDNESDAY AT THE TRAIN STATION
hmong2.wav,PLEASE CALL STELLA ASK HER TO BRING THESE THINGS WITH HER FROM THE STORE SIX SPOONS OF FRESHSPOON SNOW PEAS FIVE THICK SLABS OF BLUE CHEESE AND MAYBE A SNACK FOR HER BROTHER BOB WE ALSO NEED A SMALL PLASTIC SNAKE AND A BIG TOY FROG FOR HER KIDS SHE CAN SCOOP THESE THINGS INTO THREE RED BAGS AND WE WILL GO MEET HER WEDNESDAY AT THE TRAIN STATION
hungarian1.wav,PLEASE CO STELLA ASK HER TO BRING THESE THINGS WITH HER FROM THE STORE SIX SPOONS OF FRESH SNOW PEAS FIVE THICK SLAPS OF BLUE CHEESE AND MAYBE A SNACK FOR HER BROTHER BOB WE ALSO NEED A SMART PLASTIC SNAKE AND A BIG TOY FROG FOR THE KIDS SHE CAN SCOOP THESE THINGS INTO THE THREE RED BAGS AND WE WILL GO MEET HER WEDNESDAY AT THE TRAIN STATION
hungarian2.wav,PLEASE CALL STELLA ASK HER TO BRING THESE THINGS WITH HER FROM THE STORE SIX POUNDS OF FRESH SNOW PIETS FIVE THICK SLAPS OF BLUE CHEESE AND MAYBE A SNUG FOR HER BROTHER BOB WE ALSO NEED A SMALL PLASTIC SNAKE AND A BIG TOY FROK FOR THE KIDS SHE CAN SCOOP THESE THINGS INTO THREE RED BAGS AND WE WILL GO MEET HER ENESDAY AT THE TRAIN STATION
hungarian3.wav,PLEASE CALL STELLA ASK HER TO BRING THESE THINGS WITH HER FROM THE STORE SIX SPOONS OF FRESH SNOW PEAS FIVE THICK SLABS OF BLUE CHEESE AND MAYBE A SNACK FOR HER BROTHER BOB WE ALSO NEED A SMALL PLASTIC SNAKE AND A BIG TOY FROG FOR THE KIDS SHE CAN SCOOP THESE THINGS INTO THREE RED BAGS AND WE WILL GO MEET HER WEDNESDAY AT THE TRAIN STATION
hungarian4.wav,PLEASE CALL STELLA ASK HER TO BRING THESE THINGS WITH HER FROM THE STORE SIX SPOONS OF FRESH SNOW PEAS FIVE THICK SLABS OF BLUE CHEESE AND MAYBE A SNACK FOR HER BROTHER BOB WE ALSO NEED A SMALL PLASTIC SNAKE AND A BIG TOY FROCK FOR THE KIDS SHE CAN SCOOP THESE THINGS INTO THREE RED BAGS AND WE WILL GO MEET HER WEDNESDAY AT THE TRAIN STATION
hungarian5.wav,PLEASE CALL STELLA ASK HER TO BRING THESE THINGS WITH HER FROM THE STORE SIX SPOONS OF RES SNOW PEAS FIVE THICK SLAPS OF BLUE CHEES AND MAYBE A SNACK FOR HER BROTHER BOB WE ALSO NEED A SMALL PLASTIC SNAKE AND A BIG TOY FROG FOR THE KITS SHE CAN SCOOP THESE THINGS INTO THREE RED BAGS AND WE WILL GO MEET HER WEDNESDAY AT THE TRAIN STATION
hungarian6.wav,PLEASE CALL STELLA ASK HER TO BRING THESE THINGS WITH HER FROM THE STORE SIX SPOONS OF FRESH SNOW PEAS FIVE THICK SLABS OF BLUE CHEESE AND MAYBE A SNUCK FOR HER BROTHER BOB WE ALSO NEED A SMALL PLASTIC SNAKE AND A BIG TOY FROG FOR THE KIDS SHE CAN SCOOP THESE THINGS INTO THREE RED BAGS AND WE WILL GO MEET HER WEDNESDAY AT THE TRAIN STATION
hungarian7.wav,PLEASE CALL STELLA ASK HER TO BRING THESE THINGS WITH HER FROM THE STORE SIX SPOONS OF FRESH SNOW PEAS FIVE THICK SLABS OF BLUE CHEESE AND MAYBE A SNACK FOR HER BROTHER BOB WE ALSO NEED A SMALL PLASTIC SNAKE AND A BIG TOY FROG FOR THE KIDS SHE CAN SCOOP THESE THINGS INTO THREE RED BAGS AND WE WILL GO MEET HER WEDNESDAY AT THE TRAIN STATION
hungarian8.wav,SCOLSTELLA ASK HER TO BRING T TINKS WITER FROM DESTOR SIX SPOONS OF FRESH SMOPIS FIVE TIK SLAPS OF BRUSES AND MABE E SNAK FO HER BRADE O WE ALSO NI E SMALL PLASTIX SNAK AND EBE TO FRO FOR I TIS SHE CAN SCOP TI TINK INTO TRE RED BEX AND WE WILL GO M HERREN WEN T OT THE TRI STATION EO I AM MISSUS ISANEONDE VERNC AND I AM ETY SIX I OLD I LIVE IN SOMBAT HUNGARY I AM LERING ENGLIS SIX T TRENTE MINUTS HAVE ANICE DI EVERYONE NAT D
hungarian9.wav,PLEASE CALL STELLA ASK HER TO BRING THESE THINGS WITH HER FROM THE STORE SIX SPOONS OF FRESH SNOW PEES FIVE THICK SLABS OF BLUE CHEESE AND MAYBE A SNACK FOR HER BROTHER BOB WE ALSO NEED A SMALL PLASTIC SNAKE AND A BIG TOY FROCK FOR THE KIDS SHE CAN SCOOP THESE THINGS INTO THREE RED BAGS AND WE WILL GO MEET HER WEDNESDAY AT THE TRAIN STATION
ibibio1.wav,PLEASE CALL TAYLER ASK HER TO BRING THESE THINGS WIT HER FROM THE STORE SIX SPOONS OF FRASH SNOW PEAS FIVE THICK SLAPS OF BLUE CHEESE AND MAYBE A SNAP FOR HER BROTHER BOB WE ALSO NEED A SMALL PLASTIC SNAK AND A BIG TOY FROG FOR THE KIDS SHE CAN SCOOP THESE THINGS INTO THREE RED BAGS AND WE WILL GO MEET HER WHENEVER AT THE TRAIN STATION
ibibio2.wav,PLEASE CALL STELLER ASK HER TO BRING THESE THINGS WITH HER FROM THE STORE SIX SPOONS OF FRESH SNOW PEASE FIVE THICK SLAPS OF BLUE CHEESE AND MAYBE A SNACK FOR HER BROTHER BOB WE ALSO NEED A SMALL PLASTIC SNAKE AND A BIG TOY FROG FOR THE KIDS SHE CAN SCOOP THESE THINGS INTO THREE RED BAGS AND WE WILL GO MEET HER WEDNESDAY AT THE TRAIN STATION
ibibio3.wav,PLEASE CALL STELLE ARKS HER TO BRING THESE THINGS TO HER FROM THE STORME SIX SPOONS OF FRESH SNOW PEAS FIVE THICK SLAPS OF BLUE CHEESE AND MAYBE A SNACK FOR HER BROTHER BOB WE ALSO NEED A SMALL PLASTIC SNAKE AND A BIG TOY FROCK FOR THE KIDS SHE CAN SCOOP THESE THINGS INTO THREE RED BAGS AND WE'LL GO MEET HER WEN WENESDAY AT THE TRAIN STATION
icelandic1.wav,PLEASE CALL STELLA ASK HER TO BRING THESE THINGS WITH HER FROM THE STORE SIX SPOONS OF FRESH SNOW PEESE FIVE THICK SLAPS OF BLUE CHEESE AND MAYBE A SNACK FOR HER BROTHER BOB WE ALSO NEED A SMALL PLASTIC SNAKE AND A BIG TOY FROG FOR THE KIDS SHE CAN SCOOP THESE THINGS INTO THREE RAD BAGS AND WE WILL GO MEET HER WEDNESDAY AT A TRAIN STATION
icelandic2.wav,PLEASE CALL STELLA ASK HER TO BRING THESE THINGS WITH HER FROM THE STORE SIX SPOONS OF FRESH SNOW PEAS FIVE THICK SLABS OF BLUE CHEESE AND MAYBE A SNACK FOR HER BROTHER BOB WE ALSO NEED A SMALL PLASTIC SNAK AND A BIG TOY FRORK FOR THE KIDS SHE CAN SCOOP THESE THINGS INTO THREE RED BAGS AND WE WILL GO MEET HER WEDNESDAY AT THE TRAIN STATION
icelandic3.wav,PLEASE CALL STELLA ASK HER TO BRING THESE THINGS WITH HER FROM THE STORE SIX SPOONS OF FRESH SNOW PEASE FIVE THICK SLABS OF BLUE CHEESE AND MAYBE A SNACK FOR HER BROTHER BOB WE ALSO NEED A SMALL PLASTIC SNAKE AND A BIG TOY FROG FOR THE KIDS SHE CAN SCOOP THESE THINGS INTO THREE RED BAGS AND WE WILL GO MEET HER WEDNESDAY AT THE TRAIN STATION
ife1.wav,PLEASE CALL STELLA ASK HER TO BRING THESE THINGS WITH HER FROM THE STORE SIX SPOONS OF FRESH SNOW BES FIVE THICK SLAGS OF BLUE CHEESE AND MAYBE A SNUG FOR HER BROTHER BOB WE ALSO NEED A SMALL PLASTIC SNAG AND A BIG TOIL FROG FOR THE KIDS SHE CAN SCOOP THESE THINGS INTO THREE RED BAGS AND WE ALSO AND WE WILL GO MEET HER WENESDAY AT THE TRAIN STATION
igbo1.wav,PLEASE CARTELLA ASK HAR TO BRING THESE THINGS WITH HER FROM THE STON TE SPOONS OF FRESH SNOW PEAS FIVE STICK STALV FOR BLUE CHEESE AND MAYBE A SNACO HAVE BROUGHT US VAVE WE ALSO NEED A SMALL PLASTICK SNA AND A BIG TIPROM  A BIG TOI FROM THE KID SHE CAN SHE CAN COPE THESE TINS INTO THE INTO THE RED BAGS AND WE  WEL GO MITH HER WENIS THE ADE RAN STATION
igbo2.wav,PLEASE CALL STELLA ASK HER TO BRING THESE THINGS WHICH ARE FROM THE STORE SIX SPOONFULS OF FRESH SNOW PEASE FIVE THICK SLABS OF BLUE CHEESE AND MAYBE A SNACK FOR HER BROTHER BOB WE ALSO NEED A SMALL PLASTIC SNAK AND A BIG TOY FROG FOR THE KIDS SHE CAN SCOOP THESE THINGS INTO THREE RED BAGS AND WE WILL GO MEET HER WEDNESDAY AT THE TRAIN STATION
igbo3.wav,PLEASE CALL STELLA ASK HER TO BRING THESE THINGS WITH HER FROM THE STORE SIX POUNS OF FRESH SNOW PEAS FIVE THICK SLABS OF BLUE CHEESE AND MAYBE A SNAK FOR HER BROTHER BOB WE ALSO NEED A SMALL PLASTIC SNAKE AND A BIG TOY FROG FOR THE KIDS SHE CAN SCOOP THESE THINGS INTO THREE RED BAGS AND WE WILL GO MEET HER WEDNESDAY AT THE TRAIN STATION
ilonggo1.wav,PLEASE CALL STELLA ASK HER TO BRING THESE THINGS WITH HER FROM THE STORE SIX SPOONS OF FRESH SNOW PIECE FIVE FIVE THICK SLABS OF BLUE CHIZ AND MAYBE A SNACK FOR HER BROTHER BAB WE ALSO NEED A SMALL PLASTIC SNAKE AND A BIG TOY FRAG FOR THE KIDS SHE CAN SCOPE THESE THINGS INTO THREE RED BAGS AND WE WILL MEET HER WEDNESDAY AT THE TRAIN STATION
indonesian1.wav,PLEASE CALL STELLA ASK HER TO BRING THESE THINGS WITH HER FROM THE STORE SIX SPOONS OF FRESH SNOW PEAS FIVE THICK SLABS OF BLUE CHEESE AND MAYBE SNIKE FOR HER BREATHAR BALL YOU ALSO NEED A SMALL PLASTIC AND SNAKE AND A BIG TOY FROK FOR THE KIDS SHE CAN SCOOP THESE THINGS INTO THREE RED BAGS AND WE WILL GO MEET HER WEDNESDAY AT THE TRAIN STATION
indonesian2.wav,PLEASE CALL STELLA ASK HER TO BRING THESE THINGS WITH HER FROM THE STORE SIX SPOONFS OF FRESH NEW PEAS FIVE THICK SLIPES OF BLUE CHEESE AND MAYBE A SNIKE FOR HER BROTHER BOB WE ALSO NEED A SMALL PLASTIC SNAK AND A BIG TOY FROG FOR THE KIDS SHE CAN SCOOP THESE THINGS INTO THREE RED BAGS AND WE WILL GO MEET HER WEDNESDAY AT A TRAIN STATION
indonesian3.wav,PLEASE CALL STELLA ASK HER TO BRING THESE THINGS WITH HER FROM THE STORE SIX SPOONS OF FRESH SNOW PIECE FIVE THICK SLAPS OF BLUE CHEESE AND MAYBE A SNAKE FOR HER BROTHER BOB WE ALSO KNIT A SMALL PLASTIC SNAKE AND A BIG TOY FROCK FOR THE KIDS SHE CAN SCOPE THESE THINGS INTO THREE RED BAGS AND WE WILL GO MEET HER WENESDAY AT THE TRAIN STATION
indonesian4.wav,PLEASE CALL STELLA ASK HER TO BRING THESE THINGS WITH HER FROM THE STORE SIX SPOONS OF FRA SNOW PEAS FIVE THICK SLABS OF BLUE CHEESE AND MAYBE A SNACK FOR HER BROTHER POB WE ALSO NEED A SMALL PLACE SNAKE AND A BIG TOY FROK FOR THE KIDS SHE CAN SCOOP THESE THINGS INTO THREE RED BAGS AND WE WILL GO MEET HER WEDNESDAY AT THE TRAIN STATION
indonesian5.wav,PLEASE CALL STELLA ASK HER TO BRING THIS THING WITH HER FROM THE STORE SIX SPOONS OF FRESH SNOW PEAS FIVE THICK SLABS OF BLUE CHEESE AND MAYBE A SNIKE FOR HER BROTHER BOB WE ALSO NEED A SMALL PLASTIC SNAKE AND A BIG TOY FROG FOR THE KIDS SHE CAN SCOOP THIS THINGS INTO THREE RED BAGS AND WE WILL GO MEET HER WEDNESDAY AT THE TRAIN STATION
indonesian6.wav,PLEASE CALL STELLA ASK HER TO BRING THESE THINGS WITH HER FROM THE STORE SIX SPOONS OF FRESH SNOW PEAS FIVE THICK SLABS OF BLUE CHEESE AND MAYBE A SNACK FOR HER BROTHER BOB WE ALSO KNEED A SMALL PLASTIC SNAKE AND A BIG TOY FROG FOR THE KIDS SHE CAN SCOOP THESE THINGS INTO THREE RED BAGS AND WE WILL GO MEET HER WEDNESDAY AT THE TRAIN STATION
indonesian7.wav,PLEASE CALL STELLA ASK HER TO BRING THIS THING WITH HER FROM THE STORE SIX SPOON OF THE FRE SNOPIESE FIVE THICK SLEP OF THE BLUTES AND MAYBE SNAKE FOR HER BROTHER BOB WE ALSO NEED SMALL PLASTIC SNAKE AND A BIG TOY FORK FOR THE KID SE CAN SCOOP THIS THING INTO THREE RED BAGS AND WE WILL GO WITH HER WEDNESDAY AT THE TRAIN STATION
indonesian8.wav,PLEASE CALL STELLA ASK HER TO BRING THESE THINGS WITH HER FROM THE STORE SIX SPOONS OF FRESH SNOW PEAS FIVE CHICK SLAPS OF BLUE CHEESE AND MAYBE A SNACK FOR HER BROTHER BOB WE ALSO NEED A SMALL PLASTIC SNAKE AND A BIG TOY FROG FOR THE KIDS SHE CAN SCOOP THESE THINGS INTO THREE RED BAGS AND WE WILL GO MEET HER WEDNESDAY AT THE TRAIN STATION
irish1.wav,PLEASE CALL STELLA ASK HER TO BRING THESE THINGS WITH HER FROM THE STORE SIX SPOONS OF FRESH SNOW PEAS FIVE THICK SLABS OF BLUE CHEESE AND MAYBE A SNACK FOR HER BROTHER BOB WE ALSO NEED A SMALL PLASTIC SNAKE AND A BIG TOY FROG FOR THE KIDS SHE CAN SCOOP THESE THINGS INTO THREE RED BAGS AND WE WILL GO MEET HER WEDNESDAY AT THE TRAIN STATION
italian1.wav,PLEASE CALL STELLA ASK HER TO BRING THESE THING THES THINGS TO HER FROM THE STORE SIX SPOONS OF FRESH SNOW PEAS FIVE THICK SLABS OF BLUE CHEESE AND MAYBE A SNAKE FOR HER BROTHER BOB WE ALSO NEED A SMALL PLASTIC SNAKE AND A BIG TOY FROG FOR E KIDS SHE CAN SCOOP THESE THINGS INTO THREE RED BAGS AND WE WILL GO WE WILL GO MEET HER WEDNESDAY AT THE TRAIN STATION
italian10.wav,PLEASE CALL STELLA ASK HER TO BRING THESE THINGS WITH HER FROM THE STORE SIX SPOONS OF FRESH SNOW PEAS FIVE THICK SLABS OF BLUE CHEESE AND MAYBE A SNACK FOR HER BROTHER BOB WE ALSO NEED A SMALL PLASTIC SNAKE AND A BIG TOY FROG FOR THE KIDS SHE CAN SCOOP THESE THINGS INTO THREE RED BAGS AND WE WILL GOTO THE MEET WITH HER MEET HER WEDNESDAY AT THE TRAIN STATION
italian11.wav,PLEASE CALL STELLA ASK HER TO BRING THESE THINGS WITH HER FROM THE STORE SIX SPOONS OF FRESH SNOW PEAS FIVE THICK SLIPES OF BLUE CHEESE AND MAYBE A SNACK FOR BROTHER BOB WE ALSO NEED A SMALL PLASTIC SNAKE AND A BIG TOY FROG FOR THE KIDS SHE CAN SCOOP THESE THINGS INTO THREE RED BAGS AND WE WILL GO MET HER WEDNESDAY AT THE TRAIN STATION
italian12.wav,PLEASE CALL STELLA ASK HER TO BRING THESE THINGS WITH HER FROM THE STORE SIX SPOONS OF FRESH SNOW PEAS FIVE THICK SLABS OF BLUE CHEESE AND MAYBE A SNACK FOR HER BROTHER BOB WE ALSO NEED A SMALL PLASTIC SNAKE AND A BIG TOY TOY FROG FOR THE KIDS SHE CAN SCOOP THESE THINGS INTO THREE RED BAGS AND WE WILL GO MEET HER WEDNESDAY AT THE TRAIN STATION
italian13.wav,PLEASE CALL STELLA ASK HER TO BRING THESE THINGS WE HAVE FROM THE STORE SIX POONS OF FRESH NOC PEAS FIVE FIXD LEBS OF BLUE CHEESE A MAY BEAR'S NECK FOR BROTHER BOB WE ALSO NEED A SMALL PLASTE SNAKE AND A BIG TOY FROG FOR THE KIDS SHE CAN SCOOP THESE THINGS INTO THREE RED BAGS AND WE'LL GO MEET HER WENSDAY AT THE TRAIN STATION
italian14.wav,PLEASE CALL STELLA ASK HER TO BRING THESE THINGS WITH HER FROM THE STORE SIX SPOONS OF FRESH SNOW PIERS FIVE THICK SLAPS OF BLUE CHEESE AND MABA'S NECK FOR HER BROTHER BOB WE ALSO NEED A SMALL PLATIC SNAKE AND A BIG TOY FROG FOR THE KIDS SHE CAN SCOOP THESE THINGS INTO THREE RED BAGS AND WE WILL GO MEET ER WEDNESDAY AT THE TRAIN STATION
italian15.wav,PLEASE CALL STELLA ASK HER TO BRING THESE THINGS WITH HER FROM THE STORE SIX SPOONS OF FRESH SNOW PEASE FIVE THICK SLEBS OF BLUE CHEESE AND MAYBE A SNACK FOR HER BROTHER BOB WE ALSO NEED A SMALL PLASTIC SNAKE AND A BIG TOY FROG FOR THE KIDS SHE CAN SCOOP THESE THINGS INTO THREE RED BAGS AND WE WILL GO MEET HER WEDNESDAY AT THE TRAIN STATION
italian16.wav,PLEASE CALL STELLA ASK HER TO BRING THESE THINGS WITH HER FROM THE STORE SIX SPOONS OF FRESH NOW PEAS FIVE THICK SLABS OF BLUE CHEESE AND MAYBE A SNACK FOR HER BROTHER BOB WE ALSO NEED A SMALL PLASTIVE SNAKE ON A BIG TOY FROG FOR THE KIDS SHE CAN SCOOPO THESE THINGS INTO THREE RED BAGS AND WE WILL GO MEET HER WEDNESDAY AT THE TRAIN STATION
italian17.wav,PLEASE CALL STELLA ASK HER TO BRING THESE THINGS WITH HER FROM THE STORE SIX SPOONS OF FRESH SNOW PIECE FIVE THICK SLAPS OF BLUE CHEESE AND MAYBE A SNAKE FOR HER BROTHER BOB WE ALSO NEED A SMALL PLASTIC SNAKE IN A BIG TOY FROG FOR THE KIDS SHE CAN SCOOP DISTINCT INTO THREE RED BAGS AND WE WILL GO MEET HER WEDNESDAY AT THE TRAIN STATION
italian18.wav,PLEASE GO STEADY ASK HER TO BRING THESE THINGS WI AR FROM THE STORE SIX SPOONS OF FRESH NOPES FIVE THICK SLABS OF BLUE CHEESE AND MAYBE A SNACK FOR HER BROTHER BUB WE ALSO NEED A SMALL PLASTIC SNAKE AND A BIG TOY FROTH FOR THE KIDS SHE CAN SCOOP THESE THINGS INTO THREE RED BAGS AND WE WILL GO MEAL HER WEDNESDAY AT THE TRAIN STATION
italian19.wav,PLEASE CALL STELLA ASK HER TO BRING THESE THINGS WITH HER FROM THE SORE SIX SPOONS OF FRESH NEAL PEAS FIVE THICK SLABS OF BLUE CHEESE AND MAYBE A SNACK FOR A BROTHER BOB WE ALSO NEED A SMALL PLASTIC SNAKE AND A BIG TOY FROG FOR THE KIDS SHE CAN SCOOP THESE THINGS INTO THREE RED BAGS AND WE WILL GO MEET HER WED NEXT DAY AT THE TRAIN STATION
italian2.wav,PLEASE CALL STELLA ASK HER TO BRING THESE THINGS WED HER FROM THE STORY SIX SPOONS OF FRENCH SNOW PEASE FIVE FIVE TINK SLOPS OF BLUE CHEESE AND MAYBE A SNACK FOR HER BROTHER BOB WE ALSO NEED A SMALL PLASTIC SAK SNACK AND A BIG TOY FROG FOR THE KIS SHE CAN SCOOP THES THINGS INTO THREE RED BAGS AND WE WILL GO MEET HER WID SNA WITH TE AT THE TRAIN STATION
italian20.wav,A PLEASE CALL STELLA ASK HER TO BRING THEE THINGS UP WITH HER FROM THE STORE SIX SPOONS OF FRESH SNOW PEAS FIVE THICK SLABS OF BLUE CHEESE AND MAYBE A SNUG FOR HER BROTHER BOB WE ALSO NEED A SMALL PLASTIC SNAKE AND A BIG TOY FOR THE KIDS SHE CAN SCOOP THESE THINGS INTO THREE RED BAGS AND WE WILL GO MEET HER WEDNESDAY AT THE TRAIN STATION
italian21.wav,PLEASE CALL STELLA ASK HER TO BRING THESE THINGS WITH HER FROM THE STORE SIX SPOONS OF FRESH SNOW PEAS FIVE THICK SLABS OF BLUE CHEESE AND MAYBE A SNACK FOR HER BROTHER BOB WE ALSO NEED A SMALL PLASTIC SNAKE AND A BIG TOY FROG FOR THE KIDS SHE CAN SCOOP THESE THINGS INTO THREE RED BAGS AND WE WILL GO MEET HER WEDNESDAY AT THE TRAIN STATION
italian22.wav,PLEASE CALL STELLA ASK HER TO BRING THESE THINGS WITH HER FROM THE STORE SIX SPOONS OF FRESH SNOW PEASE FIVE THICK SLABS OF BLUE CHEESE AND MAYBE A SNACK FOR HER BROTHER BOB WE ALSO NEED A SMALL PLASTIC SNAKE AND A BIG TOY FROG FOR THE KIDS SHE CAN SCOOP THESE THINGS INTO THREE RED BAGS AND WE WILL GO MEET HER WEDNESDAY AT THE TRAIN STATION
italian23.wav,PLEASE CALL STELLA ASK HER TO BRING THESE THINGS WITH HER FROM THE STORE SIX SPOONS OF FRESH SNOW PEAS FIVE THICK SLABS OF BLUE CHEESE AND MAYBE A SNACK FOR HER BROTHER BOB WE ALSO NEED A SMALL PLASTIC SNAKE AND A BIG TOY FROCK FOR THE KIDS SHE CAN SCOOP THESE THINGS INTO THREE RED BAGS AND WE WILL GO MEET HER WEDNESDAY AT THE TRAIN STATION
italian24.wav,PLEASE CO STELLA ASK HER TO BRING THESE THINGS WITH HER FROM THE STORE SIX SPOONS OF FRESH NO PEAS FIVE SIX SLABS OF BLUE CHEESE AND MAYBE A SNACK FOR HER BROTHER BOB WE ALSO NEED A SMALL PLASTIC SNAKE AND A BIG TOY FROCK FOR THE KIDS SHE CAN SCOOP THESE THINGS INTO THREE RED BAGS AND WE WILL GO METER WEDNESDAY AT THE TRAIN STATION
italian25.wav,PLEASE CALL STELLA ASK HER TO BRING THESE THINGS WITH HER FROM THE STORE SIX SPOONS OF FRESH SNOW PEAS FIVE THICK SLABS OF BLUE CHEESE AND MAYBE A SNACK FOR HER BROTHER BOB WE ALSO NEED A SMALL PLASTIC SNAKE AND A TOY A BIG TOY FROG FOR THE KIDS SHE CAN SCOOP THESE THINGS INTO THREE RED BAGS AND WE WILL GO MEET HER WEDNESDAY AT THE TRAIN STATION
italian26.wav,PLEASE CALL STELLA ASK HER TO BRING THESE THINGS WITH HER FROM THE STORE SIX SPOONS OF FRESH SNOW PEAS FIVE THICK SLABS OF BLUE CHEESE AND MAYBE A SNACK FOR HER BROTHER BOB WE ALSO NEED A SMALL PLASTIC SNAKE AND A BIG TOY FROG FOR THE KIDS SHE CAN SCOOP THESE THINGS INTO THREE RED BAGS AND WE WILL GO MEETER WEDNESDAY AT THE TRAIN STATION
italian27.wav,PLEASE CALL STELLA ASK HER TO BRING THESE THINGS WITH HER FROM THE STORE SIX SPOONFULS OF FRESH NOLL PEAS FIVE TIX SLAPS OF BLUE CHEESE AND MAYBE AS NET FOR HER BROTHER BOB WE ALSO NEED A SMALL PLASCE NAG AND A TOY FROK FOR THE KITS SHE CAN SCOOP THESE THINGS INTO THREE RED BAGS AND WE GO MEET HER WEDNESDAY AT A TRAIN STATION
italian28.wav,PLEASE CALL STELLA ASK HER TO BRING THE THINGS WITH HER FROM THE STORE SIX SPOONS OF FRESH SNOW PEAS FIVE THICK SLEBS OF BLUE CHEESE AND MAYBE A SNACK FOR A BROTHER BOB WE ALSO NEED A SMALL PLASTIC SNAKE AND A BIG TOY FROG FOR THE KIDS SHE CAN SCOOP THESE THINGS INTO THREE RED BAGS AND WE WILL GO MEET HER WEDNESDAY AT THE TRAIN STATION
italian29.wav,PLEASE CALL STELLA ASK HER TO BRING THESE THINGS WITH HER FROM THE STORE SIX SPOONS OF FRESH SNOW PEAS FIVE THICK SLABS OF BLUCHEESE AND MAYBE A SNACK FOR HER BROTHER BOB WE ALSO NEED A SMALL PLASTIC SNAKE AND A BIG TOY FOK FOR THE KIDS SHE CAN SCOOP THESE THINGS INTO TRO RAD BAGS AND WE WILL GO MEET HER WEDNESDAY AT THE TRAIN STATION
italian3.wav,PLEASE CALL STELLA ASK HER TO BRING THESE THINGS WITH HER FROM THE STORE SIX SPOONFUS OF FRESH SNOW PEAS FIVE THICK SLABS OF BLUE CHEESE AND MAYBE A SNUCG FOR HER BROTHER BOB WE ALSO NEED A SMALL PLASTIC SNAKE AND A BIG TOY FROG FOR THE KIDS SHE CAN SCOOP THESE THINGS INTO THREE RED BAGS AND WE WILL GO MEET HER WEDNESDAY AT THE TRAIN STATION
italian30.wav,PLEASE CALL STELLA ASK HER TO BRING THESE THINGS WITH HER FROM THE STORE SIX POONS OF FRESNO PEASE FIVE TICK SLABS OF BLUE CHEESE AND MAYBE A SNACK FOR HER BROTHER BOB WE ALSO NEED A SMALL PLASTIC SNAKE AND A BIG TOY FROG FOR THE KIDS SHE CAN SCOOP THESE THINGS INTO THREE RED BAGS AND WE WILL GO TO MEET HER WONESDAY AT THE TRAIN STATION
italian31.wav,PLEASE CALL STELLA ASK HER TO BRING THESE THINGS WITH HER FROM THE STORE SIX SPOONS OF FRESH SNOW PEAS FIVE THICK SLUBS OF BLUE CHEESE AND MAYBE A SNACK FOR HE BROTHER BOB WE ALSO NEED A SMALL PLASTIC SNAK AND A BIG TOY FROG FOR THE KIDS SHE CAN SCOOP THESE THINGS INTO THREE LEAD BAGS AND WE WILLG MEET HER WEDNESDAY AT THE TRAIN STATION
italian32.wav,PLEASE CALL STELLA ASK HER TO BRING THOSE THINGS WITH HER FROM THE STORE SIX SPOONS OF FRESH SNOW PEASE FIVE THICK SLABS OF BLUE CHEESE AND MAYBE A SNACK FOR HE BROTHER BOB WE ALSO NEED A SMALL PLASTY SNAKE AND A BIG TOY FROG FOR THE KIDS SHE CAN SCOOP THOSE THINGS INTO THREE BRED BAGS AND WELL AND WE WILL GO MEET HER WEDNESDAY AT THE TRAIN STATION
italian33.wav,PLEASE CALL STELLA ASK HER TO BRING THESE THINGS WIT HER FROM THE STORE SIX SPOONS OF FRESH SNOW PEESE FIVE THICK REB OF BLUE CHEESE AND MAYBE A SMACK FOR E BOD BOB WER WE ALSO NEED A SMALL PLASTICS NAK AND A BIG TO FROG FOR THE KIGS SHE CAN SCOOP THESE THINGS INTO TE RED BAG AND WE WILL GO MA HER WEDNESDAY AT THESTATION
italian4.wav,PLEASE CALL STELLA ASK HER TO BRING THESE THINGS WITH HER FROM THE STORE SIX SPOONS OF FRASNO PEAS FIVE THICK SLABS OF BLUE CHEESE AND MAYBE A SNACF OR BROTHER BOB WE ALSO NEED A SMALL PLASTIC SNAKE AND A BIG TROY FRO FORTE KITS SHE CAN SCOOP THESE THINGS INTO THREE RED BAGS AND WE WILL GO MEET HER WEDNESDAY AT THE TRAIN STATION
italian5.wav,PLEASE CALL STELLA ASK HER TO BRING THESE THINGS WITH HER FROM THE STORE SIX SPOONS OF FRES NO PEAS FIVE THICK SLABS OF BLUE CHEESE AND MAYBE A SNACK FOR HER BROTHER BOB WE ALSO NEED A SMALL PLASTIC SNAKE AND A BIG TOY FROG FOR THE KIDS SHE CAN SCOOP THESE THINGS INTO THREE RED BAGS AND WE WILL GO MEET HER WEDNESDAY AT THE TRAIN STATION
italian6.wav,PLEASE CO STELLA ASK HER TO BRING THESE THINGS WITH HER FROM THE STORE SIX SPOONS OF FRESH SNOW PEAS FIVE THICK SLEPS OF BLUE CHEESE AND MAYBE A SNAKE FOR BROTHER BOB WE ALSO NEED A SMALL PLASSIC SNAKE AND A BIG TOY FROG FOR THE KIDS SHE CAN SCOOP THESE THINGS INTO THREE RED BAGS AND WE WILL GO MET ER WEDESDAY AT RATRAN STESOR
italian7.wav,PLEASE CALL STILLA ASK HER TO BRING THESE THINGS WITH HER FROM THE STORE SIX SPOONS OF FRESH SNOW PEAS FIVE THICK SLABS OF BLUE CHEESE AND MAYBE A SNUCK FOR BROTHER BOB WILSON E A SMALL PLASTIC SNAKE AND A BIG TOY FROCK FOR THE KIDS SHE CAN SCOOP THESE THINGS INTO THREE RAD BAGS AND WE WILL GO MEET HER WEDNESDAY AT THE TRAIN STATION
italian8.wav,PLEASE CALL STILLA ASK HER TO BRING THESE THINGS WITH HER FROM THE STORE SIX SPOONS OF FRESH SNOW PEAS FIVE THICK SLABS OF BLUE CHEESE AND MAYBE A SNECK FOR HER BROTHER BOB WE ALSO NEED A SMALL PLASTIC SNAKE AND A BIG TOY FROG FOR THE KIDS SHE CAN SCOOP THESE THINGS INTO THREE RED BAGS AND WE WILL GO MEET HER WEDNESDAY AT THE TRAIN STATION
italian9.wav,PLEASE CALL STELLA ASK HER TO TAKE THESE THINGS WITH HER FROM THE STORE SIX SPOONS OF FRESH SNOW PEALS FIVE THICK SLABS OF BLUE CHEESE AND MAYBE A SNAKE FOR HER BROTHER BOB WE ALSO NEED A SMALL PLASTIC SNAKE AND A BIG TOY FROG FOR THE KIDS SHE CAN SCOOP THESE THINGS INTO THREE RED BAGS AND WE WILL GO MEET HER WEDNESDAY AT THE TRAIN STATION
japanese1.wav,PLEASE CALL STELLA ASK HER TO BRING THESE THINGS WITH HER FROM THE STORE SIX SPOONS OF FRESH SNOW PEERS FIVE THICK THICK SLABS OF BLUE CHEESE AND MAYBE A SNAG FOR HER BROTHER BOB WE ALSO NEED A SMALL PLASTIC SNAG AND A BIG TOY FROG FROM THE KIDS SHE CAN SCOOP THOSE THINGS INTO THREE RED BAKS AND WE WILL GO MEET HER WEDNESDAY AT THE TRAIN STATION
japanese10.wav,PLEASTE CALL STELLA ASK HER TO BRING THESE THINGS WITH HER FROM THE STORE SIX SPOONS OF FRESHNOW PEAS FIVE THICK SLOPS OF BROOCHES AND MAY BE A SNACK FOR HER BROTHER BOB WE ALSO NEED A SMALL PRUSTIC SNAKE AND A BIG TOY FROG FOR THE KIT SHE CAN SCOOP THESE THINGS INTO THREE RED BAGS AND WE WILL GO TO GO MEET HER WEDNESDAY AT THE TRAIN STATION
japanese11.wav,PRESE CALL STELRA ASK HER TO BRING THESE THINGS WITH HER FROM THE STORE SIX SPOONS OF FRESH SNOW PEADS FIVE THICK SRUVS OF BLUE CHEESE AND MAYBE A SNUCK FOR HER BROTHER BOB WE ALSO NEED A SMALL PLASTIC SNAKE AND A BIG TOY ROPE FOR THE KIDS SHE CAN SCOOP THESE THINGS INTO THREE LITTL PAKS AND WE WILL GO MEET HER WEDNESDAY AT THE TRAIN STATION
japanese12.wav,PRESE COLSTERA ASK HER TO BRING THESE THINGS WITH HER FROM THE STORE SIX SPOONS OF FRESH SNOW PEAS FIVE SIX FLUVS OF BRUE CHEESE AND MAYBE A SNUG FOR HER BROTHER BOB WE ALSO NEED A SMALL PRUSTIC SNAKE AND A BIG TOY FROG FLOG FOR THE KITS SHE CAN SCOOP THESE THINGS INTO THREE LITTLE BAGS AND WE WILL GO MEET HER WEDNESDAY AT THE TRAIN STATION
japanese13.wav,PLEASE CALL STELLA ASK HER TO BRING THESE THINGS WITH HER FROM THE STORE SIX SPOONS OF FRESH SNOW PEAS FIVE THICK SLABS OF BLUE CHEESE AND MAYBE A SNACK FOR HER BROTHER OR BOB WE ALSO NEED A SMALL PLASTIC SNAKE AND A BIG TOY FROG FOR THE KIDS SHE CAN SCOOP THESE THINGS INTO THREE RED BAGS AND WE WILL GO MEET HER WEDNESDAY AT THE TRAIN STATION
japanese14.wav,PLEASE CALL STELLA ASK HER TO BRING THESE THINGS WITH HER FROM THE STORE SIX SPOONS OF FRESH SNOW PEESE FIVE THICK SLAPS OF BLUE CHEESE AND MAYBE A SNACK FOR HER BROTHER BOG WE ALSO NEED A SMALL PLASTIC SNAKE AND A BIG TOY FROG FOR THE KIT SHE CAN SCOOP THESE THINGS INTO THREE RED BAGS AND WE'LL GO MEET HER WEDNESDAY AT THE TRAIN STATION
japanese15.wav,PLEASE CALL STELLA ASK HER TO BRING THESE THINGS WITH HER FROM THE STORE SIX SPOONS OF FRESH SNOW PEAS FIVE THICK SLAPS OF BLUE CHEESE AND MAYBE A SNACK FOR HER BROTHER BOB WE ALSO NEED A SMALL PLASTIC SNAKE AND A BIG TOY FROG FOR THE KIDS SHE CAN SCOOP THESE THINGS INTO THREE RED BACGS AND WE WILL GO MEET HER WEDNESDAY AT THE TRAIN STATION
japanese16.wav,PLEASE CALL STELLA ASK HER TO BRING THESE THINGS WITH HER FROM THE STORE SIX SPOONFS OF FRESH SNOW PEAS FIVE THICK SLABS OF BLUE CHEESE AND MAYBE A SNACK FOR HER BROTHER BOB WE ALSO NEED A SMALL PLASTIC SNAKE AND A BIG TOY FROG FOR THE KIDS SHE CAN SCOOP THESE THINGS INTO THREE RED BAGS AND WE WILL GO MEET HER WEDNESDAY AT THE TRAIN STATION
japanese17.wav,PLEASE CALL STARA ASK HER TO BRING A THESE THINGS WITH HER FROM THE STORE SIX SPOONS OF FRESH SNOW PEA FIVE THICK STRAPS OF BROOCHES AND MAYBE A SNUCK FOR HER BROTHER BOB WE ALSO NEED A SMALL PRASTIC SNACK AND A BIG TOY FROG FOR THE KIDS SHE CAN SCOOP THESE THINGS INTO THREE DEAD BAGS AND WEWI WE WILL GO MEET HER WENSDAY AT THE TRAIN STATION
japanese18.wav,PLEASE CALL STELLA ASK HER TO BRING THESE THINGS WITH HER FROM THE STORE SIX SPOONS OF FRESH SNOW PEAS FIVE THICK SLABS OF BLUE CHEESE AND MAYBE A SNACK FOR HER BROTHER BOB WE ALSO NEED A SMALL PLASTIC SNAKE AND A BIG FA TOY FROG FOR THE KIDS SHE CAN SCOOP THESE THINGS INTO THREE RED BAGS AND WE WILL GO MEET HER WEDNESDAY AT THE TRAIN STATION
japanese19.wav,PLEASE CALL STELLA ASK HER TO BRING THESE THINGS WITH HER FROM THE STORE SIX SPOONS OF FRESH SNOW PEAS FIVE THICK SLABS OF BLUE CHEESE AND MAYBE A SNACK FOR HER BROTHER BOB WE ALSO NEED A SMALL PLASTICNAKE AND A BIG TOY FROG FOR THE KIDS SHE CAN SCOOP THESE THINGS INTO THREE RED BAGS AND WE WILL GO MEET HER WEDNESDAY AT THE TRAIN STATION
japanese2.wav,PLEASE CALL SETILA ASK HER TO BRING THESE THINGS WITH HER FROM THE STORE SIX SPOONS OF FRESH SNOW PEAS FIVE THICK SLAPS OF BLUE CHEESE AND MAYBE ER SNUG FOR HER BROTHER BOTH WE ALSO NEED SMALL PRUSTIC SNAKE AND A BIG TOYU FROG FOR THE KIDS SHE CAN SCOOP THESE THINGS INTO THREE LITT BAGS AND WIL WILL GO MEET HER WEDNESDAY AT THE TRAIN STATION
japanese20.wav,PLEASE CALL STELLA ASK HER TO BRING THESE THINGS WITH HER FROM THE STORE SIX SPOONFS OF FRESH SNOW PEAS FIVE THICK SLABS OF BLUE CHEESE AND MAYBE A SNACK FOR HER BROTHER BOB WE ALSO NEED A SMALL PLASTIC SNAKE AND A BIG TOY FROG FOR THE KIDS SHE CAN SCOOP THESE THINGS INTO THREE RED BAGS AND WE WILL GO MEET HER WEDNESDAY AT THE TRADE STATION
japanese21.wav,PLEASE CALL STELLA ASK HER TO BRING THESE THINGS WITH HER FROM THE STORE SIX SPOONS OF FRESH SNOWKES FIVE THICK SLABS OF BLUE CHEESE AND MAYBE A SNAK FOR HER BROTHER PAW WE ALSO NEED A SMALL PLASTIC SNAKE AND A BIG TOY FROG FOR THEKITS SHE CAN SCEVE THESE THINGS INTO THREE RED BAGS AND WE WILL GO MEET HER WENSDAY AT A STRAY TRAY STATION
japanese22.wav,PLEASE CALL STELLA ASK HER TO BRING THESE THINGS WITH HER FROM THE STORE SIX SPOONS OF FRESH SNOW PEAS FIVE THICK SLABS OF BLUE CHEESE AND MAYBE A SNACK FOR HER BROTHER BOB WE ALSO NEED A SMALL PLASTIC SNAKE AND A BIG TOY FROG FOR THE KIDS SHE CAN SCOOP THESE THINGS INTO THREE RED BAGS AND WE WILL GO MEET HER WEDNESDAY AT THE TRAIN STATION
japanese23.wav,PLEASE CALL STELLA ASK HER TO BRING THESE THINGS WITH HER FROM THE STORE SIX SPOONS OF FRESH SMALL PEASE FIVE THICK SLABS OF BLUE CHEESE AND MAYBE A SNACK FOR HER BROTHER BOB WE ALSO ASK A SMALL PLASTIC SNAKE AND A BIG TOY FROG FOR THE KIDS SHE CAN SCOOP THESE THINGS INTO THREE RED BAGS AS WE GO MEET HER WEDNESDAY AT THE TRAIN STATION
japanese24.wav,PLEASE CALL STERA ASK HER TO BRING THESE THINGS WITH HER FROM THE STORE SIX SPOONS OF FRESH SNOW PEAS FIVE TICKRABS OF BRUCHES AND MAYBE A SNACK FOR HER BROTHER BOB WE ALSO NEED A SMALL PLASTIC SNAKE AND A BIG TOY FROG FOR THE KID SHE CAN SCOOP THESE THINGS INTO THREE RED BAGS AND WE WILL GO MEET HER WEDNESDAY AT THE TRAIN STATION
japanese25.wav,PLEASE CALL STELLA ASK HER TO BRING THESE THINGS WITH HER FROM THE STORE SIX SPOONS OF FRESH SNOW PEAS FIVE THICK SLABS OF BLUE CHEESE AND MAYBE A SNACK FOR HER BROTHER BOB WE ALSO NEED A SMALL PLASTIC SNAKE AND A BIG TOY FROG FOR THE KIDS SHE CAN SCOOP THESE THINGS INTO THREE RED BACGS AND WE WILL GO MEET HER WEDNESDAY AT THE TRAIN STATION
japanese26.wav,PLEASE CALL STERRA ASK HEW TO BRING THESE THINGS WITH HER FROM THE STORE SIX SPOONS OF FRESH SNOW PEAS FIVE THICK SRUBS OF BROOCHES AND MAYBE A SNACK FOR HER BROTHER BOB WE ALSO NEED A SMALL RUSTIC SNACK AND A BIG TOY FROG FOR THE KIDS SHE CAN SCOOP THESE THINGS INTO THREE THREE LITTLE BAGS AND WE WILL GO MEET HER WEDNESDAY AT THE TRAIN STATION
japanese27.wav,PLEASE GO STELLA ASK HER TO ASK HER TO BRING THESE THINGS WITH HER WITH HER FROM THE STORE SIX SPOONS OF FARSNO PEAS FIVE THICK SLABS OF BLUE CHEESE AND MAYBE A SNACK FOR HER BRATHE BOB WE ALSO NEED A SMALL PLASTIC SNAKE AND A BIG TOD FROCK FOR THE KIDS SHE CAN SCOOP THESE THINGS INTO THREE RED BAGS AND WE WILL GO MEET HER WITH WEDNESDAY AT THE TRAIN STATION
japanese3.wav,PLEASE CALL STELLA ASK HER TO BRING THESE THINGS WITH HER FROM THE STORE SIX SPOONS OF FRESH SNOW PEAS FIVE THICK SLABS OF BLUE CHEESE AND MAYBE A SNACK FOR HER BROTHER BOB WE ALSO NEED A SMALL PLASTIC SNAKE AND A BIG TOY FROG FOR THE KEYS SHE CAN SCOOP THESE THINGS INTO THREE RED BAGS AND WE WILL GO MEET HER WENESDAY AT THE TRAIN STATION
japanese4.wav,BRID CORSE STELLA ASK HER TO BRING THESE THINGS WITH HER FROM THE STORE SHEK SPOONS OF FRESH SNOW SNOW PEAS FIVE FIVE TICK HAVE SIX SRABS OF BLUE CHEESE AND MAYBE A SNUG FOR HER BROTHER BOB WE ALSO NEED A SMALL PRUSTIC SNAKE AND A BIG TOY FROG FOR THE KIT SHE CAN SCOP THESE THINGS INTO THREE LIT BAGS AND WE WILL GO MEET HER WENTAY AT THE TRAIN STATION
japanese5.wav,PLEASE CALL STELLA ASK HER TO BRING THESE THINGS WITH HER FROM THE STORE SIX SPOONS OF FRESH SNOW PEAS FIVE THICK SLEDS OF BLUE CHEESE SNA ANSWER AND MAYBE A SNACK FOR HER BLOTHER BOB WE ALSO NEED A SMALL PLASTIC SNAKE AND A BIG TOY FLOG FOR THE KIDS SHE CAN SCOP THESE THINGS INTO THREE RED BAGS AND WE WILL GO MEET HER WEDNESDAY AT THE TRAIN STATION
japanese6.wav,PLEASE GO WITH STELLA ASK HER TO BRING THESE THINGS WITH HER FROM THE STORE SIX SPOONS OF FRESH SNOW PEESE FIVE THICK SLABS OF BLUE CHEESE AND MAYBE A SNACK FOR HER BROTHER BOB WE ALSO NEED A SMALL PLASTIC SNAKE AND A BIG TOY FROG FOR THE KIDS SHE CAN SCOOP THESE THINGS INTO THREE RED BAGS AND WE WILL GO MEET HER WEDNESDAY AT THE TRAIN STATION
japanese7.wav,PLEASE CALL STELLA ASK HER TO BRING THESE THINGS WITH HER FROM THE STORE SIX SPOONS OF FRESH SNOW PEAS FIVE THICK SLAPS OF BLUE CHEESE AND MAYBE A SNACK FOR HER BROTHER BOB WE ALSO NEED A SMALL PLASTIC SNAKE AND A BIG TOY FROG FOR THE KIDS SHE CAN SCOOP THESE THINGS INTO THREE RED BAGS AND WE WILL GO MEET HER WEDNESDAY AT THE TRAIN STATION
japanese8.wav,PLEASE CALL STELLA ASK HER TO BRING THESE THINGS WITH HER FROM THE STORE SIX SPOONS OF FRESH SNOW PEAS FIVE THICK SLABS OF BLUE CHEESE AND MAYBE A SNACK FOR HER BROTHER BOB WE ALSO NEED A SMALL PLASTIC SNAKE AND A BIG TOY FROG FOR THE KIDS SHE CAN SCOOP THESE THINGS INTO THREE RED BAGS AND WE WILL GO MEET HER WEDNESDAY AT THE TRAIN STATION
japanese9.wav,PLEASE CALL STILLA ASK HER TO BRING THESE THINGS WITH HER FROM THE STORE SIX SPOONS OF FRESH SNOW PEASE FIVE THICK SLAWS OF BLUE CHEESE AND MAYBE A SNACK FOR HER BROTHER BOB WE ALSO NEED A SMALL PLASTIC SNAKE AND A BIG TOY FROG FOR THE KIDS SHE CAN SCOOP THE THINGS INTO THREE BAGS AND WE'LL GO MEETHER WENCE TAT THE TRAIN STATION
jola1.wav,PLEASE CALL STELLA ASK HER TO BRING THESE THINGS WITH HER FROM THE STORE SIX SPOONS OF FRESH SNOW PEACH FIVE TI SLABS OF BLUE KEYS AND MAYBE A SNAK FOR HER BOTHER BOT WE ALSO NEED A SMALL PLASTIC SNAKE AND A BIG TOY FROG FOR THE KIDS SHE CAN SCOOP THESE THINGS INTO THREE RED BAGS ANDWE WILL GO MEET MAT NO MEET HER WEDNESDAY AT THE TRAIN STATION
kabyle1.wav,PLEASE CALL STELLA ASK HER TO BRING THESE THINGS WITH HER FROM THE STORE SIX SPOONS OF FRESH SNOW PEAS FIVE THICK SLAPS OF BLUE CHEESE AND MAYBE A SNACK FOR HER BROTHER BOB WE ALSO NEED A SMALL PLASTIC SNACK AND A BIG TOY FROG FOR THE KITS SHE CAN SCOOP THESE THINGS INTO THREE RED BAGS AND WE WILL GO MEET HER WEDNESDAY AT THE TRAIN STATION
kalanga1.wav,PLEASE CALL STELLA ASK HER TO BRING THESE THINGS WITH HER FROM THE STORE SIX SPOONS OF FRESH SNOW PEAS FIVE THICK SLABS OF BLUE CHEESE AND MAYBE A SNAK FOR HER BROTHER BOB WE ALSO NEED A SMALL PLASTIC SNAKE AND A BIG TRI FROG FOR THE KIDS SHE CAN SCOOP THESE THINGS INTO THREE RED BAGS AND WEWILL GO MEET HER WEDNESDAY AT THE TRAIN STATION
kambaata1.wav,PLEASE CALL ISTELA ASK HER TO BRING THESE THINGS WITH HER FROM THE STORE SIXTY SPOONS OF FRESH SNOW PEAS FIVE THICK SLABS OF BLUE CHEESE AND THEY MAY BE A SNUG FOR HER BROTHER BOB WE ALSO NEED A SMALL PLASTIC SNAKE AND A BIG TOY FROG FOR THE KIDS SHE CAN SCOOP THESE THINGS INTO THREE RED BAGS AND WE WILL GO MEET HER WENSDAY AT THE TRAIN STATION
kambaata2.wav,PLEASE CALL STELLA ASK HER TO BRING THESE THINGS FROM HER FROM THE STALL SIX SPOONS OF FRESH SNOW PEAS FIVE THICK SLABS OF BLUE CHEESE AND MAY BE A SNAP OF SNAK FOR HER BROTHER PAW WE ALSO NEED A SMALL PLASTIC SNAKE AND A BIG TOY FROR TOY FROG FROM THE KEYS SHE CAN SCOOP THESE THINGS INTO THREE RAID BAGS AND WE'LL GO TO MEET HER WEDNESDAY AT THE TRAIN STATION
kambaata3.wav,PLEASE CALL STELLA ASK HER TO BRING THESE THINGS WITH HER FROM THE STORE SIX SPOONFUL OF FRESH SNOW PEAS FIVE THICK SLABS OF BLUE CHEESE AND MAYBE A SNIKE FOR HER BROTHER BAB WE ALSO NEED A SMALL PLASTIC SNAKE AND A BIG TOY FROG FOR THE KIDS SHE CAN SCOOP THESE THINGS INTO THREE RED BAGS AND WE WILL GO MEET HER WERNSTAY AT THE TRAIN STATION
kannada1.wav,PLEASE CALL STELLA ASK HER TO BRING THESE THINGS WITH HER FROM US FROM THE STOVE SIX SPOONS OF FRESH SNOW PEAS FIVE THICK SLAPS OF BLUE CHEESE AND MAYBE A SNACK FOR HER BROTHER BOB WE ALSO NEED A SMALL PLASTIC SNACK AND A BIG TOY FOR FOR THE KIDS SHE CAN SCOOP THESE THINGS INTO THREE RED BAGS AND WE WILL GO MEET HER WITHNESTEY AT THE TRAIN STATION
kanuri1.wav,PLEASE CALL STALOR ASK HER TO BRING THESE THINGS WITH HER FROM THE STORE SIX SPOONS OF FRESH SNOW PEAS FIVE THICK SLABS OF BLUE CHEESE AND MAYBE A SNAK FOR HER BROTHER BOB WE ALSO NEED A SMALL PLASTIC SNACK AND A BIG TOY FROCK FOR THE KIDS SHE CAN SCOOP THESE THINGS INTO THREE RED BAGS AND WILL GO TO MEET HER AND WE WILL GO MEET HER WEDNESDAY AT THE TRAIN STATION
kazakh1.wav,PLEASE CALL STELLA ASK HER TO BRING THESE THINGS WITH HER FROM THE STORE SIX SPOONS OF FRESH SNOW PEAS FIVE THICK SLABS OF BLUE CHEESE AND MAYBE A SNACK FOR HER BROTHER BOB WE ALSO NEED A SMALL PLASTIC SNAKE AND A BIG TOY FROG FOR THE KIDS SHE CAN SCOOP THESE THINGS INTO THREE RED BAGS AND WE WILL GO MEET HER WEDNESDAY AT THE TRAIN STATION
kazakh2.wav,PLEASE CALL STELLA ASK HER TO BRING THESE THINGS WITH HER FROM THE STORE SIX SPOONS OF FRESH SNOW PEAS FIVE THICK SLABS OF BLUE CHEESE AND MAYBE A SNACK FOR HER BROTHER BOB WE ALSO NEED A SMALL PLASTIC SNAKE AND A BIG TOY FROK FOR THE KITS SHE CAN SCOOP THESE THINGS INTO THREE RED BAGS AND WE WILL GO MEET HER WEDNESDAY AT THE TRAIN STATION
kazakh3.wav,PLEASE GAL STELLA ASK HER TO BRING THESE THINGS WITH YOU FROM THE STORE SIX SPOONS OF FRESH SNOW PEAS FIVE THICK SLABS OF BLUE CHEESE AND MAYBE A SNUG FOR YOUR BROTHER BOB WE ALSO NEED A SMALL TUSTIC SNAKE AND A BIG TOIL FROG FOR THE KIDS SHE CAN SCOOP THE THINGS INTO THREE RED BAGS AND WE WILL GO MEET YOR WEDNESDAY AT THE TRAIN STATION
khmer1.wav,PLEASE CAUSE TELLA ASK HER TO BRING THESE THINGS WITH HER FROM THE STORE SIX SPOON OF FRESH SNOW PEES FIVE TICK SLAPS OF BLUE CHEESE AND MAYBE A SNAKE FOR HER BROTHER BOB WE ALSO NEED A SMALL PLASTIC SNAKE AND A BIG TOY FROCK FOR THE KIDS SHE CAN SCROWP THESE THINGS INTO THREE RED BAGS AND WE WILL GO MEET HER WHENSDAY AT THE TRAN STATION
khmer2.wav,PLEASE CALL STENA ASK HER TO BRING THIS THING WITH HER FROM THE STORE SIX SPOON OF FRESH SNOW PEA FIVE STICK SLAP OF BLUE CHEESE AND MAYBE A SNAG FOR HER BROTHER BOB WE ALSO NEED A PLOT A SMALL PLASTIC SNAG AND A BIG TOY FROG FOR THE KID SHE CAN SCOP THIS THING INTO THREE RED BAG AND WE WILL GO MEET HER WENESDAY AT THE TRAIN STATION
khmer3.wav,PLEASE CALL STELLA ASK HER TO BRING THE STING WITH HER FROM THE STORE SICH SPOON OF FRESH SNOW PIECE WHY THICK SLAP OF BLUE CHEESE AND MAYBE A SNUG FOR HER BROTHER BOB WE ALSO NIT A SMALL PLASTI SNUCK AND A BIG TOY FROCK FOR THE KIT SHE CAN SCOP THE STING INTO THREE RED BAGS AND WE WILL GO MEET HER WHEN TAY AT THE STRAND THE STRAND STATION
khmer4.wav,PLEASE CALL STELLA ASK HER TO BRING THESE THINGS WITH HER TO THE STORE FROM THE S SIX SPOONFEL OF FRESH SNOW PEAS FIVE THICK SLAP OF BLUE CHEESE AND MAYBE A SNACK FOR BROTHER BOB WE ALSO NEED A SMALL PLASTIC SNAKE AND A BIG TOY FROK FOR KIT SHE CAN SCOOP THESE THINGS INTO THREE RED BAGS AND WE WILL GO MEET HER WEDNESDAY AT THE TRAIN STATION
khmer5.wav,PLEASE CALL STELLA ASK HER TO BRING THESE THINGS WITH HER FROM THE STORE SIX SPOONS OF FRESH SNOW PEAS FIVE THICK SLAPS OF BLUE CHEESE AND MAYBE A SNACK FOR HER BROTHER BOB WE ALSO NEED A SMALL PLASTIC SNACK AND A BIG TOY FROG FOR THE KITS SHE CAN SCOOP THIS THING INTO THREE READ BAGS AND WE WILL GO MEET HER WEDNESDAY AT THE TRAIN STATION
khmer6.wav,PLEASE CALL STELLA ASK HER TO BRING THESE THINGS WITH HER FROM THE STORE SIX SPROINS OF FRESH SNOW PEAS FIVE THICK SLABS OF BLUE CHEESE AND MAY BE A SNAKE FOR BOTHER BOB WE ALSO NEED A SMALL PLASTIC SNAKE AND A BIG TOY FROG FOR THE KIDS SHE CAN SCOOP THESE THINGS INTO THREE RED BAGS AND WE WILL GO MEET HER WEDNESDAY AT THE TRAIN STATION
khmer7.wav,PLEASE CALL STELLA ASK HER TO BRING THIS THING WITH HER FROM THE STORE SIT SPOON AT FRESH SNOW PEER FI STITC A SLAB OF BLUE CHEESE AND MAYBE SNUG FOR HER BROTHER BOB WE ALSO NEED THE SMALL PLASTIC SNAKE ANDA BIG TOY FROK FOR THE KID SHE CAN SCOOP THIS THING INTO THREE RED BAG AND WE WILL GO MEET HER WEDNESDAY AT THE TRAIN STATION
kikongo1.wav,PLEASE CALL STELLA ASK HER TO BRING THESE THINGS WITH HER FROM THE STORE SIX SPOON FRESH SNOW PEAS FIVE THICK SLAPES OF BLUE CHEESE AND MAYBE A SNAKE FOR A BROTHER BOAT FOR A BROTHER BORD WE ALSO NEED A SMALL PLASTIC SNAKE AND A BIG TOY FROG FOR THE KEES SHE CAN SCOOP THESE THINGS INTO THREE RED BAGS AND WE AND WE WILL GO MEET HER WEDNESDAY AT THE TRAIN STATION
kikongo2.wav,PLEASE CALL STELLA ASK HER TO BRING THESE THINGS WITH HER FROM THE STORE SIX SPOONS OF FRESH SNOW PEASE FIVE THICK SLABS OF BLUE CHEESE AND MAYBE A SNACK FO FOR HER BROTHER BOB WE ALSO NEED A SMALL PLASK SNACK AND A BIG TOY FROG FOR THE KIDS SHE CAN SCOOP THESE THINGS INTO THREE RED BAGS AND WE WILL GO MEET HER WENSEDAY AT THE TRAN STATION
kikuyu1.wav,OKEPRIS CALL TERA ASK HER TO BRING THESE THINGS WI HAVE FROM THE STORE SIX SPOONS OF FRESH SNOW PEANS FIVE THICK SHRUBS OF BRUE CHEESE AND MAYBE A SNUG FOR HER BROTHER BOB WE ALSO NEED A SMALL PRUSTIC SNAKE AND A BIG TOY FROG FOR THE KIDS SHE CAN SCOOP THESE THINGS TO THREE LEAD BAGS AND GO MEET HER WEDNESDAY AT THE TRAIN STATION
kikuyu2.wav,PLEASE CO TELER ASK HER TO BRING THESE THINGS WITH HER FROM THE STORE SIX PONSE OF RESSNOW PEAS FIVE TICK SLABS OF BLUE CHEESE AND MAY BE A SNUCK FOR HER BROTHER BOB WO AS ONIND A SMALL PLASTIC SNAKE AND A BIG TOY FROG FOR THE KIDS SHE CAN SCOOP THESE THINGS INTO THREE RED BAGS AND WE WILL GO TO MEET HER WEDNESDAY AT THE TRAIN STATION
kikuyu3.wav,PLEASE CALL STELLA ASK HER TO BRING THESE THINGS WITH HER FROM THE STONE SIX SPOONS OF FRESH SNOW PEESE FIVE THICK SLABS OF BLUE CHEESE AND MAYBE A SNACK FOR HER BROTHER BOB WE ALSO NEED A SMALL PLASTIC SNAKE AND A BIG TOY FROG FOR THE KIDS SHE CAN SCOOP THESE THINGS INTO THREE RED BAGS AND WE WILL GO MEET HER WEDNESDAY AT THE TRAIN STATION
kikuyu4.wav,PLEASE CALL STELLA ASK HER TO BRING THESE THINGS WITH HER FROM THE STORE SIX SPOONS OF FRESH SNOW PEAS THICK FIVE THICK SLABS OF BLUE CHEESE AND MAYBE A SNUG FOR HER BROTHER BOB WE MAY WE ALSO NEED A SMALL PLASTIC SNAKE AND A BIG TOY FROG FOR THE KIDS SHE CAN SCOOP THESE THINGS UP INTO THREE RED BUDS AND WE WILL GO MEET HER WEDNESDAY AT THE TN TRAIN STATION
kirghiz1.wav,PLEASE CALL STELLA ASK HER TO BRING THOSE THINGS WITH HER FROM THE STORE SIX PONDS OF FRESH SNOW APIECE FIVE THINGS SLOPS OF BLUE CHEESE AND MAYBE A SNAC FOR HER BROTHER BOB WE ALSO NEED A SMALL PLASTIC SNAK AND A BIG TOY FROG FOR THE KIDS SHE SHE CAN SCOOP THOSE THINGS  INTO THROUGH RED BACK AND WE WILL GO MEET HER WEDNESDAY AT THE TRAIN STATION
kiswahili1.wav,PLEASE CALL STELLA ASK HER BRING THESE THINGS WITH HER FROM THE STORE SIX SPOONFUS OF FRESH SNOWS PEAS FIVE THIN THICK SLABS OF BLUE CHEESE AND MAYBE A SNUG FOR HER BROTHER BOB WE ALSO NEED A SMALL PLASTIC SNAKE AND A BIG TO FROG FOR THE KIDS SHE CAN SCOOP THESE THINGS INTO THREE RED BAGS AND WE WILL GO MEET HER WEDNESDAY AT THE TRAIN STATION
kiswahili2.wav,PLEASE CALL STELLAR ASK HER TO BRING IN THESE THINGS WE HER FROM THE STORE SIX A SPOON OF FRESH SNOW PEAS FIVE OR SIX SLAB OF BRUOCHES AND MAYBE A SNAKE FOR HER BROTHER BOB WE ALSO NEED A SMALL PLASTIC SNAKE A BIG TOY FROG FOR THE KAYS SHE CAN SCOOP THESE THINGS INTO THREE LEAD BAGS AND WELL GO MEET HER WEN DEY AT THE TRA STATION
kiswahili3.wav,PLEASE CALL STELLA ASK HER TO BRING THESE THINGS WITH HER FROM THE STORE SIX SPOONS OF FRESH SNOW PEAS FIVE THICK SLABS OF BLUE CHEESE AND MAYBE A SNUG FROM HER BROTHER BOB WE ALSO NEED A SMALL PLASTIC SNAKE AND A BIG TOY FROG FOR THE KIDS SHE CAN SCOOP THESE THINGS INTO THREE RED BAGS AND GO MEET HER WEDNESDAY AT THE TRAIN STATION
kiswahili4.wav,PLEASE CALL STELLA ASK HER TO BRING THESE THINGS WITH HER FROM THE STORE SIX SPOONS OF FRESH SNOW PEAS FIVE THICK SLABS OF BLUE CHEESE AND MAYBE A SNUG FOR HER BROTHER BORD WE ALSO NEED A SMALL PLASTIC SNAKE AND A BIG TOY FROG FOR THE KIDS SHE CAN SCOOP THESE THINGS INTO THREE RED BAGS AND WE WILL GO MEET HER WEDNESDAY AT THE TRAIN STATION
kiswahili5.wav,PLEASE CALL STELLA ASK HER TO BRING THESE THINGS WITH HER FROM THE STORE SIX SPOONS OF FRESH SNOW PEAS FIVE THICK SLAPS OF BLUE CHEESE AND MAYBE A SNAG FOR HER BROTHER BOB WEMY WE ALSO NEED A SMALL PLASTIC SNAKE AND A BIG TOY FROG FOR THE KIDS SHE CAN SCOOP THESE THINGS INTO THREE BREAD BAGS AND WEWILL GO AND MEET HER WEDNESDAY AT THE TRAIN STATION
kiswahili6.wav,PLEASE CALL STELLA ASK HER TO BRING THE THINGS WITH HER FROM THE STORE SIX SPOONS OF THE FRESH SNOW PEASE FIVE THICK SLUB OF BLUE CHEESE AND MAYBE A SNIFE FOR HER BROTHER BOB WE ALSO NEED A SMALL PLASTIC SNAKE AND A BIG TOY FROG FOR THE KIDS SHE CAN SCOOP THE THINGS INTO THREE RED BAGS AND WE WILL GET TO MEET HER ON WEDNESDAY AT THE TRAIN STATION
kiswahili7.wav,PLEASE CALL STELLA ASK HER TO BRING THINGS WITH HER FROM THE STORE SIX SPOONS OF FRESH SNOW PEAS FIVE THICK SLABS OF BLUE CHEESE AND MAYBE A SNACK FOR HER BROTHER BOB WE ALSO NEED A SMALL PLASTIC SNAKE AND A BIG TOY FROG FROM FORTHE KIDS SHE CAN SCOOP THESE THINGS INTO THREE RED BAGS AND WILL GO MEET HER WEDNESDAY AT THE TRAIN STATION
kiswahili8.wav,PLEASE CALL STELLA ASK HER TO BRING THESE THINGS WITH HER FROM THE STORE SIX SPOONS OF FRESH SNOW PEAS FIVE THICK SLABS OF BLUE CHEESE AND MAYBE A SNUK FOR HER BROTHER BOB WE ALSO NEED A SMALL PLASTIC SNAKE AND A BIG TOY FROG FOR THE KIDS SHE CAN SCOOP THESE THINGS INTO THREE RED BAGS AND WE'LL GO MEET HER WEDNESDAY AT THE TRAIN STATION
kiswahili9.wav,PLEASE CALL STELLA ASK HER TO BRING THESE THINGS WITH HER FROM THE STORE SIX SPOONS OF FRESH SNOW PEAS FIVE THICK SLABS OF BLOOCHES AND MAYBE A SNAK FOR HER BROTHER BOB WE ALSO NEED A SMALL PLASTIC SNAKE AND A BIG TOY FROG FOR THE KIDS SHE CAN SCOOP THESE THINGS INTO THREE RED BAGS AND WE WILL GO MEET HER WEDNESDAY AT THE TRAIN STATION
konkani1.wav,PLEASE CALL STELLA ASK HER TO BRING THESE THINGS WITH HER FROM THE STORE SIX SPOONS OF FRESH SNOW PEAS FIVE THICK SLABS OF BLUE CHEESE AND MAYBE A SNACK FOR HER BROTHER BOB WE ALSO NEED A SMALL PLASTIC SNAKE AND A BIG TOY FROG FOR THE KITS SHE CAN SCOOP THESE THINGS INTO THREE RED BAGS AND WE WILL GO MEET HER WEDSDAY AT THE TRAIN STATION
korean1.wav,PLEASE CALL STELLA ASK HER TO BRING THESE THINGS WITH HER FROM THE STORE SIX SPOONS OF FRESHNOW PIECE FIVE THICK SLAPS OF BLUE CHEESE AND MAYBE A SNECK FOR HER BROTHERS PAP WE ALSO NEED A SMALL RUSTIC SNACK AND A BIG TOY PRO PLUCK FOR THE KIS SHE CAN SOUP SCOP THE SCOOP THESE THINGS INTO THREE LAD BAGS AND WE'LL GO MEET HER WEDNESDAY AT THE TRAIN STATION
korean10.wav,PRIST COR STELLA ASK HER TO BRING THESE THINGS WITH HER FROM THE STORE SIX SPOON OF FRESH SNOW PEAS PAVTIK SLAVES O BLUE CHEESE AND MAYBE A SNAKE FOR HER BROTHER BAB WE ALSO NEED A SMALL PLASTIC SNAKE AND A BIG TOY PRO PICTOY FROG POTER KE SHE CAN SCOP THESE THINGS INTO THREE LEAD BAGS AND WILL GO MEET HER WEDNESDAY AT THE TRAIN STATION
korean11.wav,PLEASE CALL STELLA ASK HER TO BRING THESE THINGS WITH HER FROM THE STORE SIX PENCE OF FRESH SNOW PEAS FIVE TIG SLAPS OF BLUE CHEESE AND MAYBE A SNAKE FOR HER BROTHER BOB WE ALSO NEED A SMALL PRASTIC SNAK AND A BIG TOY FROG FOR THE KIDS SHE CAN SCOOP THESE THINGS INTO THREE RED BAGS AND WE'LL MEET HER WEDNESDAY AT THE TRAIN STATION
korean12.wav,PLEASE CALL STELLA ASK HER TO BRING THESE THINGS WITH HE HERL FROM THE STORE SIX SPOONS OF FRESH SNOW PIERCE FIVE THICK SLAPS OF A BLUE CHEESE AND MAYBE A SNAKE FOR HE BRITBOT HE ALSO NEED A SMALL PLASTIC SNAKE AND A BIG TOY FROG FOR THE KIDS SHE CAN SCOOP THESE THINGS IN THREE READY BAGS AND WE WILL GO MEET ON WEDNESDAY AT THE TRAIN STATION
korean13.wav,PLEASE CALL STELLA ASK HER TO BRING THESE THINGS WITH HER FROM THE STORE SIX SPOONS OF FRESH SNOW PEASE FIVE THICK SLABS OF BLUE CHEESE AND MAYBE A SNACK FOR HER BROTHER BOB WE ALSO NEED A SMALL PLASTIC SNAKE AND A BIG TOY FROG FOR THE KIDS SHE CAN SCOOP THESE THINGS INTO THREE RED BAGS AND WE WILL GO MEET HER WEDNESDAY AT THE TRAIN STATION
korean14.wav,PLEASE CALL STELLA ASK HER TO BRING THESE THINGS WITH HER FROM THE STORE SIX SPOONS OF FRESH SNOW PEAS FIVE THICK SLABS OF BLUE CHEESE AND MAYBE A SNACK FOR HER BROTHER BOB WE ALSO NEED A SMALL PLASTIC SNAKE AND A BIG TOY FROG FOR THE KIDS SHE CAN SCOOP THESE THINGS INTO THREE RED BAGS AND WE'LL GO MEETER WEDNESDAY AT THE TRAIN STATION
korean15.wav,PRIEST COR TELLER ATCER TO BRING DINGY THINGS WITH HER FROM THE STORE SIX SIX SPOONS OF FRESH SNOW PEA FIVE SIX SLAPS OF BLUE CHEESE AND MAYBE A SNACK FOR HER BROUGHT ABOT WE ALSO NEED A SMALL PLASTIC SNAKE AND A BIG TOY FLOG FOR TO KIGE SHE CAN SCOOP TIG THINGS INTO THREE RED BAGS AND WE WILL GO TO MEET HER WHENSTAY AT THE TRAIN STATION
korean16.wav,PLEASE CORSTELLA ASK HER TO BRING THESE THINGS WITH HER FROM THE STORE SIX SPOONS OF FRESH SNOW PEAS FIVE THICK SLAPS OF BLUE CHEESE AND MAYBE A SNACK FOR HER BROTHER BAB WE ALSO NEED A SMALL PRASTIC SNAKE AND A BIG TOY FROCK OF OTHER KEYS SHE CAN SCOOP THESE THINGS INTO THREE RED BAGS AND WE'LL GO MEET HER WEDNESDAY AT THE TRAIN STATION
korean17.wav,PLEASE CALL STELLA ASK HER TO BRING THESE THINGS WITH HER FROM THE STORE SIX PONS OF FRESH SNOW PS FIVE THICK SLAVS OF BLUE CHEESE AND MAYBE A SNACK FOR HER BROTHER BA WE ALSO NEED A SMALL PLASTIC SNAK AND A BIG TOY FOR FOR THE KISS SHE CANT CUT THESE THINGS INTO THREE RED BAGS AND WE COULD MEET HER WEDNESDAY AT THE TRAIN STATION
korean18.wav,PLEASE CALL STELLA ASK HER TO BRING THESE THINGS WITH HER FROM THE STORE SIX SPOONS OF FRESH SNOW PEAS FIVE THICK SLABS OF BLUE CHEESE AND MAYBE A SNACK FOR HER BROTHER BOB WE ALSO NEED A SMALL PLASTIC SNAKE AND A BIG TOY FROG FOR THE KIDS SHE CAN SCOOP THESE THINGS INTO THREE RED BAGS AND WE WILL GO MEET HER WEDNESDAY AT THE TRAIN STATION
korean19.wav,POLITICAL STELLA ASK HER TO BRING THESE THINGS WITH E HALL FROM THE STORE SIX SPONF OF FRESHY SNOW PIECE FIVE FIVE THIK SLEPS OF BLUE CHEESE AND MAYBE A SNAG FOR HER BROTHER BOB WE ARSO NEED A SMALL PLASTER IN THE SNACK AND A BIG TOY FO FOR THOKIS SHE CAN SCOOP THESE THINGS INTO THREE READY BAGS AND WE WILL GO MEET HER WEDNESDAY AT THE TRAIN STATION
korean2.wav,PLEASE COSTELLA ASK HER TO BRING THESE THINGS WITH HER FROM THE STORE SIX SPOONS OF RESINOF PEAS FIVE THICK LEVS OF BLUE TEAS AND MAYBE A SNAK FOR HER BROTHER PAP WE ALSO NEED A SMALL PLASTIC SNAKE AND BIG TOY FROG FOR THE KEYS SHE CAN SCOP THESE THINGS INTO THREE RED BAGS AND WE WILL GO MEET HER WEDNESDAY AT THE TRAIN STATION
korean20.wav,PLEASE CALL STELLA ASK HER TO BRING THESE THINGS WITH HER FROM THE STORE SIX SPOONS OF FRESH SNOW PEAS FIVE THICK SLABS OF BLUE CHEESE AND MAYBE A SNACK FOR HER BROTHER BOB WE ALSO NEED A SMALL PLASTIC SNAKE AND A BIG TOY FROG FOR THE KIDS SHE CAN SCOOP THESE THINGS INTO THREE RED BAGS AND WE WILL GO MEET HER WEDNESDAY AT THE TRAIN STATION
korean21.wav,PLEASE CALL STELLA ASK HER TO BRING THESE THINGS WITH HER FROM THE STORE SIX SPOON OF FRESH FRESH SNOW PEAS PILE THICK SLABS OF BLUE CHEESE AND MAYBE A SNAG OR HER BROTHER BOB WE ALSO NEED A SMALL PLASTIC SNAG AND A BIG TOY FROG FOR THE KIS SHE CAN SCOOP THESE THINGS INTO THREE RED BAGS AND WE WILL GO MEETHER WEDNESDAY AT THE TRAIN STATION
korean22.wav,PLEASE CALL STELLA ASK HER TO BRING THESE THINGS WITH HER FROM THE STORE SIX SPOONS OF FRESH SNOW PEAS FIVE THICK SLABS OF BLUE CHEESE AND MAYBE A SNACK FOR HER BROTHER BOB WE ALSO NEED A SMALL PLASTIC SNAKE AND A BIG TIFROG FOR THE KIDS SHE COUN SCOOP THESE THINGS INTO THREE RED BACGS AND WE GO MEET HER WEDNESDAY AT THE TRAIN STATION
korean23.wav,PLEASE CURSTELLA ASK HER TO BRING BRING THESE THINGS WITH HER FROM THE STORE SIX SPOONS OF FRESH SNOW PEAS FIVE THICK SLEPS OF BLUE CHEESE AND MAYBE A SNAKE FOR HER BROTHER BOB WE ALSO NEED A SMALL PLASTIC SNAKE AND A BIG TOY FROG FOR THE KISS SHE CAN SCOOP THESE THINGS INTO THREE RED BAGS AND WE'LL GO MEET HER WEDNESDAY AT THE TRAIN STATION
korean24.wav,PLEASE CALL STELLA ASK HER TO BRING THESE TING WITH HER FROM THE STORE SIX SPOONS OF FRESH SNOW PEACH FIVE SIX RABS OF BROOD CHEESE AND MAYBE A SNACK FOR HER BROTE BOT WE ALSO NEED A SMALL PLASTIC SNAKE AND A BIG TOY FROG FOR THE KIT SHE CAN SCOOP THESE THINGS INTO THREE RED BACKS AND WE'LL GO MEET HER WEDNESDAY AT THE TRAIN STATION
korean25.wav,PLEASE CALL STELLA ASK HER TO BRING THESE THINGS WITH HER FROM THE STORE SIX SPOONS OF FRESH SNOW PEAS FIVE TICK LEFT OF PLUCES AND MAYBE A SNAKE FOR HER BROTHER BOB WE ALSO NEED A SMALL PLASTIC SNAKE AND A BIG TOY FROG FOR THE KES SHE CAN SCOOP THESE THINGS INTO THREE READY BAGS AND WE WILL GO MEET HER WEDNESDAY AT THE TRAIN STATION
korean26.wav,PLEASE CALL STELLA ASK HER TO BRING THESE THINGS WITH HER FROM THE STORE SIX SPOONS OF FRESH SNOW PEAS FIVE THICK SLAPS OF BLUE CHEESE AND MAYBE A SNACK FOR HER BROTHER BOB WE ALSO NEED A SMALL PLASTIC SNAKE AND A BIG TOY FROCK FOR THE KIDS SHE CAN SCOOP THESE THINGS INTO THREE RED BAGS AND WE WILL GO MEET HER WEDNESDAY AT THE TRAIN STATION
korean27.wav,PLEASE CALL STELLA ASK HER TO BRING THESE THINGS WITH HER FROM THE STORE SIX A SIXPONCE OF FRESH SNOW PIECE FIVE THICK SLAPS OF BLUE CHEESE AND MAYBE A SNACK FOR HER BROTHER PA WE ALSO NEED A SMALL PLASTIC SNAKE AND A BIG TOY FROG FOR THE KEYS SHE CAN SCOW THESE THINGS INTO THREE RED BAGS AND WE WILL GO MEET HER RENS DAY AT THE TRAIN STATION
korean28.wav,PLEASE CALL STELLA ASK ASKHEL TO BRING THESE THINGS WITH HER FROM THE STORE SIX SIXPONDS OF FRESH SNOW PAS FIVE TICK SERV OF BLUE CHEESE AND MAYBE MAYBE A SNAK FOR HER BROTHER BA WE ALSO NEED A SMALL PRASTIC SNAP AND A BIG TO FROK FOR THE KISS SHE CAN SCOK THESE THINGS INTO INTER THER RED BACK AND WEL GO MEET HALL WENESDAY AT THE TRAIN STATION
korean29.wav,PLEASE CALL STELLA ASK HER TO BRING THESE THINGS WITH HER FROM THE STORE SIX SPOON OF FRESH SNOW PEAS FIVE THICK SLABS OF BLUE CHEESE AND MAYBE A SNAG FOR HER BROTHER PAP WE ALSO NEED A SMALL CLASSIC SNAKE AND A BIG TOY FROG FOR THE KIDS SHE CAN SCOOP THESE THINGS INTO THREE RED BAGS AND WE WILL GO MEET HER WEDNESDAY AT THE TRAIN STATION
korean3.wav,PLEASE CALL STELLA ASK HER TO BRING THES THING WITH HER FROM THE STORE SIX POON OF FRESH NOW PEAS FIVE THICKS LEFT OF BLUE CHEESE AND MAYBE A SNAKE FOR HER BROTHER BOB WE ALSO NEED A SMALL PLASTIC SNAKE AND A BIG TOY FROL FOR THE KIDS SHE CAN SCOOP THESE THINGS INTO THREE RED BAGS AND WE WILL GO MEET HER WEDNSDAY AT THE TRANSTATION
korean30.wav,PRES COSTELLA ASCOT TO BRING THESE THINGS WITH HER FROM THE STORE SIX SPOONS OF FRES SNOW PEESE WIBETICK SLAB OF BLUE CHEESE AND MAYBE A SNAKE FOR HER BROTHER BAP WE ALSO NEED A SMALL PLASTIC SNAK AND A BIG TOY FROK FOR THE KIT SHE CAN SCOOP THESE THINGS INTO THREE RED BAGS AND WE WILL GO MEET HER WENSDAY AT THE TRAIN STATION
korean31.wav,PLEASE CALL STELLA ASK HER TO BRING THESE THINGS WITH HER FROM THE STORE SIX SPOONSE OF FRESH SNOW PIECE FIVE THICK SLAPS OF BLUE CHEESE AND MAYBE A SNAKE FOR A BROTHER POP WE AL SO NEED A SMALL PLASTIC SNAKE AND A BIG TOY FROG FOR THE KEYS SHE CAN SCOOP THESE THINGS INTO THREE RED BAGS AND WE WILL GO MITH HER WENSDAY AT AT THE TRAIN STATION
korean32.wav,PLEASE CALL STELLA ASK HER TO BRING THESE THINGS WE HAVE FROM THE STORE SIX SPOONS OF FRESH SNOW PEACE FIVE THICK SLAPS OF BLUE CHEESE AND MAYBE A SNICK FOR HER BROTHER BOB WE ALSO NEED A SMALL PRICE TICK SNAK AND A BIG TOY FROG FOR THE KIT SHE CAN SCOOP THESE THINGS INTO THREE RED BACKS AND WE WILL GO MAT HER E WEDNESDAY AT THE TRAIN STATION
korean33.wav,PLEASE CALL STELLA ASK HER TO BRING THESE THINGS WITH HER FROM THE STORE SIX SPOONS OF FRESH SNOW PEECE FIVE THICK SLITS OF BLUE CHEESE AND MAYBE A SNECK FOR HER BROTHER BOB WE ALSO NEED A SMALL PLASTIC SNAKE AND A BIG TOY FROG FOR THE KEYS SHE CAN SCOOP THESE THINGS INTO THREE RAD BAGS WILL GO MEET HER WEDNESDAY AT THE TRAIN STATION
korean34.wav,PLEASE CALL STELLA ASK HER TO BRING THESE THINGS WITH HER FROM THE STORE SIX SPOONS OF FRESH SNOW PIECE FIVE THICK SLAPS OF BLUE CHEESE AND MAYBE A SAK FOR HER BROTHER BOB WE ALSO NEED A SMALL PLASTIC SNAKE AND A BIG TOY FROG FOR THE KIDS SHE CAN SCOOP THESE THINGS INTO THREE RED PACKS AND WE GO MITH HER WEN STAY AT THE TRAIN STATION
korean35.wav,PRIS CA TELLER ASK HER TO BRING THIS THINGS WITH A HOP FROM THE STORE SIX SPOONS OF FRESH SNOW PEESE FIVE SIX SLAPS OF BLUE CHEESE AND MAYBE A SNAKE FOR HER BROTHER PA WE ALSO NEED A SMALL PLASTIC SNAKE AND A BIG TOY FROG FOR THE KEYSE SHE CAN SCOOP THESE THINGS INTO THREE READY PACKS AND WE WILL GO MEET HER WEDNESDAY AT THE TRAIN STATION
korean36.wav,PLEASE CALL STELLA ASK HER TO BRING THESE THINGS WITH HER FROM THE STORE SIX SPOONS OF A FRESHE SNOW PIECE FIVE THICK SLABS OF BLUE CHEESE AND MAYBE A SNACK FOR HER BROTHER BOB WE ALSO NEED A SMALL PLASTIC SNAKE AND A BIG TOY FROCK FOR THE KIDS SHE CAN SCOOP THESE THINGS INTO THREE RED BAGS AND WE WILL GO MEET HER WEDNESDAY AT THE TRAIN STATION
korean37.wav,PLEASE CALL STELLA ASK HER TO BRING THESE THINGS WITH HER FROM THE STORE SIX SPOONS OF FRESH SNOW PEAS FIVE THICK SLABS OF BLUE CHEESE AND MAYBE A SNACK FOR HER BROTHER BOB WE ALSO NEED A SMALL PLASTIC SNAKE AND A BIG TOY FROG FOR THE KIDS SHE CAN SCOOP THESE THINGS INTO THREE RED BAGS AND WE'LL WE WILL GO MEET HER WEDNESDAY AT THE TRAIN STATION
korean38.wav,PLEASE CALL STELLA ASK HER TO BRING THESE THINGS WITH HER FROM THE STORE SIX SPOONS OF FRESH SNOW PEAS FIVE THICK SLAPS OF BLUE CHEES AND MAYBE A SNAKE FOR HER BROTHER BOB WE ALSO NEED A SMALL PLASTIC SNAKE AND A BIG TOY FROG FOR THE KEYS SHE CAN SCOOP THESE THINGS INTO THREE RED BAGS AND WE WILL GO MEET HER WEDNESDAY AT THE TRAIN STATION
korean39.wav,PRISCO SER ASK HER BRING THESE THINGS WITH HER FROM THE STORE SIX SPOONFOR FRESH SNOW PEAS FIVE THICK SLIPS OF BLUE CHEESE AND MAYBE A SNAK FOR ER BROTHER BOB WE ALSO NEED A SMALL PRUSTIC SNAKE TAN A BIG TOYA FROG FOR LA KIT SHE CAN SCOOP THESE THINGS INTO TRE RED BAG AND WE WILL GO MEET HER WEDNESDAY AFTER TRAIN STATION
korean4.wav,PLEASE CALL STELLA ASK HER TO BRING THESE THINGS WITH HER FROM THE STORE SIX SPOONS OF FRESHY SNOKED PEASE FIVE THICK SLABS OF BLUE CHEESE AND MAYBE A SNAKE FOR HER BROTHER BOB WILL ALSO NEED A SMALL PLASTIC SNAKE AND A BIG TOY FROG FOR THE KIDS SHE CAN SCOOP THESE THINGS INTO THREE RED BAGS AND WE WILL GO MEET HER WEDNESDAY AT THE TRAIN STATION
korean40.wav,PLEASE CALL STELLA ASK HER TO BRING THESE THINGS WI FROM THE STORE SIX SPOONS OF FRESH SNOW PEAS FIVE THICK SLABS IFH BLUE CHEESE AND MAYBE A SNAKE FOR A BROTHER BOB WE ALSO NEED A SMALL PLASTIC SNAKE AND A BIG TOY FROG FOR THE KIDS SHE CAN SCOOP THESE THINGS INTO THREE RED BAGS AND WE WILL GO MET ER WEDNESDAY AT THE TRAIN STATION
korean41.wav,PLEASE COTELLA ASK HER TO BRING THESE THINGS WITH HER FROM THE STORE SIX SPOONS OF PRESH SNOW PEES FIVE THICK SLAPS OF BLUE CHEESE AND MAYBE A SNACK FOR HER BLOODABOP WE ALSO NEED A SMALL PLASTIC SNECK AND A BIG TOY FROCK FOR THE KIDS SHE CAN SCOOP THESE THINGS INTO THREE RED BAGS AND WE WILL GO MEET HER WEDNESDAY AT THE TRAIN STATION
korean42.wav,PLEASE CALL STELLA ASK HER TO BRING THESE THINGS WITH HER FROM THE STORE SIX SPOONS OF FRESH SNOW P PEAS FIVE FIVE THICK SLABS OF BLUE CHEESE AND MAYBE A SNACK FOR HER BROTHER BOB WE ALSO NEED A SMALL PLASTIC SNAKE AND A BIG TOY FROG FOR THE KIDS SHE CAN SCOOP THESE THINGS INTO THREE RED BAGS AND WE WILL GO MEET HER WEDNESDAY AT THE TRAIN STATION
korean43.wav,PLEASE CALL STELLA ASK HER TO BRING THESE THINGS WITH HER FROM THE STORE SIX SPOONFUS OF FRESH SNOW PEAS FIVE THICK SLAPS OF BLUE CHEESE AND MAYBE A SNACK FOR HER BROTHER BOB WE ALSO NEED A SMALL PLASTIC SNAKE AND A BIG TROY FROG FOR THE KIDS SHE CAN SCOOF THESE THINGS INTO THREE RED BAGS AND WE'LL GO MEET HER WEDNESDAY AT THE TRAIN STATION
korean44.wav,PRINCE COSTELLA ASK HER TO BRING THESE THINGS WITH HER FROM THE STORE SIX SPOONFS OF FRESH SNOW PEASE FIVE THIX SLABS OF BLUE CHEESE AND MAYBE A SNACK FOR HER BROTHEBO WE ALSO NEED THE SMALL PLASTIC SNAKE AND A BIG TOY FLOWR FOR THE KIYS SHE CAN SCOOP THESE THINGS INTO THREE RED BAGS AND WE WILL GO MEET HER WEDNESDAY AT THE TRAIN STATION
korean45.wav,PLEASE CALL STELLA ASK HER TO BRING THESE THINGS WITH HER FROM THE STORE SIX SPOONS OF FRESH SNOW PEAS FIVE THICK LEFT OF BLUE CHEESE AND MAYBE A SNAKE FOR HER BROTHER BAB WE ALSO NEED A SMALL PLASTIC SNAKE AND A BIG TOY FROG FOR THE KEYS SHE CAN SCOOP THESE THINGS INTO THREE RED BAGS AND WE WILL GO MEET HER WEDNESDAY AT THE TRAIN STATION
korean46.wav,PLEASE CALL STELLA ASK HER TO BRING THESE THINGS WITH HER FROM THE STORE SIX SPOONS OF FRESH SNOW PEAS FIVE SIX SLAVES OF BLUE CHEESE AND MAYBE A SNAK FOR HER BROTHER BOB WE ALSO NEED A SMALL PLASTIC SNAKE AND A BIG TOY FROG FOR THE KIDS SHE CAN SCOOP THESE THINGS INTO THREE RED PACKS AND WE WILL GO MEET HER WEDNESDAY AT THE TRAIN STATION
korean47.wav,PLEASE CALL STELLA ASK HER TO BRING THESE THINGS WITH HER FROM THE STORE SIX SPOONS OF FRESH SNOW PEAS FIVE THICK SLABS OF BLUE CHEESE AND MAYBE A SNAK FOR HER BROTHER BOB WE ALSO NEED A SMALL PLASTIC SNAK AND A BIG TOY FROG FOR HER KIDS SHE CAN SCOOP THESE THINGS INTO THREE RED BAGS AND WE WILL GO MEET HER WEDNESDAY AT THE TRAIN STATION
korean48.wav,PLEASE CALL STELLA AS CALL TO BRING THESE THINGS WITH HER FROM THE STORE SIX SPOONS OF FRESH SNOW PEAS FIVE THICK SLAPS OF BLUE CHEESE AND MAYBE A SNACK FOR HER BROTHER PA WE ALSO NEED A SMALL PLASTIC SNAKE AND A BIG TOY FROG FOR THE KIT SHE CAN SCOOP THESE THINGS INTO THREE RED BAGS AND WE'LL GO MEET HON WEDNESDAY AT THE TRAIN STATION
korean49.wav,PLACE CARSELLA ASK HER TO BRING THESE THINGS WITH HER FROM THE STORE SIX SPOON SO FOR NOW PEES FIVE THICK LEFT OF BOOCHES AND MAYBE A SNAKE FOR A BROTHER BOB WE ALSO NEEDLE SMALL BLOSSI NAKS AND A BIG TOY FOR THE KAS SHE CAN SCOOP THESE THINGS INTO THREE RED BAKS AND WE WILL GO METTER MUSTAY AT THE TRAIN STATION
korean5.wav,PLEASE CALL STELLA ASK HER TO BRING THESE THINGS WITH HER FROM THE STORE SIX SPOONS OF FRESH SNOW PEAS FIVEP FIVE THICK SLABS OF BLUE CHEESE AND MAYBE A SNAKE OF HER BROTHER BAB WE ALSO NEED A SMALL PLASTIC SNAKE AND A BIG TOY FROK FOR THE KIDS SHE CAN SCOOP THESE THINGS INTO THREE RED BAGS AND WE WILL GO MEET HER WEDNESDAY AT THE TRAIN STATION
korean50.wav,PREEST CALL STELLA ASK HER TO BRING THESE THINGS WITH HER FROM THE STORE SIX SPOONS OF FRESH SNOW PIECE FIVE THICK SLAPS OF BLUE CHEESE AND MAYBE A SNAKE FOR BROTHER BOB WE ALSO NEED A SMALL PRUSTIC SNAKE AND A BIG TOY FROG FOR THE KISS SHE CAN SCOOP THESE THINGS INTO THREE RED BAGS AND WE WILL GO MEET HER WEDNESDAY AT THE TRAIN STATION
korean51.wav,PLEASE CALL STELLA ASK HER TO BRING THESE THINGS WITH HER FROM THE STORE SIX SPOONFUS OF FRESH SNOW PEAS FIVE THICK SLABS OF T BLUE CHEESE AND MAYBE A SNAK FOR HER BROTHER BOB WE ALSO NEED A SMALL PLASTIC SNAKE AND A BIG TOY FROTH FOR THE KIDS SHE CAN SCOOP THESE THINGS INTO THREE RED BAGS AND WE'LL GO MEET HER WEDNESDAY AT THE TRAIN STATION
korean52.wav,PLEASE CALL STELLA ASK HER TO BRING THESE THINGS WITH HER FROM THE STORE SIX SPOONS OF FRESH SNOW PEES FIVE THICK SLABS OF BLUE CHESE AND MAYBE A SNACK FOR HER BROTHER BOB WE ALSO NEED A SMALL PLASTIC SNAKE AND A BIG TOY FROG FOR THE KIYS SHE CAN SCOOP THESE THINGS INTO THREE RED BAGS AND WE WILL GO METER WEDNESDAY AT THE TRAIN STATION
korean6.wav,PLAT COR SELLER ASK HER TO BRING THE THINGS WITH ER FROMTHER STORE SIX SPOONS OF FRESHY SNOW PEAS FIVE THICK SLAPS OF BLUE CHEES AND MAYBE A SNAKE FOR BOTHER BAB WE ARSO NEEDER SMAR PLASSY SNAKE AND A BIG TOYF FOR THE KIDS SHE CAN SCAPE THESE THINGS INTO THREE RED BACKS AND WELL GO MEET HER WEDNESDAY AT THE TRAIN STATION
korean7.wav,PLEASE CALL STELLA ASK HER TO BRING THESE THINGS WITH HER FROM THE STORE SIX SPOONS OF FRESH SNOW PEAS FIVE THICK SLABS OF BLUE CHEESE AND MAYBE A SNACH FOR HER BROTHER BOB WE ALSO NEED A SMALL PLASTIC SNAKE AND A BIG TOY FROG FOR THE KIDS SHE CAN SCOOP THESE THINGS INTO THREE RED BAGS AND WE WILL GO MEET HER WEDNESDAY AT THE TRAIN STATION
korean8.wav,PLEASE CALL STELLA ESK HER TO BRING THESE THINGS WITH HER FROM THE STORE SIX SPONS OF FRESH SNOW PEAS FIVE TIK SLAVS OF A BLUE CHEESE AND MAYBE A SNAKE FOR HER BROTHER'S BAB WE ALSO NEED A SMALL PLASTIC SNAKE AND A BIG TOY FLOCK FOR THE KISS SHE CAN SCOOP THESE THINGS INTO THREE RED BAGS AND WE WILL GO MEET HER WEDNESDAY AT THE TRAIN STATION
korean9.wav,PLEASE CALL STELLA ASK HER TO BRING THESE THINGS WITH HER FROM THE STORE SIX SPOONS OF FRESH SNOW PEAS FIVE THICK SNABS OF BLUE CHEESE AND MAYBE A SNACK FOR BROTHER BOB WE ALSO NEED A SMALL PLASTIC SNAKE AND A BIG TOY FROG FOR THE KIDS SHE CAN SCOOP THESE THINGS INTO THREE RED BAGS AND WE'LL GO MEET HER WEDNESDAY AT THE TRAIN STATION
krio1.wav,PLEASE GO STELLA ASK HER TO BRING THESE THINGS WIT HER FOM THE STORE SIX SPOONS OF RECH SNOW PEESE FIVE THICK SLABS OF BLUE CHEESE AND MAYBE I SNAG FOR BOARD ABOVE WE ALSO MADE A SMALL PLASTIC SNEAK ANDA AND A BIG TOY FOK FOR THE KIDS SHE CAN SCOOP THESE THINGS INTO THREE GERBERDS AND WE WILL GO MEET HER WENESDAY AT THE TRAIN STATION
krio2.wav,PLEASE CALL STELLA ASK HOW TO BRING THINGS WITH HER FROM THE STORE SIX SPOONFUS OF FRESH SNOW PEAS FIVE THICK SLOBS OF BLUE CHEESE AND MAYBE A SNACK FOR HER BROTHER BOB SNAKE WE ALSO NEED A SMALL PLASTIC SMALL PLASTIC SNAKE AND A BIG TOY FROG FOR THE KIDS SHE CAN SCOOP THINGS INTO THREE RED BAGS AND WE WILL GO MEET HER WEDNESDAY AT THE TRAIN STATION
krio3.wav,PLEASE CALL STELLA ASK HER TO BRING THESE THINGS WITH HER FROM THE STORE SIX SPOONS OF FRESH SNOW PEAS FIVE THICK SLABS OF BLUE CHEESE AND MAYBE A SNACK FOLE HER BROTHER BOBIT WE ALSO NEED A SMALL PLASTIC SNAKE AND A BIG TOY FROG FOR THE KIDS SHE CAN SCOOP THESE THINGS INTO THREE RED BAGS AND WE WE WILL GO MEET HER WEDNESDAY AT THE TRAIN STATION
krio4.wav,PLEASE CALL STELLA ASK HER TO BRING THESE THINGS WITH HER FROM THE STORE SIX SPOONS OF FRESH SNOW PASE FIVE THICK SLABS OF BLUE CHASE AND MAYBE A SNACK FOR HER BROTHER BAB WHO ALSO NEED A SMALL PLASTIC SNAKE AND A BIG TOY FROG FOR THE CITE SHE CAN SCOOP THESE THINGS INTO THESE RED BAGS AND WE WILL GO NEATHE WE WILL GO MEET HER WEDNESDAY AT THE TRAIN STATION
krio5.wav,PLEASE CALL STALION AX A TO BRING THOSE THINGS WHICH ARE FOR THE STORK SIX POUND OF FRESH SNOW PIES FIVE TICKS SLAD OF BLUE CHEESE AND MAYBE A SNACK FOR A BORA BALL WE ALSO NEED A SMALL PLASTIC SNACK AND A BIG TOY FROG FROM THE KIDS SHE CAN SCOOP THOSE THINGS INTO TERED BAG AND WE WILL GO MEET A WEDNESDAY AT THE TWIN STATION
krio6.wav,PLEASE CALL STELLA AX AR TO BRING THESE THINGS WITH AR FROM THE STORE SIX SPOONS OF RESH SNOW PEESE FIVE THICK SLABS OF BLUE CHEESE AND MAYBE A SNAP FOR A BROTER BOB WE ALSO NEED A SMALL PLASTIC SNECK AND A BIG TOIL FORK FOR THE KIDS SHE CAN SCOOP THESE THINGS IN THREE RED BAGS AND WE ALSO WE AND WE WILL GO MEET HER WEDNESDAY AT THE TLIN STATION
kru1.wav,PLEASE CALL STELLA ASK HER TO BRING THESE THINGS WITH HER FROM THE STORE SIX POONS OF FRESH SNOW PEAS FIVE THICK SLIVES OF BLUE CHEESE AND MAYBE A SNACK FOR HER BROTHER BOB WE ALSO NEED A SMALL PLASTIC SNAK AND A BIG TOY FROG FOR THE KIDS WE CAN SCOOP THESE THINGS INTO THREE RED BAGS AND WE WILL GO MEET HER WEDNESDAY AT THE TRAIN STATION
kurdish1.wav,PLEASE CALL STELLA ASK HER TO BRING THESE THINGS WITH HER FROM THE STORE SIX SPOONS OF FRESH SNOW PEARS FIVE THICK SLAPE SLAPS OF BLUE CHEESE AND MAYBE A SNAKE FOR HER BROTHER BOB WE ALSO NEED A SMALL PLASTIC PLASTIC SNAKE AND A BIG TOY FROG FOR THE KITS SHE CAN SCOOP THESE THINGS INTO THREE RED BAGS AND WEO WE WILL GO MEET HER WENSDAY AT THE  TRAIN STATION
kurdish10.wav,PLEASE CALL STILL AND ASK HER TO BRING THIS THINGS WIT HEAR FROM THE STORE SIX PONS FOR THE FRESH SNOWPIS FE FIVE THIK SLIPS OF THE BLOOCHES AND MAYBE A SNACK FOR HER BROTHER BOB WE ALSO NEED A SMALL PLATIC SNACK AND A BIG TOY FROM THE FOR FROP FOR THE KITS SHE CAN'T SCOLD THE THING IN FOR THREE AND BAGS AND WE WILL GO MEET HER WEDNESDAY AT THE TRAININ STATION
kurdish2.wav,PLEASE CALL STELLA ASK HER TO BRING THESE THINGS WITH HER FROM THE STOV SIX SPOONS OF TE FRESH SNOW PEA FIVE THICK SLUB OF BLUE CHEESE AND MAYBE SNUG FOR HER HER BROTHER BOB WE ALSO  NEED SMALL PLASTIC SNUG AND BIG TOY FROG FOR THE KID SHE CAN SCOOP THESE THINGS INTO THEE RED BAGS AND WOLL GO MEET HER WEDNESDAY AT TRAIN STATION
kurdish3.wav,PLEASE CALL SATILLA ASSI HER TO BRING THESE THINGS WITH HER FROM THE STORE SIX SPOONS OF FRESH SNOW PIECE FIVE STICK SLAPS OF BLOOCHES AND MAYBE A SNACK FOR HER BROTHER BOB WE ALSO NEED A SMALL PLASTIC SNAG AND A BIG TOY FROCK FOR THE KIDS SHE CAN SCOOP THESE THINGS INTO THREE RED BAGS AND WE WILL GO MEET HER WEDNESDAY AT THE TRAIN STATION
kurdish4.wav,PLEASE CALL STELLA ASK HER TO BRING THESE THINGS WITH HER FROM THE STORE SIX SPOONS OF FRESH SNOW PEAS FIVE THICK SLABS OF BLUE CHEESE AND MAYBE A SNACK FOR HER BROTHER BOB WE ALSO NEED A SMALL PLASTIC SNACK AND ANABAG TOY SORY AND A BIG TOY FROG FOR THE KITES SHE CAN SCUP THESE THINGS INTO THREE RED BAGS AND WE WILL GO MEET HER WEDNESDAY AT THE TRAIN STATION
kurdish5.wav,PLEASE CALL STELLA ASK HER TO BRING THIS THING FROM WITH HER FROM THE STORE SIX SPOONS OF FRESH SNOW PE FIVE THICK SLABS OF BLUE CHEESE AND MAYBE A SNAG FOR HER BROTHER BOB WE ALSO NEED A SMALL PLASTIC SNAG AND A BIG TOY FROCG FOR THE KIT SHE CAN SCOOP THIS THING INTO THREE RED BAGS AND WE WILL GO MEET HER WEDNESDAY AT THE TRAIN STATION
kurdish6.wav,PLEASE CALL STELLA ASK HER TO BRING THESE THINGS WITH HER FROM THE STORE SIX SPONS OF FRESH SNOW PEESE FIVE THICK SLAVES OF BLUE CHISEL AND MAYBE A SNUG FOR HER BROTHER BOB WE ALSO NEED A SMALL PLASTIC SNAKE AND A BIG TOY FROG FOR THE KIDS SHE CAN SCOOP THESE THINGS INTO THREE RED BAGS AND WE WILL GO MEET HER WEDNESDAY AT THE TRAIN STATION
kurdish7.wav,PLEASE CALL STELLA ASK HER TO BRING THESE THINGS WITH HER FROM THE STORE SIX SPOONS OF FRESH SNOW PEAS FIVE THICK SLABS OF BLUE CHEESE AND MAYBE A SNACK FOR HER BROTHER BOB WE ALSO NEED A SMALL PLASTIC SNAKE AND A BIG TOYF RUG FOR THE KIDS SHE CAN SCOOP THESE THINGS INTO THREE RED BAGS AND WE WILL GO MEET HER WEDNESDAY AT THE TRAIN STATION
kurdish8.wav,PLEASE CALL STILLA ASK HER TO BRING THESE THINGS WITH HER FROM THE STORE SIX SPOONS OF FRESH SNOW PIECE FIVE THICK SLABBES OF BLUE CHEESE AND MAYBE A SNARK FOR HER BROTHER BAP WE ALSO NEED A SMALL PLASTIC SNAKE AND A BIG TOY FROG FOR THE KISS SHE CANT SCOOP THESE THINGS INTO THREE RED BAGS AND WE WILL GO MEET HER WHENTAY AT THE TRAIN STATION
kurdish9.wav,PLEASE CALL THILA ASK HER TO BRING THESE THINGS WITH HER FROM THE STORE SIX SPOONS OF FRESH SNOW PASTE FIVE THICK SLABS OF THE CHESE AND MAYBE A SNAK FOR HER BROTHER BOB WE ALSO NEED A SMALL PLASTIC SNAKE AND A BIG TOY FROG FOR THE KIDS SHE CAN SCOOP THES THINGS INTO THREELE BAGS AND YOUILL GO MEET HERE WEDNESDAY AT THE TRAIN STATION
lamaholot1.wav,PLEASE CALL STELLA ASK HER TO BRING THESE THINGS WITH HER FROM THE STORE SIX SPOONS OF FRESH SNOW PEAS FIVE THICK SLABS OF BLUE TES AND MAYBE A SNACK FOR HER BROTHER BOB WE ALSO NEED A SMALL PLASTIC SNAKE AND A BIG TOY FROK FOR THE KIDS SHE CAN SCOOP THESE THINGS INTO THREE RED PAKS AND WE WILL GO MET HER WETNESS DAY AT THE TRAIN STATION
lamotrekese1.wav,PLEASE CALL STELLA ASK HER TO BRING THESE THINGS WITH HER FROM THE STORE SIX SPOONS OF FRESH SNOW PEAS FIVE THICK SLABS OF BLUE GHEESE AND MAYBE A SNACK FOR HER BROTHER BOB WE ALSO NEED A SMALL PLASTIC SNAKE AND A BIG TOY FROG FOR THE KIDS SHE CAN SCOOP THESE THINGS INTO THREE RED BAGS AND WE'LL GO MEET HER WEDNESDAY AT THE STRANGE STATION
lao1.wav,PLEASE CA STELLA ASK HER TO BRING THESE THINGS WITH HER WITH HER FROM THE STORE SIX SPOONS OF FRESH SNOW PEAS FIVE THICK SLAPS OF BLUE SHEAS AND MAYBE A SNACK FOR HER BROTHER BOB WE ALSO NEED A SMALL PLASTIC SNACK AND A BIG TOY FORK FOR THE KIDS SHE CAN SCOOP THESE THINGS INTO THREE LED BAGS AND WE WILL GO MEET HER WEDNESDAY AT THE TRAIN STATION
lao2.wav,PEACECOL STOR AER TO BI TETING WESHAL FOR THE STORE SI FOL O IS SNOW PRAS WITIN LAP SHRUB OF ROSE AND MAYBE E SNAKE FOR HER BROTHER BOF WE ALSO NEED A SMALL PRIS PRESTI SNAKE AND  BRING TOWN FO FOR HER KIT SECAN SCOOP TOSTING INTO THE LES LES BRAK AND WE WILL GO METHER WENSTAY ASTE TEN TATE
lao3.wav,PLEASE CALL STELLA ASK HER TO BRING THOSTING WITH HER FOM STAW SIX SPOON OF FASNO PIESE FI TIK SLAP OF BLUE CEESE AND MAYBE A SNACK FOR HER BROTHER BOB WE ALSO NEED A SMALL PASTIC SNAK AND A BIG TOY FORK FOR THE KID SE CAN SKEW TOTING INTO THREE RED BAK AND WE WILL GO MEET HER WEDNESDAY AT THE TRAIN STATION
latvian1.wav,PLEASE CALL STELLA ASK HER TO BRING THESE THINGS WITH HER FROM THE STORE SIX SPOONS OF FRESH SNOW PEAS FIVE THICK SLABS OF BLUE CHEESE AND MAYBE A SNACK FOR HER BROTHER BOB WE ALSO NEED A SMALL PLASTIC SNAKE AND A BIG TOY FROG FOR THE KIDS SHE CAN SCOOP THESE THINGS INTO THREE RED BAGS AND WE WILL GO MEET HER WEDNESDAY AT THE TRAIN STATION
latvian2.wav,PLEASE CALL STELLA ASK HER TO BRING THESE THINGS WITH HER FROM THE STORE SIX SPOONS OF FRESH SNOW PEAS FIVE THICK SLABS OF BLUE CHEESE AND MAYBE A SNACK FOR HER BROTHER BOB WE ALSO NEED A SMALL PLASTIC SNAKE AND A BIG TOY FROG FOR THE KIDS SHE CAN SCOOP THESE THINGS INTO THREE RED BAGS AND WE WILL GO MEET HER WEDNESDAY AT THE TRAIN STATION
latvian3.wav,PLEASE CALL STELLA ASK HER TO BRING THESE THINGS WITH HER FROM THE STORE SIX SPOONS OF FRESH SNOW PEAS FIVE THICK SLABS OF BLUE CHEESE AND MAYBE A SNACK FOR HER BROTHER BOB WE ALSO NEED A SMALL PLASTIC SNAKE AND A BIG TOY FROG FOR THE KIDS SHE CAN SKOOP THESE THINGS INTO THREE RED BAGS AND WE WILL GO MEET HER WEDNESDAY AT THE TRAIN STATION
lingala1.wav,PLEASE CALL STELLA ASK HER TO BRING THESE THINGS WITH A WITHER FROM THE STORE SIX SPOONS OF FRESH SNOK PEAS FIVE THICK SLABS OF BLUE CHEESE AND MAYBE A SNUG FOR A BORDER BARB WE ALSO NEED A SMALL PLASTIC  SNAKE SNUG AND A BIG TOY FOG FOR THE KIDS CHIKEN SCOOP THESE THINGS INTO THREE RED BAGS AND WE WILL GO MEET HER ONE DAY AT THE TRAIN STATION
lithuanian1.wav,OH PLEASE CALL STILLA ASK HER TO BRING THESE THINGS WITH HER FROM THE STORE SIX SPOONS OF FRESH SNOW PIECE FIVE THICK SLABS OF BLUE CHEESE AND MAYBE A SNACK FOR HER BROTHER BOB WE ALSO NEED A SMALL PLASTIC SNAKE AND A BIG TOY FROG FOR THE KIDS SHE CAN SCOOP THESE THINGS INTO THREE RED BAGS AND WE WILL GO MEET HER WEDNESDAY AT THE TRAIN STATION
lithuanian2.wav,PLEASE CALLSTELLA ASK HER TO BRING THESE THINGS WITH HER FROM THE STORE SIX SPOONS OF FRESH SNOW PEACE FIVE THICK SLAPS OF BLUE CHEESE AND MAYBE A SNACK FOR HER BROTHER BOB WE ALSO NEED A SMALL PLASTIC SNAKE AND A BIG TOY FROK FOR THE KIDS SHE CAN SCOOP THESE THINGS INTO THREE RED BAGS AND WE WILL GO MEET HER TET WENESDAY AT THE TRAIN STATION
lithuanian3.wav,PLEASE CALL STELLA ASK HER TO BRING THESE THINGS WITH HER FROM THE STORE SIX POUNS OF HER SNOW PIECE FIVE THICK SLABS OF BLUE CHEESE AND MAYBE A SNACK FOR HER BROTHER BOB WE ALSO NEED A SMALL PLASTIC SNAKE AND A BIG TOY FROK FOR THE KIDS SHE CAN SCOOP THESE FIGS INTO THREE RED BAGS AND WE WILL GO MEET HER WEDNESDAY AT THE TRAIN STATION
lithuanian4.wav,PLEASE CALL STELLA ASK HER TO BRING THESE THINGS WITH HER FROM THE STORE SIX SPOONFS OF FRESH SNOW PEAS FIVE FIG SLEBS OF BLUE CHEESE AND MAYBE A SNAKE FOR HER BROTHER BOB WE ALSO NEED A SMALL PLASTIC SNAKE AND A BIG TOY FROK FOR THE KIDS SHE CAN SCOOP THESE THINGS INTO THREE RED BAGS AND WE WILL GO MEET HER WEDNESDAY AT THE TRAIN STATION
lithuanian5.wav,PLEASE CALL STELLA ASK HER TO BRING THESE THINGS FROM THE STORE SIX SPOONS OF FRESH SNOW PEAS FIVE THICK SLABS OF BLUE CHEESE AND MAYBE A SNUG FOR HER BROTHER BOB WE ALSO NEED A SMALL PLASTIC SNAKE AND A BIG TOY FROG FOR THE KIDS T SHE CAN SCOOP THESE THINGS INTO THREE RED BAGS AND WE WILL MEET HER WEDNESDAY AT THE TRAIN STATION
lithuanian6.wav,PLEASE CALL STELLA ASK HER TO BRING THESE THINGS WITH HER FROM THE STORE SIX SPOONS OF PRESHED SNOW PEAS FIVE THICK SLABS OF BLUE CHEESE AND MAYBE A SNACK FOR HER BROTHER BOB WE ALSO NEED A SMALL PLASTIC SNAKE AND A BIG TOY FROG FOR THE KIDS SHE CAN SCOOP THESE THINGS INTO THREE RED BAGS AND E WILL GO MEET HER WEDNESDAY AT THE TRAIN STATION
luo1.wav,PLEASE CALL STELLA ASK HER TO BRING THESE THINGS WE HAVE FROM THE STORE SIX SPOONS OF FRESH SNOW PEES FIVE THICK SLABS OF BLUE CHEESE AND MAYBE A A SNACK FOR HER BROTHR BOB WE ALSO NEED A SMALL PLASTIC SNAK AND A BIG TOY FROG FOR THE KIDS SHE CAN SCOOP THESE THINGS INTO THREE RED BAGS AND WE WILL GO MEET HER WEN IS DAY AT THE TRAIN STATION
luo2.wav,PLEASE CALL STELLA ASK HER TO BRING THESE THINGS WITH HER FROM THE STOW SIX SPOONS OF FRESH SNOW PEAS FIVE THICK SLABS OF BLUE CHEESE AND MAYBE A SNACK FOR HER BROTHER BOB WE ALSO NEED A SMALL PLASTIC SNICK AND A BIG TOY FROG FOR THE KIDS SHE CAN SCOOP THESE THINGS INTO THREE RED BAGS AND WILL GO MEET HER WEDNESDAY AT THE TRAIN STATION
luxembourgeois1.wav,PLEASE CALL STELLA ASK HER TO BRING THESE THINGS WITH HER FROM THE STORE SIX SPOONS OF FRESH SNOW PEESE FIVE THICK SLABS OF BLUE CHEESE AND MAYBE A SNACK FOR HER BROTHER BOB WE ALSO NEED A SMALL PLASTIC SNAKE AND A BIG TOY FROG FOR THE KIDS SHE CAN SCOOP THESE THINGS INTO THREE RED BAGS AND WE WILL GO AND MEET HER WEDNESDAY AT THE TRAIN STATION
macedonian1.wav,PLEASE CALL STELLA ASK HER TO BRING THESE THINGS WITH HER FROM THE STORE SIX SPOONS OF FRESH SNOW PEES FIVE THICK SLAPS OF BLUE CHEESE AND MAYBE A SNACK FOR HER BROTHER BOB WE ALSO NEED A SMALL PLASTIC SNAKE AND A BIG TOY FROG FOR THE KIDS SHE CAN SCOOP THESE THINGS INTO THREE RED BAGS AND WE WILL GO MEET HER WEDNESDAY AT THE TRAIN STATION
macedonian10.wav,PLEASE CALL STELLA ASK HER TO BRING THESE THINGS WITH HER FROM THE STORE SIX SPOONS OF FRESH SNOW PEAS FIVE THICK SLABS OF BLUE CHEESE AND MAYBE A SNACK FOR HER BROTHER BOB WE ALSO NEED A SMALL PLASTIC SNAKE AND A BIG TOY FROCK FOR THE KIDS SHE CANER SCOOP THESE THINGS INTO THREE RED BAGS AND WE'LL GO MEET HER WEDNESDAY AT THE TRAIN STATION
macedonian11.wav,PLEASE CALL STELLA ASK HER TO BRING THESE THINGS WITH HER FROM THE STORE SIX SPOONS OF FRESH SNOW PEAS FIVE THICK SLEVES OF BLUE CHEESE AND MAYBE A SNACK FOR HER BROTHER BOB WE ALSO NEED A SMALL PLASTIC SNAKE AND A BIG TOY FROCK FOR THE KIDS SHE CAN SCOOP THESE THINGS INTO THREE RED BAGS AND WE WILL GO MEET HER WEDNESDAY AT THE TRAIN STATION
macedonian12.wav,PLEASE CALL STELLA ASK HER TO BRING THESE THINGS WITH HER FROM THE STORE SIX SPOONS OF FRESH SNOW PEACE FIVE THICK SLABS OF BLUE CHEESE AND MAYBE A SNACK FOR HER BROTHER BOB WE ALSO NEED A SMALL PLASTIC SNAKE AND A BIG TOY FROG FOR THE KIDS SHE CAN SCOOP THESE THINGS INTO THREE RED BAGS AND WE'LL GO MEET HER WEDNESDAY AT THE TRAIN STATION
macedonian13.wav,PLEASE CALL STELLA ASK HER TO BRING THESE THINGS WITH HER FROM THE STORE SIX SPOONS OF FRESH SNOW PEAS FIVE THICK SLABS OF BLUE CHEESE AND MAYBE A SNAK OF HER BROTHER BOB WE ALSO NEED A SMALL PLASTIC SNAKE AND A BIG TOY FROG FOR THE KIDS SHE CAN SCOOP THESE THINGS INTO THREE RED BAGS AND WE WILL GO MEET HER WEDNESDAY AT THE TRAIN STATION
macedonian14.wav,PLEASE CALL STELLA ASK HER TO BRING THESE THINGS WITH HER FROM THE STORE SIX SPOONS OF FRESH SNOW PEAS FIVE THICK SLABS OF BLUE CHEESE AND MAYBE A SNACK FOR BROTHER BOB WE ALSO NEED A SMALL PLASTIC SNAKE AND A BIG TOY FROG FOR THE KIDS SHE CAN SCOOP THESE THINGS INTO THREE RED BAGS AND WE WILL GO MEET HER WEDNESDAY AT THE TRAIN STATION
macedonian15.wav,PLEASE CALL STELLA ASK HER TO BRING THESE THINGS WITH HER FROM THE STORE SIX SPOONFS OF FRESH SNOW PEAS FIVE THICK SLABS OF BLUE CHEESE AND MAY BE A SNACK FOR HER BROTHER BOB WE ALSO NEED A SMALL PLASTIC SNAKE AND A BIG TOY FROCK FOR THE KIDS SHE CAN SCOOP THESE THINGS INTO THREE RED BAGS AND WE WILL GO MEET HER WEDNESDAY AT THE TRAIN STATION
macedonian16.wav,PLEASE CALL STELLA ASK HER TO BRING THESE THINGS WITH HER FROM THE STORE SIX SPOONS OF FRESH SNOW PEAS FIVE THICK SLABS OF BLUE CHEESE AND MAYBE A SNACKFOR FOR HER BROTHER BOB WE ALSO NEED A SMALL PLASTIC SNAKE AND A BIG TOY FROK FOR THE KIDS SHE CAN SCOOP THESE THINGS INTO THREE RED BAGS AND WE WILL GET GO MEAT HER WEDNESDAY AT THE TRAIN STATION
macedonian17.wav,PLEASE CALL STELLA ASK HER TO BRING THESE THINGS WITH HER FROM THE STORE SIX SPOONS OF FRESH SNOW PEAS FIVE THICK SLABS OF BLUE CHEESE AND MAYBE A SNAG FOR HER BROTHER BOB WE ALSO NEED A SMALL PLASTIC SNAKE AND A BIG TOY FROG FOR THE KIDS SHE CAN SCOOP THESE THINGS INTO THREE RED BAGS AND WE WILL GO MEET HER FOR WEDNESDAY AT THE TRAIN STATION
macedonian18.wav,PLEASE CALL STELLA ASK HER TO BRING THESE THINGS WITH HER FROM THE STORE SIX SPOONS OF FRESH SNOW PEAS FIVE THICK SLABS OF BLUE CHEESE AND MAYBE A SNACK FOR HER BROTHER BOB WE ALSO NEAD A SMALL PLASTIC SNAKE AND A BIG TOY FROG FOR THE KIDS SHE CAN SCOOP THESE THINGS INTO THREE RED BAGS AND WE WILL GO MEET HER WEDNESDAY AT THE TRAIN STATION
macedonian19.wav,PLEASE CALL STELLA ASK HER TO BRING THESE THINGS WITH HER FROM THE STORE SIX SPOONS OF FRESH SNOW PEAS FIVE THICK SLAPS OF BLUE CHEESE AND MAYBE A SNAKE FOR HER BROTHER BOB WE ALSO NEED A SMALL PLASTIC SNAKE AND A BIG TOY FROCK FOR THE KIDS SHE CAN SCOOP THESE THINGS INTO THREE RED BAGS AND WE WILL GO MEET HER WEDNESDAY AT THE TRAIN STATION
macedonian2.wav,PLEASE CALL STEL ASK HER FOR ASK HER TO BRING THESE THINGS WITH HER FROM THE STORE SIX SPOONS OF FRESH SNOW PICS FIVE THICK SLAPS OF BLUE CHEES AND MAYBE A SNACK FOR HER BROTHER BOB WE ALSO NEED A SMALL PLASTIC SNACK AND A BIG TOY FROG FOR THE KIDS SHE CAN SCOOP THESE THINGS INTO THREE RED BAGS AND WE'LL GO MEET HER WEDNESDAY AT THE TRAIN STATION
macedonian20.wav,PLEASE CALL STELLA ASK HER TO BRING THESE THINGS WITH HER FROM THE STORE SIX SPOONS OF FRESH SNOW PEAS FIVE TIK SLAPS OF BLUE CHEESE AND MAYBE A SNAK FOR HER BROTHER BOB WE ALSO KNIT A SMALL PLASTIC SNAKE AND A BIG TOY FROCK FOR THE KIDS FOR THE KIDS SHE CAN SCOOP THESE THINGS INTO THREE RED BAGS AND WE WILL GO MEET HER WEDNESDAY AT THE TRAIN STATION
macedonian21.wav,PLEASE CALL STELLA ASK HER TO BRING THESE THINGS WITH HER FROM THE STORE SIX SPOONS OF FRESH SNOW PEAS FIVE THICK SLAPS OF BLUE CHEESE AND MAYBE A SNACK FOR HER BROTHER BOB WE ALSO NEED A SMALL PLASTIC SNAKE AND A BIG TOY FROK FOR THE KIDS SHE CAN SCOOP THESE THINGS INTO THE INTO THREE RED BACKS AND WE WILL GO MEET HER WEDNESDAY AT THE TRAIN STATION
macedonian22.wav,PLEASE CALL STELLA ASK HER TO BRING THESE THINGS WITH HER FROM THE STORE SIX PAWNS OF FRESH SNOW PEAS FIVE THICK SLABS OF BLUE CHEESE AND MAYBE A SNACK FOR HER BROTHER BOB WE ALSO NEED A SMALL PLASTIC SNAKE AND A BIG TOY FROK FOR THE KIDS SHE CAN SCOOP THESE THINGS INTO THREE RED BAGS AND THEN WE'LL GO MEET HER WEDNESDAY AT THE TRAIN STATION
macedonian23.wav,PLEASE CALL STELLA ASK HER TO BRING THESE THINGS WITH HER FROM THE STORE SIX SPOONFS OF FRESH SNOW PEASE FIVE THICK SLAPS OF BLUE CHEESE AND MAYBE A SNACK FOR HER BROTHER BOB WE ALSO NEED A SMALL PLASTIC SNAKE AND A BIG TOY FROCK FOR THE KIDS SHE CAN SCOOP THESE THINGS INTO THREE RED BAGS AND WE WILL GO MEET HER WEDNESDAY AT THE TRAIN STATION
macedonian24.wav,PLEASE CALL STELLA ASK HER TO BRING THESE THINGS WITH HER FROM THE STORE SIX SPOONS OF FRESH SNOW PEAS FIVE THICK SLABS OF BLUE CHEESE AND MAYBE A SNACK FOR HER BROTHER BOB WE ALSO NEED A SMALL PLASTIC SNAKE AND A BIG TOY FROK FOR THE KIDS SHE CAN SCOOP THESE THINGS INTO THREE RED BAGS AND WE WILL GO MEET HER WEDNESDAY AT THE TRAIN STATION
macedonian25.wav,PLEASE CALL STELLA ASK HER TO BRING THESE THINGS WITH HER FROM THE STORE SIX SPOONS OF FRESH SNOW PEECE FIVE THICK SLABS OF BLUE CHEESE AND MAYBE A SNACK FOR HER BROTHER BOB WE ALSO NEED A SMALL PLASTIC SNAKE AND A BIG TOY FROG FOR THE KIDS SHE CAN SCOOP THESE THINGS INTO THREE RED BAGS AND WE WILL GO MEET HER WEDNESDAY AT THE TRAIN STATION
macedonian26.wav,PLEASE CALL STELLA ASK HER TO BRING THESE THINGS WITH HER FROM THE STORE SIX SPOONS OF FRESH SNOW PIECE FIVE THICK SLAPS OF BLUE CHEESE AND MAYBE A SNECK FOR HER BROTHER BOB WE ALSO NEED A SMALL PLASTIC SNAKE AND A BIG TOY FROG FOR THE KIDS SHE CAN SCOOP THESE THINGS INTO THREE RED BAGS AND WE WILL GO MEET HER WEDNESDAY AT THE TRAIN STATION
macedonian3.wav,PLEASE CAUS STELLA ASK HER TO BRING THESE THINGS WITH HER FROM THE STORE SIX PONDS OF FRESH SNOW PASTE FIVE STICK SLAPS OF BLUECHAYS AND MAYBE A SNACK FOR HER BROTHER BOB WE ALSO NEET A SMALL PLASTIC SNAKE AND A BIG TOY FROCK FOR THE KIDS SHE CAN SCOOP THESE THINGS INTO THREE RED BACKS AND WE WILL GO MEET HER WEDNESDAY AT THE TRAIN STATION
macedonian4.wav,PLEASE CALL STELL ASK HER TO BRING THESE THINGS WITH HER FROM THE STORE SIX SPONS OF FIRST SHOW PLESE FIVE THINGS SLOVS OF BLUE CHEESE AND MAYBE SNUGS FOR HER BROTHER BOB WE ALSO NEED A SMALL PRACTIC SNAKE AND A BIG TOY FROG FOR THE KIT SHE CAN SCOOP THESE THINGS INTO THREE RED BAGS AND WE WILL GO MEET HER WENSDAY AT THE TRAN STATION
macedonian5.wav,PLEASE CALL STELLA ASK HER TO BRING THESE THINGS WITH HER FROM THE STORE SIX SPOONS OF FRESH SNOW PEAS FIVE THICK SLAPS OF BLUE CHEESE AND MAYBE A SNAKE FOR HER BROTHER BOB WE ALSO NEED A SMALL PLASTIC SNAKE AND A BIG TOY FROCK FOR THE KIDS SHE CAN SCOOP THESE THINGS INTO THREE RED BAGS AND WE WILL GO MEET HER WEDNESDAY AT THE TRAIN STATION
macedonian6.wav,PLEASE CALL STELLA ASK HER TO BRING THESE THINGS WITH HER FROM THE STORE SIX SPOONS OF FRESH SNOW PEAS FIVE TICK SLAPS OF BLUE CHEESE AND MAYBE A SNAKE FOR HER BROTHER BOB WE ALSO NEED A SMALL PLASTIC SNAKE FOR AND A BIG TOY FROG FOR THE KIDS SHE CAN SCOOP THESE THINGS INTO THREE RED BAGS AND WE WILL GO MEET HER WEDNESDAY AT THE TRAIN STATION
macedonian7.wav,PLEASE CALL STELLA ASK HER TO BRING THESE THINGS WITH HER FROM THE STORE SIX SPOONS OF FRESH SNOW PEASE FIVE THICK SLAPS OF BLUE CHEESE AND MAYBE A SNAKE FOR HER BROTHER BOB WE ALSO NEED A SMALL PLASTIC SNAKE AND A BIG TOY FROK FOR THE KIDS SHE CAN SCOOP THESE THINGS INTO THREE RED BAGS AND WE WILL GO MEET HER WEDNESDAY AT THE TRAIN STATION
macedonian8.wav,PLEASE CALL STELLA ASK HER TO BRING THESE THINGS WITH HER FROM THE STORE SIX SPOONS OF FRESH SNOW PEAS FIVE THICK SLABS OF BLOOCHES AND MAYBE A SNAKE FOR HER BROTHER BOB WE ALSO NEED A SMALL PLASTIC SNAKE AND A BIG TOY FROK FOR THE KIDS SHE CAN SCOOP THESE THINGS INTO THREE RED BAGS AND WE WILL GO MEET HER WEDNESDAY AT THE TRAIN STATION
macedonian9.wav,PLEASE CALL STELLA ASK HER TO BRING THESE THINGS WITH HER FROM THE STORE SIX SPOONS OF FRESH SNOW PEAS FIVE THICK SLAPS OF BLUE CHEESE AND MAYBE A SNAKE OF HER BROTHER BOB WE ALSO NEED A SMALL PLASTIC SNAKE AND A BIG TOY FROG FOR THE KIDS SHE CAN SCOOP THESE THINGS INTO THREE BAGS THREE RED BAGS AND WE WILL GO MEET HER WEDNESDAY AT THE TRAIN STATION
malagasy1.wav,PLEASE CALL STELLA ASK HER TO BRING THERE THINGS WITH TEFORM OF STORE SIX SPOONFS OF FRESH NOW PINCES FIVE FIVE THICK SLABS OF BLUE CHEESES AND MAYBE A SNAG OF HER BROTHER BOB WE AL SO KNEED THE SMALL PLASTIC NECK AND A BIG TOY FROG FOR KIDS SICOND SCOOP THOSE THINGS INTO THREE RED BAXES AND WE WILL GO MEET HER WENESDAY AT THE TRAIN STATION
malay1.wav,PLEASE CALL STELLA ASK HER TO BRING THESE THINGS WITH HER FROM THE STORE SIX SPOONS OF FRESH SNOW PEAS FIVE THICK SLABS OF BLUE CHEESE AND MAYBE A SNECK FOR HER BROTHER BOB WE ALSO NEED A SMALL PLASTIC SNAKE AND A BIG TOY FROG FOR THE KIDS SHE CAN SCOOP THESE THINGS INTO THREE RED BAGS AND WE WILL GO MEET HER WEDNESDAY AT THE TRAIN STATION
malay2.wav,PLEASE CALL STELLA ASK HER TO BRING THESE THINGS WITH HER FROM THE STORE SIX SPOONS OF FRESH SNOW PEAS FIVE THICK SLEPS OF BLUE CHEESE AND MAYBE A SNACK FOR HER MOTHER BA WE ALSO NEED A SMALL PLASTIC SNAKE AND A BIG TOY FROCK FOR THE KIDS SHE CAN SCOOP THESE THINGS INTO THREE RED BAGS AND WE WILL GO MEET HER WEDNESDAY AT THE TRAIN STATION
malay3.wav,PLEASE CALL STELLA ASK HER TO BRING THESE THINGS WITH HER FROM THE STORE SIX SPOONS OF FRESH SNOW PEAS FIVE THICK SLAPS OF BLUE CHEESE AND MAYBE A SNACK FOR HER BROTHER BOB WE ALSO NEED A SMALL PLASTIC SNAKE AND A BIG TOY FROCK FOR THE KIDS SHE CAN SCOOP THESE THINGS INTO THREE REAT BAGS AND WE WILL GO MEET HER WEDNESDAY AT THE TRAIN STATION
malay4.wav,PLEASE CALL STELLA ASK HER TO BRING THESE THINGS WITH HER FROM THE STORE SIX SPOONS OF FRESH SNOW PEAS FIVE THICK SLABS OF BLUE CHEESE AND MAYBE A SNACK FOR HER BROTHER BOB WE ALSO NEED A SMALL PLASTIC SNAKE AND A BIG TOY FROG FOR THE KIDS SHE CAN SCOOP THESE THINGS INTO THREE RED BAGS AND WE WILL GO TO MEET HER WEDNESDAY AT THE TRAIN STATION
malay5.wav,PLEASE CALL STELLA ASK HER TO RING THESE THINGS WITH HER FROM THE STORE SIX SPOONS OF FRESH SNOW PEAS FIVE TICX SLABS OF BLUE CHEESE AND MAYBE A SNAK FOR HER BROTHER BOB WE ALSO NEED A SMALL PLASTIC SNAKE AND A BIG TOY FROCK FOR THE KIDS SHE CAN SCOOP THESE THINGS INTO THREE RED BAGS AND WE WILL GO MEET HER WEDNESDAY AT THE TRAIN STATION
malayalam1.wav,PLEASE CALL STELLA ASK HER TO BRING THESE THINGS WITH HER FROM THE STORE SIX SPOONS OF FRESH SNOW PEESE FIVE THICK SLAPS OF BLUE CHEESE AND MAYBE A SNACK FOR HER BROTHER BOB WE ALSO NEED A SMALL PLASTIC SNAKE AND A BIG TOY FROG FOR THE KITS SHE CAN SCOOP THESE THINGS INTO THREE RED BAGS AND WE WILL GO MEET HER WEDNESDAY AT THE TRAIN STATION
malayalam2.wav,PLEASE CALL STELLA ASK HER TO BRING THESE THINGS WITH HER FROM THE STORE SIX SPOONS OF FRESH SNOW PEES FIVE THICK SLABS OF BLUE CHEESE AND MAYBE A SNACK FOR HER BROTHER BOB WE ALSO NEED A SMALL PLASTIC SNAKE AND A BIG TOY FROG FOR THE KITS SHE CAN SCOOP THESE THINGS INTO THREE RED BAGS AND WE WILL GO MEET HER WEDNESDAY AT THE TRAIN STATION
malayalam3.wav,PLEASE CALL STELLA ASK HER TO BRING THESE THINGS WITH HER FROM THE STORE SIX SPOONS OF FRESH SNOW PEAS FIVE THICK SLABS OF BLUE CHEESE AND MAYBE A SNACK FOR HER BROTHER BOB WE ALSO NEED A SMALL PLASTIC SNAKE AND A BIG TOY FROG FOR THE KIDS SHE CAN SCOOP THESE THINGS INTO THREE RED BAGS AND WE WILL GO MEET HER WEDNESDAY AT THE TRAIN STATION
malayalam4.wav,PLEASE CALL STELLA ASK HER TO BRING THESE THINGS WITH HER FROM THE STORE SIX SPOONS OF FRESH SNOW PEAS FIVE THICK SLABS OF BLUE CHEESE AND MAYBE A SNACK FOR HER BROTHER BOB WE ALSO NEED A SMALL PLASTIC SNAKE AND A BIG TOY FROG FOR THE KIDS SHE CAN SCOOP THESE THINGS INTO THREE RED BAGS AND WE WILL GO MEET HER AT WEDNESDAY THE RAIN STATION
maltese1.wav,PLEASE CALL STELLA ASK HER TO BRING THESE THINGS WITH HER FROM THE STORE SIX SPOONS OF FRESH SNOW PEAS FIVE THICK SLABS OF BLUE CHEESE AND MAYBE A SNACK FOR HER BROTHER BOB WE ALSO NEED A SMALL PLASTIC SNAKE AND A BIG TOY FROG FOR THE KIDS SHE CAN SCOOP THESE THINGS INTO THREE RED BAGS AND WE WILL GO MEET HER WEDNESDAY AT THE TRAIN STATION
maltese2.wav,PLEASE CALL SELLA ASK HER TO BRING THESE THINGS WITH HER FROM THE STORE SIX SPOONS OF FRESH SNOW PEESE FIVE THICK SLAPS OF BLUE CHEESE AND MAYBE A SNAK FOR HER BROTHER BOB WE ALSO NEED A SMALL PLASTIC SNAKE AND A BIG TOY FROG FOR THE KIDS SHE CAN SCOOP THESE THINGS INTO THREE RED BAGS WE AND WE WILL GO MEET HER WHENSTAY AT THE AT THE TRAIN STATION
mandarin1.wav,PLEASE CALL STELLA ASK HER TO BRING THESE THINGS WITH HER FROM THE STORE SIX SPOONS OF FRES SNOW PEAS FIVE THICK SLABS OF BLUE CHEESE AND MAYBE A SNAKE FOR HER BROTHER BOB WE ALSO NEED A SMALL PLASTIC SNAKE AND A BIG TOR FROG FROM THE CAGE SHE CAN SCOP THESE THINGS INTO THREE RED BAGS AND WE WILL GO MEET HER WEDNESDAY AT THE TRAIN STATION
mandarin10.wav,PLEASE CALL STELLA ASK HER TO BRING THESE THINGS WITH HER FROM THE STORE SIX SPOONS OF FRESH NOPIESE FIVE THICK SLABS OF BLUE CHEESE AND MAYBE A SNIKE FOR HER BROTHER BOB WE ALSO NEED A SMALL PLASTIC SNIKE AND A BIG TOY FROCK FOR THE KIDS SHE CAN SCOOP THESE THINGS INTO THREE RED BAGS AND WE'LL GO MEET HER WEDNESDAY AT THE TRAIN STATION
mandarin11.wav,PLEASE CALL STELLA ASK HER TO BRING THE THINGS WITH HER FROM THE STORE SIX POINTS OF FRESH SNOW PEESE FIVE THICK SLABS OF BLUE CHEESE AND MAYBE A SNACK FOR HER BROTHER BOB WE ALSO NEED A SMALL PLASTIC SNAKE SNACK AND A BIG TOY FLOCK FOR THE KID SHE CAN SCOOP THESE THINGS INTO THREE RED BAGS AND WE WILL GO MEET HER WEDNESDAY AT THE TRAIN STATION
mandarin12.wav,PLEASE CALL STELLA ASK HER TO BRING THESE THINGS WITH HER FROM THE STORE SIX SPOONS OF FRESH SNOW PEAS FIVE THICK SLAPS OF BLUE CHEESE AND MAYBE A SNACK FOR HER BROTHER BOB WE ALSO NEED A SMALL PLASTIC SNAKE AND A BIG TOY FROCK FOR THE KIDS SHE CAN SCOOP THESE THINGS INTO THREE RIT BAGS AND WE WILL GO MEET HER WEDNESDAY AT THE TRAIN STATION
mandarin13.wav,PLEASE COST ELLEN ASK HER TO BRING THESE THINGS WITH HER FROM THE STOR SIX SPOONS OF FRESH SNOW PEAS FIVE THICK SLAPS OF BLUE CHEESE AND MAYBE A SNAKE FOR HER BROTHER BUB WE ALSO NEED A SMOLL PLASTIC SNAKE AND THE BIG TOYY FROG FUR THE KEYS SHE CAS KOV THESE THINGS INTO THREE RAD BAGS AND WE WILL GO MEET HER WEDNESDAY AT THE TRAIN STATION
mandarin14.wav,PRIS CALL STELLA ASK HER TO BRING THESE THINGS WITH HER FROM THE STORE SIX SPOONS OF FRESH SNOW BEES FIVE THICK SLABS OF BLUE CHEESE AND MAYBE A SNACK FOR HER BROTHER BOB WE ALSO NEED A SMALL PLASTIC SNAKE AND A BIG TOY FROG FOR THE KIDS SHE CAN SCOOP THESE THINGS INTO THREE RED BAGS AND WE'LL GO MEET HER WEDNESDAY AT THE TRAIN STATION
mandarin15.wav,PLEASE CALL STELLA ASK HER TO BRING THESE THINGS WITH HER FROM THE STORE SIX SPOONSOF FRESH SNOW PEASE FIVE THICK SLAPS OF BLUE CHEESE AND MAYBE A SNACK FOR HER BROTHER BOB WE ALSO NEED A SMALL PLASTIC SNAKE AND A BIG TOY FROG FOR THE KIDS SHE CAN SCOOP THESE THINGS INTO THREE RED BACKS AND WE WILL GO MEET HER WEDNESDAY AT THE TRAIN STATION
mandarin16.wav,PLEASE CALL STELLA ASK HER TO BRING THESE THINGS WITH HER FROM THE STORE SIX SPOONS OF FRASH SNOW PEAS FIVE THICK SLAPS OR BLUE CHEESE AND MAYBE A SNACK FOR HER BROTER BOB WE ALSO NEED A SMALL PLASTIC SNAKE AND A BIG TOY FROCK FOR THE KID SHE CAN SCOOP THES THINGS INTO THREE LED BACKS AND WE WILL GO MEET HER WEDNESDAY AT THE TRAIN STATION
mandarin17.wav,PRINCE COS THEN ASKED HER TO BRING THESE THINGS WITH HER FROM THE STORE SIX SPOONS OF FRESH SNOW PEAS FIVE THICK SNAPPERS OF BLOE CHEESE AND MAYBE A SNACK FOR HER BROTHER BOB WE ANTTO NEED A SMALL PLASTIC SNAKE AND A BIG TOY FROG FOR THE KEYS SHE CAN SCROP THESE THINGS INTO THREE RED BAGS AND WE WILL GO MEET HER WEDNESDAY AT THE TRAIN STATION
mandarin18.wav,PLEASE CALL STELLA ASK HER TO BRING TE SCENES WITH HER FROM THE STORE SIX SPOONS OF FRESH SNOW PEAS FIVE THICK SLABS OF BLUE CHEESE AND MAYBE A SNACK FOR HER BROTHER BUB WE ALSO NEED A SMALL PLASTIC SNACK AND A BIG TOY FROK FOR THE KIDS SHE CAN SCOOP THE SINES INTO THREE RADE BACKS AND WE WILL GO MEET HER WEDNESDAY AT LATHAN STATION
mandarin19.wav,PLEASE CALL STELLA ASK HER TO BRING THESE THINGS WITH HER FROM THE STORE SIX SPOONS OF FRESH SNOW PEASE FIVE THICK SLAPS A BLUE CHEESE AND MAYBE A SNACK FOR HER BROTHER BOB WE ALSO NEED A SMALL PLASTIC SNAKE IN A BIG TOY FOG FOR THE KIDS SHE CAN SCROOP THESE THINGS INTO THREE RED BAGS AND WE WILL GO MEET HER WENSDAY AT THE TRAIN STATION
mandarin2.wav,PLEASE CALL STELLA ASK HER TO BRING THESE THINGS WITH HER FROM THE STORE SIX SPOONS OF FRESH SNOW PEANS FIVE THICK SLABES OF BLUE CHEESE AND MAYBE A SNACK FOR HER BROTHER BOB WE ALSO NEED A SMALL PLASTIC SNAKE AND A BIG TOY FROCK FOR HER FOR THE KITS SHE CAN SCOOP THESE THINGS INTO THREE RED BAGS AND WE'LL GO MEET HER WEDNESDAY AT THE CHIN STATION
mandarin20.wav,PLEASE CALL STELLA ASK HER TO BRING THESE THINGS WITH HER FROM THE STORE SIX SPOONS OF FRESH SNOW PEASE FIVE THICK SLABS OF BLUE CHEESE AND MAYBE A SNACK FOR HER BROTHER BOB WE ALSO NEED A SMALL PLASTIC SNAKE AND A BIG TOY FROCK FOR THE KIDS SHE CAN SCOOP THESE THINGS INTO THREE RED BAGS AND WE WILL GO MEET HER WEDNESDAY AT THE TRAN STATION
mandarin21.wav,PLEASE CALL STELLA ASK HER TO BRING THESE THINGS WITH HER FROM THE STORE SIX SPOONS OF FRESH SNOW PEAS FIVE THICK SLAPS OF BLUE CHEESE AND MAYBE A SNACK FOR HER BROTHER BOB WE ALSO NEED A SMALL PLASTIC SNAKE AND A BIG TOY FROG FOR THE KIDS SHE CAN SCOOP THESE THINGS INTO THREE RED BAGS AND WE WILL GO MEET HER WEDNESDAY AT THE TRAIN STATION
mandarin22.wav,PRIS CA STELLER ASK HER TO BRING THES THING WITH HER FROM THE STORE SIX SPOONS OF FRESH SNAIL PEAS FIVE THICK SLAPS OF BLUE CHEESE AND MAYBE A SNAKE FOR HER BROTHER BOB WE ALSO NEED A SMALL PRUSTIC SNAKE AND A BIG TOY FROCK FOR THE KIDS SHE CAN SCOOP THE THINGS INTO THREE RED BACGS AND WELL GO MEET HER WEDNESDAY AT THE TRAIN STATION
mandarin23.wav,PRIC COSTELLA ASK HER TO BRING THESE THINGS WI HER FONDER STORE SIX SPONS OF FRESH SNOW PEESE FIVE THINGS CELEBRATES OF BLUE CHEESE AND MAYBE A SNAKE FOR HER BROTHER BOB WE ALSO NEED A SMALL PRA PRACTIC SNAK AND A BIG TOY FUNG FOR THE KIDS SHE CAN SCOOP THESE THINGS INTO THREE TREE A THREE RATE BAT AND WE WILL GO MEET HER WEDNESDAY AT THE TRAIN STATION
mandarin24.wav,PLEASE CALL STELLA ASK HER TO BRING THESE THINGS WITH HER FROM THE STORE SIX SPOONS OF FRESH SNOW PEAS FIVE THICK SLABS OF BLUE CHEESE AND MAYBE A SNACK FOR HER BROTHER BOB WE ALSO NEED A SMALL PLASTIC SNAKE AND A BIG TOY FROG FOR THE KIDS SHE CAN SCOOP THESE THINGS INTO THREE RED BAGS AND WE WILL GO MEET HER WEDNESDAY AT THE TRAIN STATION
mandarin25.wav,PLEASE CALL STELLA ASK HER TO BRING THESE THINGS WITH HER FROM THE STORE SIX SPOONS OF FRESH SNOW PEAS FIVE THICK SLABS OF BLUE CHEESE AND MAYBE A SNACK FOR HER BROTHER BOB WE ALSO NEED A SMALL PLASTIR SNAKE AND A BIG TOY FROG FOR THE KIDS SHE CAN SCOOP THESE THINGS INTO THREE RED BAGS AND WE WILL GO MEET HER WEDNESDAY AT THE TRAIN STATION
mandarin26.wav,PLEASE CAL TELA ASK HER TO BRING THESE THINGS WITH HER FROM THE STORE SIX SPOONS OF FRESH SNOW PEESE FIVE THICK SLABS OF BLUE CHEESE AND MAYBE A SLAG FOR HER BUTTERPI WE ALSO NEED A SMALL PLASTIC SNAKE AND A BIG TOY FOG FOR THE KEYS SHE CAN SCOOP THESE THINGS INTO SWEE RED BAGS AND WE WILL GO MEET HER WHEN THEY ANT THE TRAIN STATION
mandarin27.wav,PLEASE CALL STELDA ASK HER TO BRING THESE THINGS WITH HER FROM THE STORE SIX SPOONFULFU FRESH SNOW PEAS FIVE THICK SLABS OF BLUE CHEESE AND MAYBE A SNACK FOR HER BROTHER BOB WE ALSO NEED A SMALL PLASTIC SNAKE AND A BIG TOY FROG FOR THE KIDS SHE CAN SCOOP THESE THINGS INTO THREE RED BAGS AND WE WILL MEET HER WEDNESDAY AT THE TRAIN STATION
mandarin28.wav,PLEASE CALL STELLAR ASK HER TO BRING THESE TINS WITH HER FROM THE STORE SIX SPOONS OF FRESH SNOWBEES FIVE THICK SLABS OF BROOCHES AND MAYBE A SNACK FOR HER BROTHER BOB WEL ALSO NEED A SMALL PLASTIC SNAKE AND A BIG TOY FROK FOR THE KIDS SHE CAN SCOPE THESE TINS INTO THREE RARE BAGS AND WE WILL GO MEET HER ONE SDAY AT THE TRAIN STATION
mandarin29.wav,PLEASE CALL STELLA ASK HER TO BREATHE THINGS WITH HER FROM THE STORE SIX SPOONS OF FRESH SNOW PEAS FIVE THICK SLABS OF BLUE CHEESE AND MAYBE A SNACK FOR HER BROTHER BOB WE ALSO NEED A SMALL PLASTIC SNAKE AND A BIG TOY FROCK FOR THE KIDS SHE CAN SCOP THE THING INTO THREE RED BACKS AND WE WILL GO MEET HER WEDNESDAY AT THE TRAIN STATION
mandarin3.wav,PLEASE CALL STELLA ASK HER TO BRING THESE THINGS WITH HER FROM THE STORE SIX SPOONS OF FRESH SNOW PEAS FIVE THICK SLABBERS OF BLUE CHEESE AND MAYBE A SNACK FOR HER BROTHER BOB WE ALSO NEED A SMALL PRUSTIC SNACK A SNAKE FOR A PIG AND A BIG TOY FROG FOR THE KID SHE CAN SCOOP THOSE THINGS INTO THREE RED BAGS AND WE WILL GO MEET HER WEDNESDAY AT THE TWIN STATION
mandarin30.wav,PLEASE CALL STELLA ASK HER TO BRING THESE THINGS WITH HER FROM THE STORE SIX SPOONS OF FRESH SNOW PEAS FIVE THICK SLAPS OF BLUE CHEESE AND MAYBE A SNAKE FOR HER BROTHER BOB WE ALSO NED A SMALL PLASTIC SNAKE AND A BACG TOY FROG FOR THE KIDS SHE CAN SCOOP THESE THINGS INTO THREE RED BAGS AND WE WILL GO MEET HER WEDNESDAY AT THE TRAIN STATION
mandarin31.wav,PLEASE CALL STELLA ASK HER TO BRING THESE THINGS WITH HER FROM THE STORE SIX SPOONS OF FRESH SNOW PEAS FIVE THICK SLEGS OF BRUWE CHEESE AND MAYBE A SNACK FOR BROTHER BOB WE ALSO MADE A SMALL PLASTIC SNAKE AND A BIG TOY FROG FOR THE KIDS SHE CAN SCOOP THE THINGS INTO THREE RED BAGS AND WE'LL GOL MEET HER WEDNESDAY AT THE TRAIN STATION
mandarin32.wav,PLEASE CO STETA ASK HER TO BRING THESE THINGS WITH HER FROM THE STORE SIX SPOONS OF FRESH SNOW PEAS FIVE THICK SLAPS OF BLE CHEESE AND MAYBE A SNIKE FOR HER BROTHER BOB WE ALSO NEED A SMALL PLATE SNAG AND A BIG TOY FROCK FOR THE KEATH SHE CAN SCROP THESE THINGS INTO THREE RED BAGS AND WE WILL GO MEET HER WENESDAY AT THE TRAIN STATION
mandarin33.wav,PLEASE CALL STELLA ASK HER TO BRING THESE THINGS WITH HER FROM THE STORE SIX SPOONS OF FRESH SNOW PEAS FIVE THICK SLABS OF BLUE CHEESE AND MAYBE A SNACK FOR HER BROTHER BOB WE ALSO NEED A SMALL PLASTIC SNAKE AND A BIG TOY FROG FOR THE KIDS SHE CAN SCOOP THESE THINGS INTO THREE RED BAGS AND WE WILL GO MEET HER WEDNESDAY AT THE TRAIN STATION
mandarin34.wav,PLEASE CALL STELLA ASK HER TO BRING THESE THINGS WITH HER FROM THE STORE SIX SPOONS OF RICHSNO CHEESE FAT BIKA SLAB OF BLUE CHEESE AND MAYBE A SMIKE OR BROTHER WALK WE ALSO NADE A SMALL PLASTIC SMIKE AND A BIG TALL FROG FOR THE KEYS SHE CAN SCOOP THESE THINGS INTO THREE RIGHT BAGS AND WIL GO MAKE HER WENESDAY AT THE TRI STATION
mandarin35.wav,PLEASE CALL STELLA ASK HER TO BRING THESE THINGS WITH HER FRO WITH HER FROM THE STORE SIX SPOONS OF RUSH SNOW PEAS FIVE THICK SLEBS OF BLUE CHEESE AND MAYBE A SNAK FOR HER BROTHER BOB WE ALSO NEED A SMALL PLASTIC SNAKE AND A BIG TOY FROG FOR THE KISS SHE CAN SCOOP THESE THINGS INTO THREE RED BAGS AND WE WILL GO MEET HER WENESDAY AT THE TRAIN STATION
mandarin36.wav,PLEASE CAS TALLER ASK HER TO BRING THESE THINGS WITH HER FROM THE STORE SIX SIX SPOONS OF FRESH SNOW PEAS FIVE TIX SLIPS OF BLUE CHEESE AND MAYBE A SNAKE FOR HER BROTHER BOB WE ALSO NEED A SMALL PLASTIC SNAKE AND A BIG TOY FROG FOR THE KEYS SHE CAN SCRUB THESE THINGS INTO THREE RED BAGS AND WAY WE'LL GO MEET HER WEDNESDAY AT THE STRIAN STATION
mandarin37.wav,PLEASE CA STEALER ASK HER TO BRING THESE THINGS WITH HER FROM THE STORL SIX PONS OF FRENCH SNOW PIECE FIVE THICK SLABS OF BLUE CHEESE AND MAYBE A SNAKE FOR HER BROTHER BOB WE ALSO NEED A SMALL PLACITIC SNAKE AND A BIG TOY FROG FOR THE KIDS SHE CAN SCOPE THESE THINGS INTO THREE RED BAGS AND WE WILL GO MEET HER WEDNESDAY AT THE TRAIN STATION
mandarin38.wav,PLEASE CALL STELLA ASK YOU ASK HER TO BRING THESE THINGS WITH HER FROM THE STORE SIX SPOONS OF FRESH SNOW PINS FIVE THING SLAPPERS OF BLUE CHEESE AND MAYBE A SNACK FOR HER BROTHER PORK WE ALSO MEED A SMALL PLASTIC SNACK AND A BIG TOY FROCK FROM FOR THE KIDS SHE CAN SCOOPE THESE THINGS INTO THREE RED BAGS AND WE WILL GO MEET HER WENSDAY AT THE TRAIN STATION
mandarin39.wav,PLEASE CALL STELLA ASK HER TO BRING THESE THINGS WITH HER FROM THE STORE SIX SPOONS OF FRESH SNOW PEYS FIVE THICK SLAPES OF BLUE CHEESE AND MAYBE A SNAKE FOR HER BROTHER BOB WE ALSO NEED A SMALL PLAC PLASTIC SNAKE AND A BIG TOY FROG FOR THE KEYS SHE CAN SCOOP THESE THINGS INTO THREE RED BACKS AND WE WILL GO MEET HER WENSDAY AT THE TRAIN STATION
mandarin4.wav,PLEASE COTELLER ASK HER TO BRING THESE THINGS WITH HER FROM THE STORE SIX SPOONS OF FRESH SNOW PEAS FIVE THICK SLABS OF BLUE CHEESE AND MAYBE A SNACK FOR HER BROTHER BOB WE ALSO NEED A SMALL PLASTIC SNAKE ANDA BIG TOY FROG FOR THE KIDS SHE CAN SCOOP THESE THINGS INTO THREE RED BAGS AND WE WILL GO MEET HER WEDNESDAY AT THE TRAIN STATION
mandarin40.wav,PLEASE CALL STELA ASK HER TO BRING THESE THINGS WITH HER FROM THE STORE SIX SPOONS OF FRESH SNOW PEAS FIVE SIX SLABS OF BLUE CHEESE AND MAYBE A SNACK FOR HER BROTHER BOB WE ALSO NEED A SMALL PLASTIC SNAKE AND A BIG TOY FROK FOR HER KIDS SHE CAN SCOOP THESE THINGS INTO THREE REBECKS AND WE WILL GO MEET HER WHEN TE STAY AT THE TRAIN STATION
mandarin41.wav,PLEASE CAL STYLER ASK HER TO BRING THESE THINGS WITH HER BROUMDES DAW SIX SPOONS OF FRESH SNOW PEASE FIVE SIX SLABS OF BLUE CHEESE AND MAYBE A SNIKE FOR HER BROTHER BOB THEY ALSO NEED A SMALL PLASTIC SNAK AND A BIG TOY FROG FOR THE GISE SHE CAN SCOOP THESE THINGS INTO THREE RIGHT BAGS AND WE WILL GO MEET HER WEDNESDAY AT THE TWIN STATION
mandarin42.wav,PRICE CA TELLER ASK HER TO BRY THI SINGS WITH HER FROM THE STAR SIX SPOONS OF RICE SNOW PEAS FIVE SINK SINK SLIPERS FOR BLUE TEAS AND THERE MAY BE A SNIKEF ALL HER BROTHER BOBBY WEY ES NEED NED A SMALL PLI TICK SNAKE AND A BIG TOY FROCK FOR THE KIK KIT SEAN SCOP SCOOP THE SINKS INTO THREE RIDE BEGGARS AND E WEY WER GO MEET HER WENTAY AT THE TIN STATION
mandarin43.wav,PLEASE COMTALEN ASK HER TO BRING THESE THINGS WICH HER FROM STORE SIX BOTS OF FLESH SNOW PIESE FINE THING SLIPS OF BLOWCHES AND MAYBE A SNAKEFOR HER BROTER POP WE ALSO NEED A SMALL PLAK PLASTIC NECK AND A BIG TOUGH RUNG FOR KITE SHE CAN SCOOP THES THINGS INTO THREE RAD PEGS AND WE WELL CO MEET HER WENSTAY AT TREE STATION
mandarin44.wav,PLEASE CALL STELLA ASK HER TO BRING THESE THINGS WITH HER FROM THE STORE SIX SPOONS OF FRESH SNOW PEAS FIVE THICK SLOBS OF BLUE CHEESE AND MAYBE A SNACK FOR HER BROTHER BOB WE ALSO NEED A SMALL PLASTIC SNACK AND A BIG TOY FROG FOR THE KIDS SHE CAN SCOOP THESE THINGS INTO THREE RED BAGS AND WE WILL GO MEET HER WEDNESDAY AT THE TRAIN STATION
mandarin45.wav,PLEASE CALL STELLER ASK HER TO BRING THESE THINGS WITH HER FROM THE STORE SIX SPOONS OF FRIED SNOW PINS FIVE THICK SLIPSA SLIPRESS OF BLUE CHEESE ANDE MAYBE A SNAKE FOR HER BROTHER BOB WE ALSO NEED A SMALL PLATISK PLY A PLASTIC NAK SNAKE AND A BIG TOY FROG FOR THE KEYS CHECKEN PO COP THE THINGS INTO THE THREE RIGHT BAGS AND WE WILL GO WE WILL GO MEET HER WE WILL GO MEET HER WELL STAY AT THE TRAIN STATION
mandarin46.wav,PLEASE CARL STELLER ASK HER TO BRING THESE THINGS WITH HER FROM THE STORE SIX PONS OF FRESH SNOW PEASE FIVE THICK SLABS OF BLUE CHEESE AND MAYBE A SNACK FOR HER BROTHER BOB WE ALSO NEED A SMALL PLASTIC WE ALSO NEED A SMALL PLASTIC SNAK AND A BIG TOY FROG FOR THE CASE SHE CAN SCO SCOOP THESE THINGS INTO THREE RED BAGS AND WE WILL GO MEET HER WEDNESDAY AT THE TRAILING STATION
mandarin47.wav,PLEASE CO STELLA ASK HER TO BRING THE THINGS WITH HER FROM THE STORE SIX SPOONS OF FRESH SNOW PEAS FOVE THICK SLICE OF BLUE CHEESE AND MAYBE A SNAKE FOR HER BROTHER BOB WE ALSO NEED A SMALL PLASTIC SNAKE AND A BIG TOY FROG FOR THE KIDS WE CAN SPOOK THE THINGS INTO THREE RED BAGS AND WE WILL GO MEET HER WEDNESDAY AT THE TRAIN STATION
mandarin48.wav,PLEASE CALL TALOR ASK HER TO BRING THESE IN WITH HER FORMO THE TOP SIX POUNDS OF FRESHE SNOW PEASE FIVE SIX SLEVERS OF BLUE CHEESE AND MAYBE A SNACKE FOR HER BROTHER BOB WE ALSO NEED A SMALL PRESS TAKER NECK AND A BIG TAL FROG FOR THE KES SEAN SCOP TEINS INTO THREE RED BAGS AND WE WILL GO MEET HER ONE DAY AT THE TRAIN STATION
mandarin49.wav,PLEASE CALL STELLA ASK HER TO BRING THE THINGS WITH HER FROM THE STORE SIX SPOONS OF FRESH SNOW PEES FIVE THICK SLAPD BLUE CHEESE AND MAYBE A SNACK FOR HER BROTHER BALB WE ALSO NEED A SMALL PLASTIC SNAKE AND BIG TOY FROG FOR THE KIDS SHE CAN SCOOP THE THINGS INTO THREE RED BAGS AND WE WILL GO MEET HER WINSTEAD AT THE TRAIN STATION
mandarin5.wav,PLEASE CALL STELLA ASK HER TO BRING THESE SINS WITH HER FROM STORE SIX SPRIN SPOONS OF A FRESH SNOW PEECE FIVE STICK SLABS OF BLUE CHEESE AND MAYBE A SNAG FOR HER BRAS BAG WE ALSO NEED A SMALL PLASTER SNAKE AND A BIG TOY FROG FOR THE KEYS SHE CAN SCREW THESE SINS INTO THREE RIDE BAGS AND WE WILL MEET HER WEDNESDAY AT THE TRAIN STATION
mandarin50.wav,PLEASE CALL STELLA ASK HER TO BRING THESE THINGS WITH HER FROM TE STORE SIX SPOONS OF FRESH SNOW PEAS FIVE THICK SLAPS OF BLUE CHEESE AND MAYBE A SNAKE FOR HER BROTHER BOB WE ALSO KNIT A SMALL PLASTIC SNAKE AND A BIG TOY FROCK FOR THE KIDS SHE CAN SCOOP THESE THINGS INTO THREE RED BAGS AND WE WILL GO MEET HER ONE SDAY AT THE TRAIN STATION
mandarin51.wav,PLEASE CA STELLA ASK HER TO BRING THESE THINGS WITH HER FROM THE STORE SIX SPOONS OF FRESH SNOW BENS FIVE SIX SLAPS OF BLUECHEES AND MAYBE A SNACK FOR HER BROTHER BOB WE ALSO NEED A SMALL PLASTIC SNAKE AND A BIG TOY FROG FOR HER KIYS SHE CAN SCOOP THESE THINGS INTO THREE RED BAGS AND WE WILL GO MEET HER WEDNESDAY AT THE TRAIN STATION
mandarin52.wav,PRIS COSTELLA ASK HER TO BRING THOE THINGS WITH HER FROM THE STORE SIX PONS OF FRESH SNOW PIES FIVE SIX SLAPS OF BRCHEES AND MAYBE A SNACK FOR HER BROTHER BOB WE ALSO NEED A SMALL PRASTICK SNACK AND A BIG TOY FOG FOR THE KIDS SHE CAN SCOPE THOSE THINGS INTO THREE RED PACKS AND WE WILL GO MEET HER WEDNESDAY AT THECHAN STATION
mandarin53.wav,PLEASE CALL STELLA ASK HER TO BRING THESE THINGS WITH HER FROM THE STORE SIX SPOONS OF FRESH SNOW PEAS FIVE THICK SLABS OF BRUE CHEESE AND MAYBE A SNACK FOR HER BROTHER BOB WE ALSO NEED A SMALL PLASS TICKET SNAKE AND A BIG TOY FROG FOR THE KIDS SHE CAN SCOOP THESE THINGS INTO THREE RED BAGS AND WE WILL GO MEET HER WEDNESDAY AT THE RING AT THE TRAIN STATION
mandarin54.wav,PLEASE CALL STELLA ASK HER TO BRING THESE THINGS WITH HER FROM THE STORE SIX SPOONS FRESH SNOW PEAS FIVE THICK SLAPS OF BLUE CHEESE AND MAYBE A SNACK FOR HER BROTHER BOB WE ALSO NEED A SMALL PLASTIC SNACK AND A BIG TOY FROK FOR THE KID SHE CAN SCOOP THESE THINGS INTO THREE RED BAGS AND WE WILL GO MEET HER WEDNESDAY AT THE TRAIN STATION
mandarin55.wav,PLEASE COURSE DELA ASK HER TO BRING THI SIS WITH HER FROM THE STORE SIX BOS OF FRENCH SNOW PEESE FIVE THINK SLABS OF BLUE CHEESE AND MAYBE A SNAG FOR HER BRAT BOB WE ALSO NEED A SMALLER PLASTIC SNAKE AND A BIG TOY TOY RUG FOR THE CASE SHE CAN SCOOP THE TESINS INTO THREE RED BAGS AND WE WILL GO MEET HER WENESDAY AT THE TRA STATION
mandarin56.wav,PLEASE CALL STELLA ASK HER TO BRING THESE THINGS WITH HER FROM THE STORE SIX SBOONS OF FRESH SNOW PEES FIVE SIX SLAPS OF A BOO CHEESE AND MAYBE A SNACK FOR HER BROTHER A BOB WE ALSO NEED A SMALL PLASTIC SNAKE AND A BIG TOY FROG FROM THE HEAT SHE CAN SCREW THESE THINGS INTO THREE RED BAGS AND WE WILL GO MEET HER WEDNESDAY AT THE TRAIN STATION
mandarin57.wav,PLEASE CALL STELLA ASK HER TO BRING THE THINGS WITH HER FROM THE STORE SIX SPOONS OF FRESH SNELLED PEAS FIVE THICK SLAPS OF BLUE CHEESE AND MAYBE A SNAP FOR HER BROTHER BOB WE ALSO MEET A SMALL PLASTIC SNAKE AND A BIG TOY FROCK FOR THE KID SHE CAN SCOOP THESE THINGS INTO THREE RED BACKS AND WE WON'T GO MEET HER WEDNESDAY AT THE TRAIN STATION
mandarin58.wav,PLEASE CALL STELLA ASK HER TO BRING THESE THINGS WITH HER FROM THE STORE SIX SPOONFUS OF FRESH SNOW PEES FIVE THICK SLABS OF BLUE CHEESE AND MAYBE A SNACK FOR HER BROTHER BOB WE ALSO NEED A SMALL PLASTIC SNAKE AND A BIG TOY FROG FOR THE KIDS SHE CAN SCOOP THESE THINGS INTO THREE RED BAGS AND WE WILL GO MEET HER WEDNESDAY AT THE TRAIN STATION
mandarin59.wav,ANDPLEASE CALL STELLA ASK HER TO BRING THESE THINGS WITH HER FROM THE STORY SIX SPOONS OF FRESH SNOWN PESE FIVE TICKS SIX A SPELLS OF BLUE CHEESE AND MAYBE A SNACK OF HER BROTHER BOB WE ALSO NEED A SMALL PLAT STICK SNACK AND A BIG TOUGH FROG FOR THE KIDS SHE CAN SCREWP THE THINGS INTO THE O INTO THREE RED BAGS AND WE WILL GO TO METO WE WILL GO MEET HER WEDNSDAY AT THE TRAIN STATION
mandarin6.wav,PLEASE CAUSE DANNA ASK HER TO BRING THESE THINGS WITH HER FROM THE STORE SIX SPOONS OF FRESH SNOW PEAS FIVE THICK SLABS OF BLUE CHEESE AT MIBE'S NECK FOR HER BROTHER BOB WE ALSO NEED A SMALL PLASTIC SNAKE AT A BIG TOY FROG FOR THE KIDS SHE CAN SCREW THE THINGS INTO THREE RED BACK BAGS AND WE WE'LL GO MEET HER WEDNESDAY AT THE TRAIN STATION
mandarin60.wav,PLEASE CALL STELLA ASK HER TO BRING THESE THINGS WITH HER FROM THE STORRIS FROM THE STORE SIX SPOON OF THE FRESH SNOW PEASE FIVE THICK SNAPS OF THE BLUE CHEESE AND MAYBE A SNACK FOR HER BROTHER BOB WE ALSO NEED A SMALL PLASTIC SNAKE AND A BIG TOY FROG FOR THE KIDS SHE CAN SCOOP THE THINGS INTO THREE RED BACKS AND WE WILL GO MEET HER WEDNESDAY AT THE TRAIN STATION
mandarin61.wav,PLEASE CALL STELLA ASK HER TO BRING THESE THINGS WITH HER FROM THE STORE SIX SPOONS OF FRESH SNOW PEASE FIVE TIG SLAPS OF BLUE CHEESE AND MAYBE A SNACK FOR HER BROTHER BOB WE ALSO NEEDED A SMALL PLATIC SNAKE AND A BIG TOY FROG FOR THE KIDS SHE CAN SCOOP THESE THINGS INTO THREE RED BAGS AND WE WILL GO MEET HER WEDNESDAY AT THE TRAIN STATION
mandarin62.wav,PLEASE CALL STELLA ASK HER TO BRING THESE THINGS WITH HER FROM THE STORE SIX SPOONS OF FRESH SNOW PEAS FIVE THICK SLABS OF BLUE CHEESE AND MAYBE A SNAG FOR BROTHER ROB O BOB WE ALSO NEED A SMALL PLASTIC SNAKE AND A BIG TOY FROG FOR THE KIDS SHE CAN SCROOP THESE THINGS INTO THREE RED BAGS AND WE CAN GO MEET HER WEDNESDAY AT THE TRAIN STATION
mandarin63.wav,PLEASE CALL STELLA ASK HER TO BRING THESE THINGS WITH HER FROM THE STORE SIX SPOONS OF FRESH SNOW PIECE FIVE SIX SLABS OF BLUE CHEESE AND MAYBE A SNACK FOR HER BROTHER BOB WE ALSO NEED A SMALL PLASTIC SNAKE AND A BIG TOY FROG FOR HER KID FOR THE KIDS SHE CAN SCOOP THESE THINGS INTO THREE RED BAGS AND WE WILL GO MEET HER WEDNESDAY AT THE TRAIN STATION
mandarin64.wav,PLEASE CALL STELLER ASK HER TO BRING THESE THINGS WITH HER FUNE STORE SIX SPOONS OF FRESH SNOW BING FIVE THICK SLABERS OF BLUE CHEESE AND MAYBE A SNACK FOR HER BOLLE BOB WE ALSO NEED A SMALL PLASTIC SNACK AND A BIG TOY FORK FOLLE KITS SE SHE CAN SCOOP THE THINGS INTO THREE RED BAGS AND WE WILL GO MEET HER WEDNESDAY AT THE TRAN STATION
mandarin65.wav,PLEASE CALL STELLA ASK HER TO BRING THESE THINGS WITH HER FROM THE STORE SIX SPOONS OF FRESH SNOW PEAS FIVE THICK SLABS OF BLUE CHEESE AND MAYBE A SNACK FOR HER BROTHER BOB WE ALSO NEED A SMALL PLASTIC SNAKE AND A BIG TOY FROCK FOR THE KIDS SHE CAN SCOOP THE THINGS INTO THREE RED BAGS AND WE WILL GO MEET HER WEDNESDAY AT THE TRAIN STATION
mandarin7.wav,PLEASE CALL STELLA ASK HER TO BRING THESE THINGS WITH HER FROM THE STORE SIX SPOONS OF FRESH SNOW PEAS FIVE THICK SLABS OF BLUE CHEESE AND MAYBE A SNACK FOR HER BROTHER BOB WE ALSO NEED A SMALL PLASTIC SNAKE AND A BIG TOY FROG FOR THE KIDS SHE CAN SCOOP THESE THINGS INTO THREE RED BAGS AND WE WILL GO MEET HER WEDNESDAY AT THE TRAIN STATION
mandarin8.wav,PIS COR STANNER ASK HER TO BRING THESE THINGS WITH HER FROM E STORE SIX SPOONS OF FRESH SLOW PEAS FIVE THINGS LEFT OF BLUE CHEESE AND MAYBE A SNACK FOR  BARABAL WEVE ALSO NEED A SMALL PLASTIC SNAKE AND A BIG TOY FROG FOR A CASE SHE CAN SCOOP THESE THINGS INTO THREE RAR BAGS AND WE WILL GO MEET HE WEDNESDAY AT TE TRAIN STATION
mandarin9.wav,PLEASE CALL STELLA ASK HER TO BRING THESE THINGS WITH HER FROM THE STORE SIX SPOONS OF FREN FRESH SNOW PEAS FIVE SICT SNAPS OF BROWCHES AND MAYBE A SNACK FOR HER BROTHER BOB WE ALSO NEED A SMALL PLASTIC SNAK AND A BIG TOY FROG FOR THE KEYS SHE CAN SCOOP THESE THINGS INTO THREE RED BAGS AND HN WE WILL GO MEET HER WEL STAY AT THE CHANCE STATION
mandingo1.wav,PLEASE CALLED STELLA AXATO BRINGS THESE THINGS WITH HALF FROM THE STORE SIX SPOON OF FRESH SNOW PEAS FIVE TICK SLABS OF BLUE CHEESE AND MAYBE A SNUG FOR HER BROADERST BOB WE ALSO NEED SMALL PLASTIC SNEAK AND THE BIG TOY FROGS FOR THE KIDS SHE CAN SCOP THESE THINGS INTO THREE RED BAGS AND WE WILL MEET HER WEDNESDAY AT TWIN STATION
mandinka1.wav,PLEASE CALL STELLA ASK HER TO BRING THESE THINGS WITH HER FROM THE STORE SIX SPOONS OF FRESH SNOW PEASE FIVE THICK SLABS OF BLUE CHEESE AND MAYBE A SNACK FOR HER BROTHER BOB WE ALSO NEED A SMALL PLASTIC SNAKE AND A BIG TOY FROG FOR KITS SHE CAN SCOOP THESE THINGS INTO THREE RED BAGS AND WE WILL GO MEET HER WEDNESDAY AT THE TRAIN STATION
mankanya1.wav,PLEASE CALL STELLA ASK HER TO BRING THESE THINGS WIVEER FROM THE STOR SIX SPOON FRESH NOW SNOW PEAS FIVE THICK SLAB OF BLUE CHEESE AND MAYBE A SNACK FOR HER BROTHER BOL WE ALSO NEED A SMALL PLASTIC SNAKE AND A BIG TOY FROG FROM THE KID SHE CAN'T SCOOP THESE THINGS INTO INTO THE THREE RED BAGS AND WEILL GOT MEAT HER WEDNESDAY AS THE TRY THE TRAIN STATION
marathi1.wav,PLEASE CALL STELLA ASK HER TO BRING THESE THINGS WITH HER FROM THE STORE SIX SPOONS OF FRESH SNOW PEAS FIVE THICK SLABS OF BLUE CHEESE AND MAYBE A SNACK FOR HER BROTHER BOB WE ALSO NEED A SMALL PLASTIC SNAK SNAKE AND A BIG TOY FROCK FOR THE KIDS SHE CAN SCOOP THESE THINGS INTO THREE RED BAGS AND WE WILL GO MEET HER WENESDAY AT THE TRAIN STATION
marathi2.wav,PLEASE CALL STELLA ASK HER TO BRING THESE THINGS WITH HER FROM THE STORE SIX SPOONS OF FRESH SNOW PEAS FIVE THICK SLABS OF BLUE CHEESE AND MAYBE A SNACK FOR HER BROTHER BOB WE ALSO NEED A SMALL PLASTIC SNECK AND A BIG TOY FROK FOR THE KIDS SHE CAN SCOOP THESE THINGS INTO THE THREE RED BAGS AND WE WILL GO MEET HER WEDNESDAY AT THE TRAIN STATION
marathi3.wav,PLEASE CALL STELLA ASK HER TO BRING THESE THINGS WITH HER FROM THE STORE SIX SPOONS OF FRESH SNOW PEAS FIVE THICK SLABS OF BLUE CHEESE AND MAYBE A SNACK FOR HER BROTHER BOB WE ALSO NEED A SMALL PLASTIC SNAKE AND A BIG TOY FROG FOR THE KIDS SHE CAN SCOOP THESE THINGS INTO THREE RED BAGS AND WE WILL GO MEET HER WEDNESDAY AT THE TRAIN STATION
mauritian1.wav,AND PLEASE CALL STELLA ASK HER TO BRING THESE THINGS WITH HER FROM THE STORE SIX MONTHS SIX SPOONS OF FRESH SNOW PEASE AN FIVE THICK SLABS OF BLUE CHEESE AND MAYBE A SNACK FOR HER BROTHER BOB WE ALSO NEED A SMALL PLASTIC SNAKE AND A BIG TOY FROG FOR THE KIDS AND SHE CAN SCOOP THESE THINGS INTO  THING FREE RED BAGS AND WALLW WILL GO MEET HER WENSDAY AT THE TRAIN STATIONS
mauritian2.wav,PLEASE CALL STELLA ASK HER TO BRING THESE THINGS WITH HER FROM THE STORE SIX SPOONS OF FRESH SNOW PEAS FIVE THICK SLABS OF BLUE CHEESE AND MAYBE A SNUK FOR HER BROTHER BOB WE ALSO NEED A SMALL PLASTER SNAKE AND A BIG TOY FROG FOR THE KIDS SHE CAN SCOOP THESE THINGS INTO THREE RED BAGS AND WE WILL GO MEET HER WEDNESDAY AT THE TRAIN STATION
mende1.wav,PLEASE CALL STELLA ASK HER TO BRING THESE THINGS WITH HER FROM THE STORE SIX SPOONS OF FRESH SNOW PEAS FIVE THICK SLAPS OF BLUE CHEESE AND MAYBE A SNACK FOR HER BREADOF BAB WE ALSO NEED A SMALL PLASTIC SNAKE AND A BIG TOY FROG FOR THE KIDS SHE CAN SCOOP THESE THINGS INTO THREE RED BAGS AND WE WILL GO MEET HER WEDNESDAY AT THE TRAIN STATION
mende2.wav,PLEASE GO SALLY ASK HER TO BRING THINGS WITH HER FROM THE STOCK SIX PONOF FRESH SNOW PELS FIVE THIN SALED OF BLUE CHEESE AND MAYBE A SNACK OF HER BROTHER'S BOB WE ALSO NEED A SMOLL PLA PLASTIC NEKS AND A BIG TOY FROG FOR THE KIDS SHE CAN SNOOP SHE CAN SNOOP THESE THINGS INTO THREE RED BAGS AND WE WILL GO MEET HER WENSDAY AT THE TRAIN STATION
mende3.wav,PLEASE CALL STELLA ASK HER TO BRING THESE THINGS WITH HER FROM THE STORK SIX SPOON OF FRESH SLOPS PADS FIVE TIG LAD OF BRUE CHEESE AND BE SNACK FOR HER BROTHER BOB WE AL SO NEED A SMALL RUSTIC SNAK AND A BIG TOY FOR FOR THE KIDS SHE GAS SCOOP THESE THINGS INTO THREE RED BADS AND WE WILL A MEET HER WHENI TE ATIN TATION
miskito1.wav,PLEASE CALL STELLA ASK HER TO BRING THESE THINGS WITH HER FROM THE STORE SIX SPOONS OF FRESH SNOW PEES FIVE THICK SLABS OF BLUE CHEESE AND MAYBE A SNAK FOR THE BROTHER BOB WE ALSO NEED A SMALL PLASTIC SNEAKED ON A BIG THOF ROK FOR THE KIDS SHE CAN SCOP THESE THINGS INTO THREE RED BAGS AND WE WILL GO TO MEET HER WENESDAY AT THE TRAIN STATION
miskito10.wav,PLEASE KELL STELL IS HE TO BRING THIS THING WI HER FROM THIS STORY SIX PONS OF FRECH SNOW PESE FIVE TINGS SLIT OF BLUE CHEESE AND MAYBE AN SNAKE FOR HERE BROTHER BOB WE AS NED A SMALL PLAS SNAK AND A BIG TOY FOR FROG FOR THE KID CHEEK CAN SCOP THES THIS DING IN TO THREE RED BAKS AND WE WILL GO NIT HERE WENCE THEY ADED TRYING STAGE
miskito11.wav,PLEASE CALSTELLA ASK HER TO BRING THE TING WHITE HER FROM THE STOR SIX SPOONS OF RED SNOW PEACE FIVE TIK LAP OF BLUE CHEESE AND MAYBE A SNAKE FOR HER BROTHER BOB WE ARE SO NEAD A SMAL PLASTIC SNAKE AND A WEEK TOY FO TOY FROCK FOR THE KID SHE CANT CO THE TIN INTO THREE RED BUGS AND WE WILL GO MEET HER WEDNESDAY AT THE TRAN STATION
miskito2.wav,PLEASE CALL STELLA ASK HER TO BRING THESE THINGS WITH HER FROM THE STORY SIX SPOONS OF FRESH SNOW PEACE FIVE THICK SLABS OF BLUE CHEESE AND MAYBE A SNUG FOR HER BROTHER BOB WE ALSO NEED A SMALL PLASTIC SNAKE AND A BIG TOY FROG FOR THE KIT SHE CAN SCOP THESE THINGS INTO THREE RED BAGS AND WE WILL GO MEET HER WEDNESDAY AT THE TRAIN STATION
miskito3.wav,PLEASE CALL STELLA AND ASK HER TO BRING THESE THINGS WITH HER FROM THE STORE SIX SPOONS OF FRESH SNOW PEAS FIVE THICK SLABS OF BLUE CHEESE AND MAYBE A SNACK FOR HER BROTHER BOB WE ALSO NEED A SMALL PLASTIC SNAKE AND A BIG TOY FROCK FOR THE KIDS SHE CAN SCOOP THESE THINGS INTO THREE RED BAGS AND WE WILL GO MEET HER WEDNESDAY AT THE TRAIN STATION
miskito4.wav,PLEASE CALSTELLA ASK HER TO BRING THIS THING WITH HER FROM THE STORE STORE SIX POUNDS OF FRESH SNOW PEES FIVE STINGS LOVE OF BLUE CHEESE AND MAYBE A SNAG FOR HER BROTHER BOB WE ALSO NEED A SMART PLASTIC SNAKE AND BIG TROY FROCK FOR THE KIDS SHE CAN SCOP HE THINGS INTO THREE RED BACKS AND WE WILL GO MEET HER WEDNESDAY AT THE TRAIN STATION
miskito5.wav,PLEASE CALLS TELL AS HER TO BRING THESE THINGS WITH HERE FROM THE STORE SIX PONDS OF FRESH SNOW PEAS FIVE TICK SLAP OF BLUE CHEESE AND MAYBE A SNUG FOR HER BROTHER BOB WE ALSO NEED A SMART PLASTIC SNAKE AND A BIG TOY FROG FOR THE KIDS SHE CAN SCUP THESE THINGS INTO THREE RED BACKS AND WE WILL GO MEET HER WEDNESDAY AT THE TRAIN STATION
miskito6.wav,PLEASE CALLES TELL US HERE TO BRING THESE THINGS WITH HIR BRON HERE FROMTHE STORE SIK SON OF FRESH SNOW SPIT FIVETIN SLAV OF BLUE CHEESE AND MAYBE A SNAP FOR HER BROTHER BOK WE ALSO NEED A SMALL PLASTIC SNAK AND A BIG TOY FROG FOR THE KIDS CHICKEN SCOOP THESE THINGS INTO THREE RED BAGS AND WE WILL GO MEET HERE WEDNESDAY AT THE TRAIN STATION
miskito7.wav,PLEASE CALLE STELLA ID HEARE TO BRING THESE THINGS WIK HEL FORM THE STORE SEE SPOONS OF FRAPES SNOW SPEKS FIVETEEN SLIPS OF BLUE CHEESE AND MAYBE A SNUG FOR A BROTHER BOOK WE ALSO NEED A SMUL PLASTIC A SNAKE AND A BIG STORFROM FOR THE KIDS WE CAN SCOOP THESE THINGS INTO THREE RED BANDS AND WE WILL GO MEET HERE WEDNESDAY AND THE TRAINS STATION
miskito8.wav,PLEASE CALSTE HAS HER TO WRIN THESE THINGS WITH HER FROM THE STORY SIX FOON OF FRESH SNOW PEAS FIVE THICK SLAP OF BLUE CHEESE AND MAYBE A SNAG FOR HER BROYER BOB WE HAS NEED A SMART RUSTIC SNAKE AND A BIG TO FROG FOR THE KID SHE CAN SCOL THESE THINGS INTO INTHE THREE RES BAGS AND WE WILL GO MEET HER WEDNESDAY AT THE TRAIN STATION
miskito9.wav,PLEASE CALL ESTELLA ASK HER TO BRING THESE THINGS WITH HER FROM THE STORE SIX SPOONS OF FRESH SNO PIES FIVE STICK SLABS OF BLUE CHEESE AND MAYBE A SNACK FOR HER BROTHER BOB WE ALSO NEED A SMALL PLASTIC SNAKE AND A BIG TOY FROCK FOR THE KIDS SHE CAN SCOOP THIS THINGS INTO THREE RED BAGS AND WE WILLGO MEET HER WEDNESDAY AT THE TRAIN STATION
mizo1.wav,PLEASE CALL STELLA ASK HER TO BRING THESE THINGS WITH HER FROM THE STORE SIX SPOONS OF FRESH SNOW PEAS FIVE THICK SLAPS OF BLUE CHEESE AND MAYBE A SNAG FOR HER BROTHER BOB WE ALSO NEED A SMALL PLASTIC SNAG AND A BIG TOY FROCK FOR THE KIDS SHE CAN SCOOP THESE THINGS INTO THE RED BAGS AND WE WILL GO MEET HER WENESDAY AT THE STRANE STATION
moba1.wav,O KA PLEASE CALL STELLA ASK HER TO BRING THESE THINGS WE HAVE FROM THE STORE SIX SPOONS AND FRESH TMO PIECE FIVE THINGS SLAB AND BLUE CHEESE AND MAYBE A SNAK FOR HER BROTHER BOB WE ALSO NEED A SMALL PLATIC SNAK AND A BIG TO FROCK FOR THE KIS SHE CAN SCOOP THESE THINGS INTO TREE RED BACKS AND WE WILL GO MEET HER WEDNESDAY AT THE TRAIN STATION
mongolian1.wav,PLEASE CALL STILLA ASK HER TO BRING THOSE THINGS WITH HER FROM THE STORE SIX SPOONS OF FRESH SNOW PEES FIVE THICK SLAPS OF BLUE CHEESE AND MAYBE A SNAKE FOR HER BROTHER BOB WE ALSO NEED A SMALL PLASTIC SNAKE AND A BIG TOY FROG FOR THE KIDS SHE CAN SCOOP THOSE THINGS INTO THREE RED BAGS AND WE WILL GO MEET HER WEDNESDAY AT THE TRAIN STATION
mongolian2.wav,PLEASE CALL STELLA ASK HER TO BRING THESE THINGS LITLE FROM THE STORE SIX SPOONS OF FESH NOW PIESE FIVE THICK SLAPS OF BLUE CHEESE AND MAYBE A SNAK FOR HER BROTHER BOB WE ALSO NEED A SMALL PLASTIC SNAKE AND A BIG TOY FOR FOR THE KIT SHE CAN SPOOK SHE CAN SCOOP THESE THINGS INTO THREE RED BAGS AND WE WILL COMMIT HER WEDNESDAY TRAIN STATION
mongolian3.wav,PLEASE CALL STELLA ASK HER TO BRING THESE THINGS WITH HER FROM THE STORE SIX SPOONS OF FRESH SNOW PEASE FIVE THICK SLIPS OF BLUE CHEESE AND MAYBE A SNACK FOR HER BROTHER BOB WE ALSO NEED A SMALL PLASTIC SNAK AND A BIG TOY FLOCK FOR THE KIDS SHE CAN SCOOP THE THINGS INTO THREE BREAD BAGS AND WE WILL GO MEET HER WEDNESDAY AT THE TRAIN STATION
mongolian4.wav,PLEASE CALL STELLA ASK HER TO BRING THESE THINGS WITH HER FROM THE STORE SIX SPOONS OF FRESH SNOW PEAS FIVE THICK SLAPS OF BLUE CHEESE AND MAYBE A SNAK FOR HER BROTHER BOB WE ALSO NEED A SMALL PLASTIC SNAKE SNAK AND A BIG TOY FROG FOR THE KIDS SHE CAN SCOOP THESE THINGS INTO THREE RED BAGS AND WE WILL GO MEET HER WENESDAY AT THE TRAIN STATION
mongolian5.wav,PLEASE CALL STELLA ASK HER TO BRING THESE THINGS WITH HER FROM THE STORE SIX SPOONS OF FRESH SNOW PEAS WHITE THICK SLABS OF BLUE CHEESE AND MAYBE A SNACK FOR HER BROTHER BOB WE ALSO NEED A SMALL PLASTIC SNAKE AND A BIG TOY FROG FOR THE KIDS SHE CAN SCOOP THESE THINGS INTO THREE RED BAGS AND WE WILL GO MEET HER WEDNESDAY AT THE TRAIN STATION
mongolian6.wav,PLEASE CALL STILLA ASK HER TO BRING THESE THINGS WITH HER FROM THE STORE SIX SPOONS OF FRESH SNOW PEAS FIVE THICK SLAPS OF BLUE CHEESE AND MAYBE A SNACK FOR HER BROTHER BOB WE ALSO NEED A SMALL PLASTIC SNACK AND BIG A TOY FOR THE KID SHE CAN SCOOP THESE THINGS INTO THREE RED BAGS AND WE WILL GO MEET HER WENSDAY AT THE TRAIN STATION
mongolian7.wav,PLEASE CALL STELLA ASK HER TO BRING THESE THINGS WITH HER FROM THE STOR SIX SPOONS OF FRESH SNOW PASTE FIVE TISK A SLIPS OF BLUE CHEESE AND MAYBE A SNAKE FOR HER BROTHER'S POB WE ALSO NEET A SMALL PLASTIC SNAKE AND A BIG TOY FROG FOR A KITS FOR THE KIT SHE CAN SCOOP THESE THINGS INTO THREE RED BAGS AND WE ALSO MEET MEET HERSORRY AND WE ALSO GO TO MEET HER A WENESDAY AT THE TRAIN STATION
mongolian8.wav,PLEASE CALL STELLA ASK HER TO BRING THESE THINGS WITH HER FROM THE STORE SIX SPOONS OF A FRESH SNOW PEAS FIVE THICK SLABS OF BLUE CHEESE AND MAYBE A SNACK FOR HER BROTHER BOB WE ALSO NEED A SMALL PLASTIC SNACKS AND A BIG TOY FROG FOR THE KIDS SHE CAN SCOOP THESE THINGS INTO THREE RED BAGS AND WE WILL GO MEET HER WEDNESDAY AT THE RAIN STATION AT THE TRAIN STATION
mongolian9.wav,PLEASE CALL STELLA ASK HER TO BRING THESE THINGS WITH HER FROM THE STORE SIX SPOONS OF FRESH SNOW PEAS FIVE THICK SLABS OF BLUE CHEESE AND MAYBE A SNACK FOR HER BROTHER BOB WE ALSO NEED A PLASTIC SNAKE AND A BIG TOY FROG FOR THE KIDS SHE CAN SCOOP THESE THINGS INTO THREE RED BAGS AND WE'LL GO MEET HER WEDNESDAY AT THE TRAIN STATION
moore1.wav,PLEASE CALL STELLA ASK HER TO BRING THESE THINGS WITH HER FROM THE STORE SIX SPOONS OF FRESH SNOW PEAS FIVE THICK SLAV OF BLUE CHEESE AND MAYBE A SNACK FOR HER BROTHER BOB WE ALSO NEED A SMALL PLASTIC SNAKE AND A BIG TOY FROG FOR THE KIDS SHE CAN SCOOP THESE THINGS INTO THREE RED BAGS AND WE AND WE WILL GO MEET HER WEDNESDAY AT THE TRAIN STATION
mortlockese1.wav,PLEASE CALL STELLA ASK HER TO BRING THESE THINGS FROMHER FROM THE STORE SIX SPOONS OF FRESH SNOW PEAS FIVE THICK SLABS OF BLUE CHEESE AND MAYBE A SNACK FOR HER BROTHER BOB WE ALSO NEED A SMALL PLASTIC SNAKE AND A BIG TOY FROG FOR THE KIDS SHE CAN SCOOP THESE THINGS INTO THREE RED BAGS AND WE WILL GO MEET HER WEDNESDAY AT THE TRAIN STATION
nama1.wav,PLEASE CALL STELLA ASK HER TO BRING THESE THINGS WITH HER FROM YOUR STORE SIX POUNDS OF FRESH SNOW PEES FIVE THICK SLABS OF BLUE CHEESE AND MAYBE A SNACK FOR HER BROTHER BOB WE ALSO NEED A SMALL PLASTIC SNAKE AND A BI TOY FROCK FOR THE KIDS SHE CAN SCOOP THESE THINGS INTO THREE RED BAGS AND WE WILL GO MEET HER WEDNESDAY AT THE STRANGE STATION
nandi1.wav,PLEASE CALL STELLA ASK HER TO BRING THESE THINGS WITH US WITH HER FROM THE STORE SIX SPOONS OF FRESH NO PEASE FIVE TIK LUPS OF BLUE CHEESE AND MAYBE A SNUCK OF A BROTHER BOB WE ALSO NEED A SMALL PLASTER SNAK AND A BIG TOY FROK FOR THE KIDS SHE CAN SCOOP THESE THINGS INTO THREE RED BUGS AND WEILL GO MEET HER WENESDAY AT THE TRANSLITION
naxi1.wav,PLEASE CALL STELLA ASK HER TO BRING THESE THINGS WITH HER FROM THE STORE SIX SPOONS OF FRESH SNOW PEES FIVE THICK SLABS OF BLUE CHEESE AND MAYBE A SNACK FOR HER BROTHER BUB WE ALSO NEED A SMALL PLASTIC SNAKE AND A BIG TOY FROG FOR THE KIDS SHE CAN SCOOP THESE THINGS INTO THREE RED BAGS AND WE WILL GO MEET HER WEDNESDAY AT THE TRAIN STATION
nepali1.wav,PLEASE CALL SILLA ASK HER TO BRING THESE THINGS WITH HER FROM THE STORE SIX SPOONS OF FRESH SNOW PEAS FIVE THICK SLIPS OF BLUE CHEES AND MAYBE A SNAG OF HER BROTHER BOB WE ALSO NEED A SMALL PLASTIC SNAKE AND A BIG TOY FROG FOR THE KIDS SHE CAN SCOOP THESE THINGS INTO THREE RATE BAGS AND WE WE WILL GO WITH HER WHEN I STAY AT THE TRAIN STATION
nepali10.wav,PLEASE CALL TELA ASK HER TO BRING THESE THINGS WITH HER FROM THE STORE SIX SPOONS OF FRAC SNOW PEAS FIVE THICK SLABS OF BLUE CHEESE AND MAYBE A SNACK FOR HER BROTHER BOB WE ALSO NEED A SMALL PLASTIC SNAKE AND A BIG TOY FROG FOR THE KIDS SHE CAN SCOOP THESE THINGS INTO THREE RATE BAGS AND WE WILL GO MEET HER WEDNESDAY AT THE TRAIN STATION
nepali11.wav,PLACE CALLEDSTA AX OR TO BRING THOSE THINGS WIH ARE FROM THE STOL SIX SPONS OF PRASE SNO TET FIVE T SLOPES OF BLUE SEEDS AND MAYBE OSNECK FOR HER BROTHER BOB WE ALSO NEEDO SMALL PLASTICSNECK AND A BEAK TA FOR FOR THE KILLS SE CAN SCOPE THOSE THINGS INTO THREE RED BACKS AND WE WILL GO MEET OR O IDEN THE ENASDE AT THE TRAIN STESAN
nepali12.wav,PLEASE CALL ITALA ASK HER TO BRING THESE THINGS WITH HER FROM THE STORE SIX SPOON OF FRESH SNOW PEASE FIVE THICK SLABS OF BLUE TEAS AND MAYBE A SNAK FOR HER BROTHER BOB WE ALSO NEED A SMALL PLASTIC SNAKE AND A BIG TOY FROCK FOR THE KIDS SHE CAN SCOOP THESE THINGS INTO THREE RAD BAGS AND WE WILL GO MEET HER WEDNESDAY AT THE TRAIN STATION
nepali13.wav,PLEASE CALL STELLA ASK HER TO BRING THESE THINGS WITH HER FROM THE STORE SIX SPOONS OF FRESNO PEAS FIVE THICK SLABS OF BLUE CHEESE AND MAYBE A SNACK FOR HER BROTHER BOB WE ALSO NEED A SMALL PLASTIC SNAKE AND A BIG TOY FROG FOR THE KIDS SHE CAN SCOOP THOSE THINGS INTO THREE RED BAGS AND WE WILL GO MEET HER WEDNESDAY AT THE TRAIN STATION
nepali2.wav,PLEASE CALL STA AN OR AS HER TO BEGINNING THIS  THING WITH HER FROM THE STO SIX SPAN OF THE PS PRAC SMOL PLACE FIVE FIVE THING I THING A SLEP SLEP OF THE BLUE SEES AND MA MAYBE MAYBE SNAK FOM OR BROTHER BOR WE ALSO NEED O SMALL PLASTI SNAK AN A BI TOYS TOR TOIS FOR OF THE TESE SEE CAN SPAN THIS TING INTO TREE A RED BIK AND WEAK WILL BE GO MIT OR WHEN ISTAY ET TE ATRAIN STESEN
nepali3.wav,PLEASE CALL STELLA ASK HER TO BRING THESE THINGS WITH HER FROM THE STORE SIX SPOONS OF FRESH SNOW PEAS FIVE THICK SLABS OF BLUE CHEESE AND MAYBE A SNACK FOR HER BROTHER BOB WE ALSO NEED A SMALL PLASTIC SNAKE AND A BIG TOY FROG TO O THE KIDS SEC AN SCOOP THESE THINGS INTO THREE RAID BAGS AND WE WILL GO MEET HER WHENSDAY AT THE TRAIN STATION
nepali4.wav,PLEASE CALL STELLA ASK HER TO BRING THESE THINGS WITH HER FROM THE STORE SIX SPOONS OF FRESNOW PEAS FIVE THICK SLAPS OF BLUE CHEESE AND MAYBE A SNACK FOR HER DAUGHTER BOL WE ALSO NEED A SMALL PLASTIC SNAKE AND A BET TO A FROG FOR THE KIDS SHE CAN SCOOP THESE THINGS INTO THREAD BAGS AND WE'LL GO MEET HER WEDNESDAY AT THE TRAIN STATION
nepali5.wav,PLEASE CALL STELLA ASK HER TO BRING THESE THINGS WITH HER FROM THE STORE SIX SPOONS OF FRESH SNOW PEAS FIVE THICK SLAPS OF BLUE CHEESE AND MAYBE A SNAKE OR A SNAKE FOR HER BROTHER BOB WE ALSO NEED A SMALL PLASTIC SNAKB SNAKE AND A BIG TOY FROG FOR THE KIDS SHE CAN SCOOP THESE THINGS TO THREE RED BAGS AND WEWILL GO MEET HER WEDNESDAY AT THE TRAN STATION
nepali6.wav,PLEASE CALL STELLA ASK HER TO BRING THESE THINGS WITH HER FROM THE STORE SIX SPOONS OF FRESH SNOW PEASE FIVE THICK SLABS OF BLUE CHEESE AND MAYBE A SNACK FOR HER BROTHER BOB WE ALSO NEED A SMALL PLASTIC SNAKE AND A BIG TOY FROG FOR THE KIDS SHE CAN SCOOP THESE THINGS INTO THREE RED BAGS AND WE'LL GO MEET HER WEDNESDAY AT THE TRAIN STATION
nepali7.wav,PLEASE CALL  STELLA ASK HER TO BRING THESE THINGS WITH HER FROM THE STORE SIX SPOONUS OF FRESH SNOW PEAS FIVE THICK SLABS OF BLUE CHEESE AND MAKE MAYBE A SNAKE FOR HER BROTHER BOB WE ALSO NEED A SMALL PLASSIC SNIK AND A BIG TOY FROG FOR THE KIDS SHE CAN SCOOP THESE THINGS INTO INTO THREE RED BAGS AND WE WILL MET HER WENESDAY AT THE TRAIN STATION
nepali8.wav,PLEASE CALL STELLA ASK HER TO BRING THESE THINGS WITH HER FROM THE STORE SIX SPOONS OF RESTING PEAS FIVE THICK SLAPS OF BLUE CHEESE AND MAYBE A SNACK FOR HER BROTHER BOB WE ALSO NEWD A SMALL PLASTIC SNAKE AND A BIG TOY FROG FOR THE KIDS SHE CAN SCOOP THESE THINGS INTO THREE RED BAGS AND WE WILL GO MEET HER WEDNESDAY AT THE TRAIN STATION
nepali9.wav,NIS COLLESE TELA ASKS HER TO BRING THESE THINGS WITH HER FROM THE STORE SIX SPOONS OF RESH SNOW PEES FIVE THICK SLAPS OF BLUE CHEESE AND MAYBE A SNACK FOR HER BROTHER BOB WE ALSO NEED A SMALL PLASTIC SNEG AND A BIG TO FROG FOR THE GEARS SHE CAN SCOOP THESE THINGS INTO TWO RED BAGS AND WE'LL GO MEET HER WENESDAY AT THE BRANDISH STATION
newari1.wav,PLEASE CALL STELLA ASK HER TO BRING THESE THINGS WITH HER WITH HER FROM THE STORE SI SPOON OF ES SNOW PEAS A THICK SLAB OF PE CHEESE AND MAYBE A SNACK FOR OR BROTHER ABOB WE ALSO NEED A SMALL PASTICK SNACK SNACK AND A BIG TI BIG TWITE FROG FOR THE KIDS SECAN SCOOP THIS THING INTO THREE RED BAGS AND WE WILL MEET HER WENSDAY AT THE TRANN SESE
ngemba1.wav,PLEASE CALL STELLA ASK HER TO BRING THESE THINGS WITH HER FROM THE STOCK SIX SPOONS OF FRESH SNOW PEASE FIVE STICK SLAGS OF BLUE CHEESE AND MAYBE A SNUG FOR HER BROTHER BOB WE ALSO KNEED A SMALL PLASTIC SNAKE AND AND A BAT AND A BIG TUR FROG FOR THE KIDS SHE CAN SCOOP THESE THINGS INTO THREE RED BAGS AND WE WILL GO MEET HER WENSDAY AT THE TRAIN STATION
ngemba2.wav,PLEASE STELLA ASK HER TO BRING THESE THINGS WITH HER FROM THE STORE SIX SPOONS OF FRESH SNOW PEAS FIVE THICK SLAPS OF BLUE CHEESE AND MAYBE A SNACK FOR HER BROTHER BAR WE ALSO NEED A SMALL PLASTIC SNICK AND A BIG TOY FROG FOR THE KIDS SHE CAN SCOOP THESE THINGS INTO THREE RED BAGS AND WE WILL GO MEET HER WEDNESDAY AT THE TRAIN STATION
norwegian1.wav,PLEASE CALL STELLA ASK HER TO BRING THESE THINGS WITH HER FROM THE STORE SIX SPOONS OF FRESH SNOW PEAS FIVE THICK SLAPS OF BLUE CHEESE AND MAYBE A SNUCK FOR HER BROTHER BOB WE ALSO NEED A SMALL PLASTIC SNAKE AND A BIG TOY FROG FOR THE KIDS SHE CAN SCOOP THESE THINGS INTO THREE RED BAGS AND WE WILL GO MEET HER WEDDING SDAY AT THE TRAIN STATION
norwegian2.wav,PLEASE ASK STELLA ASK HER TO BRING THESE THINGS WITH HER FROM THE STORE SIX SPOONS OF FRESH SNOW PEAS FIVE THICK SLABS OF BLUE CHEESE AND MAYBE A SNACK FOR HER BROTHER BOB WE ALSO NEED A SMALL PLASTIC SNAKE AND A BIG TOY FROG FOR THE KIDS SHE CAN SCOOP THESE THINGS INTO THREE RED BAGS AND WE WILL MEET HER WEDNESDAY AT THE TRAIN STATION
norwegian3.wav,PLEASE CALL STELLA ASK HER TO BRING THESE THINGS WITH HER FROM THE STORE SIX SPOONS OF FRESH SNOW PEAS FIVE THICK SLABS OF BLUE CHEESE AND MAYBE A SNACK FOR A BROTHER BOB WE ALSO NEED A SMALL PLASTIC SNAKE AND A BIG TOY FROG FOR THE KIDS SHE CAN SCOOP THESE THINGS INTO THREE RED BAGS AND WE WILL GO AND MEET HER WEDNESDAY AT THE TRAIN STATION
norwegian4.wav,PLEASE CALL STELLA ASK HER TO BRING THESE THINGS WITH HER FROM THE STORE SIX SPOONS OF FRESH SNOW PIECE FIVE THICK SLABS OF BLUE CHEESE AND MAYBE A SNACK FOR A BROTHER BOB WE ALSO NEED A SMALL PLASTIC SNAKE AND A BIG TOY FROG FOR THE KIDS SHE CAN SCOOP THESE THINGS INTO THREE RED BAGS AND WE WILL GO MEET HER WEDNESDAY AT THE TRAIN STATION
norwegian5.wav,PLEASE CALL STELLA ASK HER TO BRING THESE THINGS WITH HER FROM THE STORE SIX SPOONS OF FRESH SNOW PEAS FIVE THICK SLABS OF BLUE CHEESE AND MAYBE A SNACK FOR HER BROTHER BOB WE ALSO NEED A SMALL PLASTIC SNAKE AND A BIG TOY FROG FOR THE KIDS SHE CAN SCOOP THESE THINGS INTO THREE RED BAGS AND WE WILL GO MEET HER WEDNESDAY AT THE TRAIN STATION
norwegian6.wav,PLEASE CALL STELLA ASK HER TO BRING THESE THINGS WITH HER FROM THE STORE SIX SPOONS OF FRESH SNOW PEAS FIVE THICK SLABS OF BLUE CHEESE AND MAYBE A SNACK FOR HER BROTHER BOB WE ALSO NEED A SMALL PLASTIC SNAKE AND A BIG TOY FROG FOR THE KIDS SHE CAN SCOOP THESE THINGS INTO THREE RED BAGS AND WE WILL GO MEET HER WEDNESDAY AT THE TRAIN STATION
nuer1.wav,PLEASE CALL ISTELLA HAS HER TO BRING THESE THINGS WITH HER FROM THE STORE SIG SPOONS A FLOT OF RISH SNOW PIK FIE SIK I LUMPS OF BLUE CHEESE AND MAY BE A SNUG FOR ER BROTHER BAB WE ALSO NEED SMALL PLASTIKS NEXT AND A BIG TOY FROG FOR THE KIDS SHE CAN SCOOP THESE THINGS INTO THREE RED BAGS AND WE WILL GO MEET HER WINSDAY AT THE TRAIN STATION
oriya1.wav,FLEECE CONSTELLA ASK HER TO BRING THESE THINGS WITH HER FROM THE STOVE SIXPONS OF FRESH SENOFES FIVE SIX LAPS OF LEAVS EAC AND MAYBE SNAG FOR E BUR BOB WE'LL SO NEED A SMALL PLASTIC SNAKE AND A BIG TOY FROG FOR THE KIDS SHE CAN SCOOP THESE THINGS INTO THREE RED BAGS AND WILL GO MEET HER WENESDAY AT THE TRENCH STATION
oriya2.wav,PLEASE CALL STELLA ASK HER TO BRING THESE THINGS WITH HER FROM THE STORE SIX SPOONS OF FRESH NOT PEAS FIVE THICK SLABS OF BLUE CHEESE AND MAYBE A SNACK FOR HER BROTHER BOB WE ALSO NEED A SMALL CASTIC SNAKE AND A BIG TIE FROG FOR THE KIDS SHE CAN SCOOP THESE THINGS INTO THREE RED BAGS AND WE WILL GO MEET HER WEDNESDAY AT THE TRAIN STATION
oromo1.wav,PLEASE CALL STELLA ASK HER TO BRING THESE THINGS WITH HER FROM THE STORE SIX SPOONS OF FRESH SNOW PIECE FIVE TIK CUPS OF BLUE CHEESE AND MAYBE A SNUG FOR HER BROTHER BOB WE ALSO NEED A SMALL PLASTIC SNUG AND A BIG TOY A FROG FOR THE KIDS SHE CAN SCOP THESE THINGS INTO THREE RED BAGS AND WE WILL GO MEET HER WEDNESDAY AT THE TRAIN STATION
oromo2.wav,PLEASE CALL STELLA ASK HER TO BRING THESE THINGS WITH HER FROM THE STORE SIX SPOONS OF FRESH SNOW PEAS FIVE THICK SLABS OF BLUE CHEESE AND MAYBE A SNACK FOR HER BROTHER BAB WE ALSO NEED A SMALL PLASTIC SNAKE AND A BIG TOY FROG FOR THE KITS SHE CAN SCOOP THESE THINGS INTO THREE RED BAGS AND WE WILL GO MEET HER WEDNESDAY AT THE TRAN STATION
oromo3.wav,PLEASE CALL STELLA ASK HER TO BRING THESE THINGS WITH HER FOR WITH HER FROM THE STORE SIX SPOONS OF FRESH SNOWPEES FIVE THICK SLABS OF BLUE CHEESE AND MAYBE A SNUG OF HER BROTHER BOB WE ALSO NEED A SMALL PLASTIC SNAKE AND A BIG TOY FROG FOR THE CIS SHE CAN SCOPE THESE THINGS INTO THREE READ BAGS AND WE WILL GO HER WEDNESDAY AT THE TRAIN STATION
papiamentu1.wav,PLEASE CALL STELLA ASK HER TO BRING THESE THINGS WITH HER FROM THE STORE SIX SPOONS OF FRESH SNOW PEAS FIVE THICK SLABS OF BLUE CHEESE AND MAYBE A SNACK FOR HER BROTHER BOB WE ALSO NEED A SMALL PLASTIC SNAKE AND A BIG TOY FROG FOR THE KIDS SHE CAN SCOOP THESE THINGS INTO THREE RED BAGS AND WE WILL GO MEET HER WEDNESDAY AT THE TRAIN STATION
papiamentu2.wav,PLEASE CALL STELLA ASK HER TO BRING THESE THINGS WITH HER FROM THE STORE SIX SPOONS OF FRESH SNOW PEAS FIVE THICK SLABS OF BLUE CHEESE AND MAYBE A SNACK FOR HER BROTHER BOB WE ALSO NEED A SMALL PLASTIC SNAKE AND A BIG TOY FROG FOR THE KIDS SHE CAN SCOOP THESE THINGS IN THREE RED BAGS AND WE WILL GO MEET HER WEDNESDAY AT THE TRAIN STATION
pashto1.wav,PLEASE CALL STELLA ASK HER TO BRING THESE THINGS WITH HER FROM THE STORE SIX SPOONS OF FRESH SNOW PEAS FIVE THICK SLABS OF BLUE CHEESE AND MAYBE A SNACK FOR HER BROTHER BOB WE ALSO NEED A SMALL PLASTIC SNAKE AND A BIG TOY TOY FROG FOR THE KIDS SHE CAN SCOOP THESE THINGS INTO THREE RED BAGS AND WE WILL GO MEET HER WEDNESDAY AT THE TRAIN STATION
pashto10.wav,PLEASE CALL STELLA ASK HER TO BRING THESE THINGS WITH HER FROM THE STORE SIX SPOONFS OF FRESH SNOW PEAS FIVE THICK SLABS OF BLUE CHEESE AND MAYBE A SNACK FOR HER BROTHER BOB WE ALSO NEED A SMALL PLASTIC SAK SNAKE AND A BIG TOY FROG FOR THE KIDS SHE CAN SCOOP THESE THINGS INTO THREE RED BAGS AND WE WILL GO MEET HER WEDNESDAY AT THE TRAIN STATION
pashto2.wav,PLEASE CALL STYLE ASK HER TO BRONK THE TANKS WITH HER FROM THE STORY SIX SPOONS OF FRESH SNOW BAS FIVE TAKE SLAPS OF A BLOW BLUE CHEESE AND MAYBE A SEN FOR HER BROTHER BOB WE ALSO NEED A SMALL PLASTIC SNAKE AND A BAKED TA FROCK FOR THE KATS SHE CAN SCOP THE TANK AN ANITOD TRE RED B BOX AND WE WILL GO MEET HER WIN WIN WEDNESDAY AT THE TORN STAR STATION
pashto3.wav,PLEASE CALL STILL ASK HER TO BRING THOSE THESE THINGS WITH HER FROM THE STORE SIX SPOONS OF FRESH SNOW PEAS FIVE FIVE TAKE SLABS OF BLUE CHEESE AND MAYBE A SNACK FOR HER BROTHER BOB WE ALSO NEED A SMALL PLASTIC SNAK AND A BIG TOY FROG FOR THE KIDS SHE CAN SCOOP THESE THINGS INTO THEIR RED BAG AND WE WILL GO MEET HER WEDNESDAY AT THE TRAIN STATION
pashto4.wav,PLEASE CALL STELLA ASK HER TO BRING THESE THINGS WITH HER FROM THE STORE SIX SPOONS OF FRESH SNOW PEAS FIVE THICK SLABS OF BLUE CHEESE AND MAYBE A SNAK FOR HER BROTHER BOB WE ALSO NEED A SMALL PLASTIC SNAKE AND A BIG TOY FROG FOR THE KIDS SHE CAN SCOOP THESE THINGS INTO THREE RED BAGS AND WE WILL GO MEET HER WEDNESDAY AT THE TRAIN STATION
pashto5.wav,PLEASE CALL STILLA ASK HER TO BRING THESE THING WITH HER FROM THE STORE SIX PONSE A FRESH SNO PIECE FIVE STICK SLAB SLAPS OL CHEESE AND M MY BE A SNACK FOR HER BROTHER BOB WE ALSO NEED A SMALL PLASTIC    NACK IN A BEG TOYS FROCK FOR THE KIDS SHE CAN SCOOP THIS THINGS INTO TREE RED BAK IN WE WILL GO MEET HER WISTER AT THE TRINCE STATION TAS
pashto6.wav,PLEASE CALL STELLA ASK HER TO BRING THESE THINGS WITH HER FROM THE STORE SIX SPOONS OF FRESH SNOW PEAS FIVE THICK SLABS OF BLUE CHEESE AND MAYBE A SNACK FOR HER BROTHER BOB WE ALSO NEED A SMALL PLASTIC SNACK AND A BIG TOY FROG FOR THE KIDS SHE CAN SCOOP THESE THINGS INTO THREE RED BAGS AND WE WILL GO MEET HER WEDNESDAY AT THE TRAIN STATION
pashto7.wav,PLEASE CALL STELLA ASK HER TO BRING THESE THINGS WITH HER FROM THE STORE SIX SPOONS OF FRESH SNOW PIECE FIVE THICK SLABS OF BLUE CHEESE AND MAYBE A SNAK FOR HER BROTHER BOB WE ALSO NEED A SMALL PLASTIC SNAKE AN A BIG TOY FROCK FOR THE KIDS SHE CAN SCOOP THESE THINGS INTO THREE RED BAGS AND WE WILL GO MEET HER WEDNESDAY AT THE TRAIN STATION
pashto8.wav,PLEASE CALL STELLA ASK HER TO BRING THISE THINGS WITH HER FROM THE STORE SEX SPOON OF FRESH SNOW PEAS FIVE THICK SLAVS OF BLOOCHES AND MAYBE A SNAKE FOR HER BROTHER BOB WE ALSO NEED A SMALL PLASTIC SNAKE AND A BIG DO FROG FOR THE CARES SHE CAN SCOPE THISE THINGS INTO THREE RED BAGS AND WE WILL GO MEET HER WEDNESDAY AT THE TRANCE STATION
pashto9.wav,PLEASE CALL STELLA ASK HER TO BRING THESE THINGS WITH HER FROM THE STORE SIX SPOONS OF FRESH SNOW PEAS FIVE THICK SLAPS OF BLUE CHEESE AND MAYBE A SNACK FOR HER BROTHER BOB WE ALSO NEED A SMALL PLASTIC SNAKES AND A BAG TOYS FOR FROCK FOR THE KIDS SHE CAN SCOOP THESE THINGS INTO THREE RED BAGS AND WE WILL GO MEET HER WEDNESDAY AT THE TRAIN STATION
pohnpeian1.wav,PLEASE CALL STELLA ASK HER TO BRING THESE THINGS WITH HER FROM THE STORE SIX SPOONFUS OF FRESH SNOW PEAS FIVE THICK SLABS OF BLUE CHEESE AND MAYBE A SNACK FOR HER BROTHER BOB WE ALSO NEED A SMALL PLASTIC SNAKE AND A BIG TOY FROG FOR THE KIDS SHE CAN SCOOP THESE THINGS INTO THREE RED BAGS AND WE WILL GO MEET HER WEDNESDAY AT THE TRAIN STATION
polish1.wav,PLEASE CALL STELLA ASK HER TO BRING THES PHINKS WITH HER FROM THE STORE SIX SPOONS ON FRESH SNOW PIES FIVE THICK SLAPS OF THE BLUE TREES AND MAYBE A SNACK FOR HER BROTHER BOB WE ALSO NEED A SMALL PLASTIC SNAKE AND BIG TOY FROCK FOR THE KIDS SHE CAN SOUP SCOP THESE PHINKS INTO THREE RED BAGS AND WE WILL GO MEET HER WEDNESDAY AT THE TRAIN STATION
polish10.wav,PLEASE CALL STELA ASK HER TO BRING THOSE THINGS WITH HER FROM THE STORE SIX SPOONS OF FRESH SNOW PEAS FIVE THICK SLAPS OF BLUE CHEESE AND MAYBE A SNACK FOR HER BROTHER BOB WE ALSO NEED A SMALL PLASTIC SNAKE AND A BIG TOY FROCK FOR THE KIDS SHE CAN SCOP THOSE THINGS INTO THREE RED BAGS AND WE WILL GO MEET HER WEDNESDAY AT THE TRAIN STATION
polish11.wav,PLEASE CALL STELLA ASK HER TO BRING THESE THINGS WITH HER FROM THE STORT SIX SPOONS OF FRESH SNOW PEAS FIVE THICK SLAPS OF BLUE CHEESE AND MAYBE A SNAKE FOR HER BROTHER BOB WE ALSO MEED A SMALL PLATED SNAKE AND A BIG TOIL FROG FOR THE KIDS SHE CAN SCOOP THESE THINGS INTO THREE RED BAGS AND WE WILL GO MEET HER WEDNESDAY AT THE TRAIN STATION
polish12.wav,PLEASE CALL STELLA ASK HER TO BRING THESE THINGS WITH HER FROM THE STORE SIX SPOONS OF FRESH SNOW PEAS FIVE THICK SLABS OF BLUE CHEESE AND MAYBE A SNUG FOR HER BROTHER BOB WE ALSO NEED A SMALL PLASTIC SNAKE AND A BIG TOY FROG FOR THE KIDS SHE CAN SCOOP THESE THINGS INTO THREE RED BAGS AND WE WILL GO MEET HER WEDNESDAY AT THE TRAIN STATION
polish13.wav,PLEASE CALL SELLA ASK HER TO BRING THESE THINGS WITH HER FROM THE STORE SIX SPOONS OF FRESH NELT PEAS FIVE THICK SLABS OF BLUE CHEESE AND MAYBE A SNACK FOR HER BROTHER BUL WE ALSO NEED A SMALL PLASTIC SNAKE AND A BIG TOK BRUG FOR THE KIDS SHE CAN SCOOP THESE THINGS INTO THREE RED BAGS AND WE GO WITH HER ONCE DHEY AT THE TRAIN STATION
polish14.wav,PLEASE CALL STELLA ASK HER BRING THESE THINGS WITH HER FROM THE STORE SIX SPOONS OF FRESH SNOW PEASE FIVE THICK SLAPS OF BLUE CHEESE AND MAYBE A SNAK FOR HER BROTHER BOB WE ALSO NEED A SMALL PLASTIC SNAKE AND A BIG TOY FROG FOR THE KIDS SHE CAN SCOOP THESE THINGS INTO THREE RED BAGS AND WE WILL GO TO MEET HER WEDNESDAY AT A TRAIN STATION
polish15.wav,PLEASE CALL STELLA ASK HER TO BRING THESE THINGS WITH HER FROM THE STORE SIX SPOONS OF FRESH SNOW PEAS FIVE THICK SLABS OF BLUE CHEESE AND MAYBE A SNUG FOR HER BROTHER BOB WE ALSO NEED A SMALL PLASTIC SNAKE IN A BIG TOLL FROG FOR THE KIDS SHE CAN SCOOP THESE THINGS INTO THREE RED BAGS AND WE WILL GO MEET HER WEDNESDAY AT THE TRAIN STATION
polish16.wav,PLEASE CALL STELLA ASK HER TO BRING THESE THINGS WITH HER FROM THE STORE SIX SPOONFS OF FRESH SNOW PEAS FIVE THICK SLABS OF BLUE CHEESE AND MAYBE A SNACK FOR HER BROTHER BOB WE ALSO NEED A SMALL PLASTIC SNAKE AND A BIG TOY FROK FOR THE KIDS SHE CAN SCOOP THESE THINGS INTO THREE RED BAGS AND WE WILL GO MEET HER WEDNESDAY AT THE TRINE STATION
polish17.wav,PLEASE CALL STELLA ASK HER TO BRING THESE THINGS WITH HER FROM THE STORE SIX SPOONS OF FRESH SNOW PIECE FIVE THICK SLABS OF BLUE CHEESE AND MAYBE A SNUG FOR HER BROTHER BOB WE ALSO NEED A SMALL PLASTIC SNAKE AND A BIG TOY FROG FOR THE KIDS SHE CAN SCOOP THESE THINGS INTO THREE RED BAGS AND WE WILL GO MEET HER WEDNESDAY AT THE TRAIN STATION
polish18.wav,PLEASE CALL STELLA ASK HER TO BRING THESE THINGS WITH HER FROM THE STORE SIX PONS OF FRESH SNOW PEAS FIVE FIXE SLAPES OF BLUE CHEESE AND MAYBE A SNAK FOR HER BY THE BURB WE ALSO NEED A SMALL PLASTIC SNAKE AND A BIG TIE FROCK FOR THE KITS SHE CAN SCOOP THESE THINGS INTO FRIED BAGS AND WE'LL GO MEET HER WEDNESDAY AT THE TRAIN STATION
polish19.wav,PLEASE CALL STELLA ASK HER TO BRING THESE THINGS WITH HER FROM THE STORE SIXPENCE OF FRESH SNOW PEES FIVE THICK SLABS OF BLUE CHEESE AND MAYBE A SNAG FOR HER BROTHER BOB WE ALSO NEED A SMALL PLASTIC SNAKE AND A BIG TOY FROCK FOR THE KIDS SHE CAN SCREW THESE THINGS INTO THREE RED BAGS AND WE WILL GO MEET HER WEDNESDAY AT THA TRAIN STATION
polish2.wav,PLEASE CALL STERLA ASK HER TO BRING THOST THINGS WITH HER FROM THE STORE SIX PONCE OF FRESH SNOW PIES FIVE TICKS TICK  SLAPS OF BLUE CHEE CHIS AND MAYBE A SNAKE FOR HER BROTHER BOB WE ALSO NEED A SMALL PLASTIC SNAKE AND A BIG TOY FROK WITH FOUR DICADES SHE CAN SCOOP THE PHINGS INTO TREE RED BOX AND WE WILL GO MEET HER ON WEDNESDAY I THINK ON WEDNESDAY ON WEDNESDAY AT THE TRAIN STATION
polish20.wav,PLEASE CALL STELLA ASK HER TO BRING THESE THINGS WITH HER FROM THE STORE SIX SPOONS OF FRESH SNOW PEAS FIVE THICK SLABS OF BLUE CHEESE AND MAYBE A SNACK FOR HER BROTHER BOB WE ALSO NEED A SMALL PLASTIC SNAKE AND A BIG TOY FROG FOR THE KIDS SHE CAN SCOOP THESE THINGS INTO THREE RED BAGS AND WE WILL GO MEET HER WEDNESDAY AT THE TRAIN STATION
polish21.wav,PLEASE CALL STELLA ASK HER TO BRING THESE THINGS WITH HER FROM STORE SIX SPOONFS OF FRESH SNOW PEAS FOUR THICK SLOPS OF BLUE CHEESE AND MAYBE A SNOK FOR HER BROTHER BOB WE ALSO NEED A SMALL PLASTIC SNAKE AND A BIG TOY FROG FOR THE KIDS SHE CAN SCOOP THESE THINGS INTO THREETED BAGS AND WE'LL GO MIT HER WEDNESDAY AT THE TRAIN STATION
polish22.wav,PLEASE CALL STELLA ASK HER TO BRING THESE THINGS WITH HER FROM THE STORE SIX SPOONS OF FRESH SNOW PEAS FIVE THICK SLABS OF BLUE CHEESE AND MAYBE A SNACK FOR HER BROTHER BOB WE ALSO NEED A SMALL PLASTIC SNAKE AND A BIG TOY FROCK FOR THE KITS SHE CAN SCOOP THESE THINGS INTO THREE RED BAGS AND WE WILL GO MEET HER WEDNESDAY AT THE TRAIN STATION
polish23.wav,PLEASE CALL STELLA ASK HER TO BRING THESE THINGS WITH HER FROM THE STORE SIX SPOONS OF FRESH SNOW PEAS FIVE THICK SLABS OF BLUE CHEESE AND MAYBE A SNACK FOR HER BROTHER BOB WE ALSO NEED A SMALL PLASTIC SNAKE AND A BIG TOY FROG FOR THE KIDS SHE CAN SCOOP THESE THINGS INTO THREE RED BAGS AND WE WILL GO MEET HER WEDNESDAY AT THE TRAIN STATION
polish24.wav,PLEASE CALL STELLA ASK HER TO BRING THESE THINGS WITH HER FROM THE STORE SIX SPOONS OF FRESH SNOW PIECE FIVE THICK SLABS OF BLUCHEES AND MAYBE A SNAG FOR HER BROTHER BOB WE ALSO NEED A SMALL PLASTIC SNAG AND A BIG TOY FROG FOR THE KIDS SHE CAN SCOOP THESE THINGS INTO THREE RED BAGS AND WE WILL CO MEET HER WEDNESDAY AT THE TRAIN STATION
polish25.wav,PLEASE CALL STELLA ASK HER TO BRING THESE THINGS WITH HER FROM THE STORE SIX SPOONS OF FRESH SNOW PEAS FIVE THICK SLABS OF BLUE CHEESE AND MAYBE A SNUCK FOR HER BROTHER BOB WE ALSO NEED A SMALL PLASTIC SNAKE AND A BIG TOY FROCK FOR THE KIDS SHE CAN SCOOP THESE THINGS INTO THREE RED BAGS AND WE WILL GO MEET HER WEDNESDAY AT THE TRAIN STATION
polish26.wav,PLEASE CALL STELLA ASK HER TO BRING THESE THINGS WITH HER FROM THE STORE SIX SPOONS OF FRESH SNOW PEECE FIVE THICK SLAPS OF BLUE CHEESE AND MAYBE A SNAG FOR HER BROTHER BOB WE ALSO NEED A SMALL PLASTIC SNAKE AND A BIG TOY FROG FOR THE KIDS SHE CAN SCOOP THESE THINGS INTO THREE RED BAKS AND WE'LL GO MEET HER WEDNESDAY AT THE TRAIN STATION
polish27.wav,PLEASE CALL STELLA ASK HER TO BRING THESE THINGS WITH HER FROM THE STORE SIX SPOONS OF FRESH SNOW PIECE FIVE THICK SLABS OF BLUE CHEESE AND MAYBE A SNACK FOR HER BROTHER BOB WE ALSO NEED A SMALL PLASTIC SNAKE AND A BIG TOY FROCK FOR THE KIDS SHE CAN SCOOP THESE THINGS INTO THREE RED BAGS AND WE WILL GO MEET HER WEDNESDAY AT THE TRAIN STATION
polish28.wav,PLEASE CALL STELLA ASK HER TO BRING THESE THINGS WITH HER FROM THE STORE SIX POONS OF FRESH SNOW PEAS FIVE THICK SLAPS OF BLUE TEAS AND MAYBE A SNUG FOR HER BROTHER BOB WE ALSO NEED A SMALL PLASTIC SNAKE AND A BIG TOY FROCK FOR THE KIDS SHE CAN SCOOP THESE THINGS INTO THREE RED BAGS AND WE'LL COMMIT HER WEDNESDAY AT THE TRAIN STATION
polish29.wav,PLEASE CALL STELLA ASK HER TO BRING THESE THINGS WITH HER FROM THE STORE SIX SPOONS OF FRESH SNOW PEAS FIVE THICK SLAPS OF BLUE CHEESE AND MAYBE A SNAG FOR HER BROTHER BOB WE ALSO NEED A SMALL PLASTIC SNAKE AND A BIG TOY FROK FOR THE KIDS SHE CAN SCOOP THESE THINGS INTO THREE RED BAGS AND WE WILL GO MEET HER WEDNESDAY AT THE THE TRAIN STATION
polish3.wav,PLEASE CALL STELLA ASK HER TO BRING THESE THINGS WITH HER FROM THE STORE SIX SPOONS OF FRESH SNOW PEAS FIVE THICKL SLABS OF BLUE CHEESE AND MAYBE A SNACK FOR HER BROTHER BOB WE ALSO NEED A SMALL PLASTIC SNAKE AND A BIG TOY FROG FOR THE KIDS SHE CAN SCOOP THESE THINGS INTO THREE RED BAGS AND WE WILL GO MEET HER WEDNESDAY AT THE TRAIN STATION
polish30.wav,PLEASE CALL STALLA ASK HER TO BRING THESE THINGS WITH HER FROM THE STORE SIX SPOONS OF FRESH SNOW PEASE FIVE THICK SLABS OF BLUE CHEESE AND MAYBE A SNUG FOR HER BROTHER BOB WE ALSO NEED A SMALL PLASTIC SNAKE AND A BIG TOI FROG FOR THE KIDS SHE CAN SCOOL THESE THINGS INTO THREE RED BAGS AND WE WILL GO MEET HER WEDNESDAY AT THE TRAIN STATION
polish31.wav,PLEASE CALL STELLA ASK HER TO BRING THESE THINGS WITH HER FROM THE STORE SIX SPOONS OF FRESH SNOW PEAS FIVE THICK SLABS OF BLUE CHEESE AND MAYBE A SNACK FOR HER BROTHER BOB WE ALSO NEED A SMALL PLASTIC SNAKE SNAKE AND A BIG TOY FROG FOR THE KIDS SHE CAN SCOOP THESE THINGS INTO THREE RED BAGS AND WE WILL GO MEET HER WEDNESDAY AT THE TRAIN STATION
polish32.wav,PLEASE CALL STELLA ASK HER TO BRING THESE THINGS WITH HER FROM THE STORE SIX SPOONS OF FRESH SNOW PEAS FIVE THICK SLABS OF BLUE CHEES AND MAYBE A SNACK FOR HER BROTHER BOB WE ALSO NEED A SMALL PLASTIC SNAKE AND A BIG TOY FROG FOR THE KIDS SHE CAN SCOOP THESE THINGS INTO THREE RED BAGS AND WE WILL GO AND MEET HER WEDNESDAY AT THE TRAIN STATION
polish33.wav,PLEASE CALL STELLA ASK HER TO BRING THESE THINGS WITH HER FROM THE STORE SIX SPOONS OF FRESH SNOW PEAS FIVE THICK SLABS OF BLUE CHEESE AND MAYBE A SNACK FOR HER BROTHER BOB WE ALSO NEED A SMALL PLASTIC SNAKE AND A BIG TOY FROG FOR THE KIDS SHE CAN SKOP THESE THINGS INTO THREE RED BAGS AND WE WILL GO MEET HER WEDNESDAY AT THE TRAIN STATION
polish34.wav,PLEASE CALL STELLA ASK HER TO BRING THESE THINGS WITH HER FROM THE STORE SIX SPOONS OF FRESH SNOW PEAS FIVE THICK SLABS OF BLUE CHEESE AND MAYBE A SNACG FOR HER BROTHER BOB WE ALSO NEED A SMALL PLASTIC SNAKE AND A BIG TOY FROG FOR THE KIDS SHE CAN SCOOP THESE THINGS INTO THREE RED BAGS AND WE WILL GO MEET HER WEDNESDAY AT THE TRAIN STATION
polish4.wav,PLEASE CALL STELLA ASK HER TO BRING THESE THINGS WITH HER FROM THE STORE SIX POUNDS OF FRESH SNOW PEAS FIVE THICK SLAPS OF BLUE CHEESE AND MAYBE A SNACK FOR HER BROTHER BOB WE ALSO NEED A SMALL PLASTIC SNAKE AND A BIG TOY FROG FOR THE KIDS SHE CAN SCOW THESE THINGS INTO THREE RED BAGS AND WE'LL GO MAT HER WEDNESDAY AT THE TRAIN STATION
polish5.wav,PLEASE CALL STELLA ASK HER TO BRING THESE THINGS WITH HER FROM THE STORE SIX SPOONFS OF FRESH SNOW PEAS FIVE THICK SLABS OF BLUE CHEESE AND MAYBE A SNACK FOR A BROTHER BAUB WE ALSO NEED A SMALL PLASTIC SNAKE AND A BIG TOY FROG FOR THE KIDS SHE CAN SCOOP THESE THINGS INTO THREE RED BAGS AND WE'LL GO MEET HER WEDNESDAY AT THE TRAIN STATION
polish6.wav,PLEASE CALL STELLA ASK HER TO BRING THESE THINGS WITH HER FROM THE STORE SIX SPOONS OF FRESH SNOW PEAS FIVE THICK SLABS OF BLUE CHEESE AND MAYBE A SNACK FOR HER BROTHER BOB WE ALSO NEED A SMALL PLASTIC SNAKE AND A BIG TOY FROG FOR THE KIDS SHE CAN SCOOP THESE THINGS INTO THREE RED BAGS AND WE WILL GO MEET HER WEDNESDAY AT THE TRAIN STATION
polish7.wav,PLEASE CALL STELLA ASK HER TO BRING THESE THINGS WITH HER FROM THE STORE SIXPENCE OF FRESH SNOW PEECE FIVE THICK SLABS OF BLUE CHEESE AND MAYBE A SNAK FOR HER BROTHER BOB WE ALSO NEED A SMALL PLASTIC SNEG AND A BIG TOY FROCK FOR THE KIDS SHE CAN SKIP THESE THINGS INTO THREE RED BAGS AND WE WILL GO MEET HER WEDNESDAY AT THE TRAIN STATION
polish8.wav,PLEASE CALL STELLA ASK HER TO BRING THESE THINGS WITH HER FROM THE STORE SIX SPOONS OF FRESH SNOW PEAGE FIVE THICK SLABS OF BLUE CHEESE AND ME SNECK THOG E PRODED BOB WE ALSO NEED A SMALL PLASTIC SNECK AND A BIG TOY FROG T THE KIS SHE CAN SCUVE THESE THINGS INTO THREE RED BAGS AND WE'LL GO MEET OUR WEDNESDAY AT THE TRAIN STATION
polish9.wav,PLEASE CALL STELLA ASK HER TO BRING THESE THINGS WITH HER FROM THE STORE SIX SPOONS OF FRESH SNOW PIECE FIVE THICK SLABS OFB BLUE CHEESE AND MAYBE A SNACK FOR HER BROTHER BOB WE ALSO NEED A SMALL PLASTIC SNAKE AND A BIG TOY FROK FOR THE KIDS SHE CAN SCOOP THESE THINGS INTO INTO THREE RED BAGS AND WEILL GO MEET HER WEDNESDAY AT THE TRAIN STATION
portuguese1.wav,PLEASE COUSTELLA ASK A HEN TO BRING THE FINK WITH HE FOM THE STORY SIX SPOON OF FICNO PANT FIVE TRICKS SLABS OF BLUE CHESE A MABE A SNACKY FORHER BROTE BOBBY WHEN WEL WHEN ALSO NID AS A SMALL PLASTIC SNACKIN AND A BIG TOLL FROG FOR THE KIDDS SHE'S COME SHES CAN SCOOP THERS FINK INTO THE INTO THREE HAND BAGS A WER WELL GO MIT HE WIT NE AT THETENSTATION
portuguese10.wav,PLEASE CALL STELA ASK HER TO BRING THESE THINGS WITH HER FROM THE STORE SIX SPOONS OF FRESH NO PEECE FIVE THICK SLABS OF BLUE CHEESE AND MAYBE A SNACK FOR HER BROTHER BOB WE ALSO NEED A SMALL PLASTIC SNAKE AND A BIG TOY FROG FOR THE KIDS SHE CAN SCOOP THESE THINGS INTO THREE RED BAGS AND WE WILL GO MEET HER WEDNESDAY AT THE TRAIN STATION
portuguese11.wav,PLEASE CALL STELLA ASK HER TO BRING THESE THINGS WITH HER FROM THE STORE SIX SPOONS OF FRESH SNOW PEAS FIVE THICK SLABS OF BLUE CHEESE AND MAYBE A SNACK FOR HER BROTHER BOB WE ALSO NEED A SMALL PLASTIC SNAKE AND A BIG TOY FROG FOR THE KIDS SHE CAN SCOOP THESE THINGS INTO THREE RED BAGS AND WE'LL GO MEET HER WEDNESDAY AT THE TRAIN STATION
portuguese12.wav,PLEASE CALL STELLA ASK HER TO BRING THESE THINGS WITH HER FROM THE STORE SIX SPOONS OF FRESH SNOW PEES FIVE SIX SLABS OF BLUE CHEESE AND MAYBE A SNAKE FOR HER BROTHER BOB WE ALSO NEED A SMALL PLASTIC SNAKE AND A BIG TOY FROG FOR THE KITS SHE CAN SCOOP THESE THINGS INTO THREE RED BAGS AND WE WILL GO MEET HER WEDNESDAY AT THE TRAIN STATION
portuguese13.wav,PLEASE CALL STELLA ASK HER TO BRING THESE THINGS WITH HER FROM THE STORE SIX SPOONFULS OF FRESH SNOW PEAS FIVE THICK SLABS OF BLUE CHEESE AND MAYBE A SNAKE FOR HER BROTHER BOB WE ALSO NEED A SMALL PLASTIC SNAKE AND A BIG TOY FROG FOR THE KIDS SHE CAN SCOOP THESE THINGS INTO THREE RED BAGS AND WE'LL GO MEET HER WEDNESDAY AT THE TRAIN STATION
portuguese14.wav,PLEASE CALL STALA ASK HER TO BRING THESE THINGS WITH HER FROM THE STORE SIX SPOONS OF FRESH MEAL SNOW PEACE FIVE FIX LABS OF BLUE CHEESE AND MABE SNAKE FOR HER BROTHER BOB WE ALSO NEED A SMALL BLOOD SNAKE AND A BIG TOY FROG FOR THE KIDS SHE CAN SCOOP THESE THINGS INTO THREE HAD BAGS ANDWE WILL GO MITH HER WEDNESDAY AT THE TRAIN STATION
portuguese15.wav,PLEASE CALL STELLA ASK HER TO BRING THESE THINGS WITH HER FROM THE STORE SIX SPOONS OF FRESH SNOW PEAS FIVE THICK SLABS OF BLUE CHEESE AND MAYBE A SNACK FOR HER BROTHER BOB WE ALSO NEED A SMALL PLASTIC SNAKE AND A BIG TOY FROG FOR THE KIDS SHE CAN SCOOP THESE THINGS INTO THREE RED BAGS AND WE WILL GO MEET HER WEDNESDAY AT THE TRAIN STATION
portuguese16.wav,PLEASE CALL STELLA ASK HER TO BRING THESE THINGS WITH HER FROM THE STORE SIX SPOONS OF FRESH SNOW PEAS FIVE THICK SLABS OF BLUE CHEESE AND MAYBE A SNACK FOR HER BROTHER BOB WE ALSO NEED A SMALL PLASTIC SNAKE AND A BIG TOY FROG FOR THE KIDS SHE CAN SCOOP THESE THINGS INTO THREE RED BAGS AND WE WILL GO MEET HER WEDNESDAY AT THE TRAIN STATION
portuguese17.wav,PLEASE CALL STELLA ASK HER TO BRING THESE THINGS WITH HER FROM THE STORE SIX SPOONFUS OF FRESH SNOW PEAS FIVE THICK SLABS OF BLUE CHEESE AN ARO SNACK FOR HER BROTHER BOB WE ALSO NEED A SMALL PLASTIC SNAKE AND A BIG TOY FROG FOR THE KIDS SHE CAN SCOOP THESE THINGS INTO THREE THREE RED BAGS AND WE WILL MEET HER WEDNESDAY AT THE TRAIN STATION
portuguese18.wav,PLEASE CALL STELLA ASK HER TO BRING THESE THINGS WITH HER FROM THE STORE SIX SPOONS OF FRESH SNOW PEAS FIVE THICK SLABS OF BLUE CHEESE AND MAYBE A SNAK FOR HER BROTHER BOB WE ALSO NEED A SMALL PLASTIC SNAKE AND A BIG TOY FROK FOR THE KIDS SHE CAN SCOOP THESE THINGS INTO THREE RED BAGS AND WE WILL GO MEET HER WEDNESDAY AT THE TRAIN STATION
portuguese19.wav,PLEASE CALL TELLE ASK HER TO BRING THESE THINGS WITH HER FROM THE STORE SIX SPOONS OF FRAC NO PEAS FIVE AKES LIVES OF BLUE CHEESE AND MAYBE I NACK FOR HER BROTHER BOB WE ALSO NEED A SMALL PLASTIC SNAKE AND A BIG TOY FROG FOR THE KIDS SHE CAN SCOOP THESE THINGS INTO THREE RED BAGS AND WE WILL GO MEET HER WENSDAY AT THE TRAIN STATION
portuguese2.wav,PLEASE CO STELLA ASK HER TO BRING THESE THINGS WITH HER FROM THE STORE SIX SPOONS OF FRESH SNOW PEAS FIVE THICK SLABS OF BLUE CHEESE AND MAYBE THE SNACK OF HER BROTHER BOB WE ALSO NEED A SMALL PLASTIC SNAKE AND A BIG TOY FROG FOR THE KIDS SHE CAN SCOOP THESE THINGS INTO THREE RED BAGS AND WE WILL GO MEET HER WEDNESDAY AT THE TRAIN STATION
portuguese20.wav,PLEASE CALL STELLA ASK HER TO BRING THESE THINGS WITH HER FROM THE STORE SIX SPOONFUS OF FRESH SNOW PEAS FIVE THICK SLABS OF BLUE CHEESE AND MAYBE A SNACK FOR HER BROTHER BOB WE ALSO NEED A SMALL PLATC SNAKE AND A BIG TOY FROG FOR THE KIDS SHE CAN SCOOP THESE THINGS INTO THREE RED BAGS AND WE WILL GO MEET HER WEDNESDAY AT THE TRAIN STATION
portuguese21.wav,PLEASE CALL STELLA ASK HER TO BRING THESE THINGS WITH HER FROM THE STORE SIX SPOONS OF FRESH SNOW PEAS FIVE THICK SLAPS OF BLUE CHEESE AND MAYBE A SNAKE FOR HER BROTHER BOB WE ALSO NEED A SMALL PLASTIC SNAKE AND A BIG TOY FROG FOR THE KIDS SHE CAN SCOOP THESE THINGS INTO THREE RED BAGS AND WE'LL GO MEET HER WEDNESDAY AT THE TRAIN STATION
portuguese22.wav,PLEASE CALL STELLA ASK HER TO BRING THESE THINGS WITH HER FROM THE STORE SIX SPOONS OF FRESH SNOW PEAS FIVE THICK SLABS OF BLUE SHES AND MAYBE A SNACK FOR BRADE BOB WE ALSO NEED A SMALL PLASTIC SNACK IT A BIG TOY FROG FOR THE KIDS SHE CAN SCOOP THESE THINGS INTO THREE RED BAGS AND WE WILL GO MEET HER WEDNESDAY AT THE TRAIN STATION
portuguese23.wav,PLEASE CALL STELLA ASK HER TO BRING THESE THINGS WITH HER FROM THE STORE SIX SPOONS OF FRESH SNOW PEAS FIVE THICK SLABS OF BLUE CHEESE AND MAYBE A SNACK FOR HER BROTHER BOB WE ALSO NEED A SMALL PLASTIC SNAKE AND A BIG TOY FROG FOR THE KIDS SHE CAN SCOOP THESE THINGS INTO THREE RED BAGS AND WE WILL GO MEET HER WEDNESDAY AT THE TRAIN STATION
portuguese24.wav,PLEASE CALL STELLA ASK HER TO BRING THESE THINGS WITH HER FROM THE STORE SIX SPOONFS OF FRESH SNOW PEES FIVE THICK SLIVES OF BLUE CHEESE AND MAYBE A SNAKE FOR BROTHER BOB WE ALSO NEED A SMALL PLASTIC SNAKE AND A BIG TOY FROCK FOR THE KIDS SHE CAN SCOOP THESE THINGS INTO THREE RED BAGS AND WE'LL GO MEET HER WEDNESDAY AT THE TRAIN STATION
portuguese25.wav,PLEASE CALL STELE ASK HER TO BRING THESE THINGS WITH HER FROM THE STORE SIX SPOONS OF FRESH SNOW PEAS FIVE THICK SLABS OF BLUE CHEESE AND MAYBE A SNAKE FOR HER BROTHER BOB WE ALSO NEED A SMALL PLASK SNACKY AND A BIG TOY FROG FOR THE KIDS SHE CAN SCOOP THESE THINGS INTO THREE RED BAGS AND WE WILL GO MEET HER WEDNESDAY AT THE TRAIN STATION
portuguese26.wav,PLEASE CALL STELLA ASK HER TO BRING THESE THINGS WITH HER FROM THE STORE SIX SPOONS OF FRESH SNOW PEAS FIVE THICK SLABS OF BLUE CHEESE AND MAYBE A SNACK FOR HER BROTHER BOB WE ALSO NEED A SMALL PLASTIC SNAKE AND A BIG TOY FROG FOR THE KIDS SHE CAN SCOOP THESE THINGS INTO THREE RED BAGS AND WE'LL GO MEET HER WEDNESDAY AT THE TRAIN STATION
portuguese27.wav,PLEASE CALL STELLA ASK HER TO BRING THESE THINGS WITH HER FROM THE STORE SIX SPOONS OF FRESH SNOW PEAS FIVE THICK SLABS OF BLUE CHEESE AND MAYBE A SNACK FOR HER BROTHER BOB WE ALSO NEED A SMALL PLASTIC SNAKE AND A BIG TOY FROG FOR THE KIDS SHE CAN SCOOP THESE THINGS INTO THREE RED BAGS AND WE WILL GO MEET HER WEDNESDAY AT THE TRAIN STATION
portuguese28.wav,PLEASE CALL ESTELLA ASK HER TO BRING THESE THINGS WITH HER FROM THE STORE SIX SPOONS OF FRESH SNOW PEAS FIVE THICK SLABS AND OF BLUE CHEESE AND MAYBE A SNACK OF HER FOR HER BROTHER BOB WE ALSO NEED A SMALL PLASTIC SNAKE AND A BIG TOY FROG FOR THE KIDS SHE CAN SCOOP THESE THINGS IN THREE RED BAGS AND WE WILL GO MEET HER WEDNESDAY AT THE TRAIN STATION
portuguese29.wav,PLEASE CALL STELLA ASK HER TO BRING THESE THINGS WITH HER FROM THE STORE SIX SPOONS OF FRESH SNOW PEAS FIVE THICK SLAPS OF BLUE CHEESE AND MAYBE A SNACK FOR HER BROTHER BOB WE ALSO NEED A SMALL PLASTIC SNAKE AND A BIG TOY FROG FOR THE KIDS SHE CAN SCOOP THESE THINGS INTO THREE RED BAGS AND WE WILL GO MEET HER WEDNESDAY AT THE TRAIN STATION
portuguese3.wav,PLEASE CALL STELLA ASK HER TO BRING THOSE THINGS WITH HER FROM THE STORE SIX SPOONS OF FRESH S NO PES FIVE THIXSLEBS OF TOSE OF BLUE CHEES AND MAYBE A SNAK FOR HER BROTHER BOB WE ALSO NEED A SMALL PLASTIC SNACK AND A BIG TOY FROG FOR HER KED SHE CAN SCOOP THESE THINGS INTO THREE RED BAGS AND WE WILL MEET HER WEDNESDAY AT THE TRAIN STATION
portuguese30.wav,PLEASE CALL STEL ASK HER TO BRING THESE THINGS WITH HER FROM THE STORE SIX SPOONFF FRESH NOW PEAS FIVE THICK SLEDS OF BLUE CHEESE AND MABE SNAK FOR HER BROTHER BOB WE ALSO NEED A SMALL PLASTSNAKE AND A BIG TOY FROG FOR THE KIKS SHE CAN SCOOP THESE THINGS INTO THREE RED BAGS AND WE GO MEET HER WENSDAY AT THE TRAIN STATION
portuguese31.wav,PLEASE CALL STELLA ASK HER TO BRING THESE THINGS WITH HER FROM THE STORE SIX SPOONS OF FRESH SNOW PEAS FIVE THICK SLABS OF BLUE CHEESE AND MIBES NECK FOR HER BROTHER BOB WE ALSO NEED A SMALL PLASTIC SNAKE AND A BIG TOY FROG FOR THE KIDS SHE CAN SCOOP THESE THINGS INTO THREE RED BAGS AND WE'LL GO MEET HER WEDNESDAY AT THE TRAIN STATION
portuguese32.wav,PLEASE CALL STELLA ASK HER TO BRING THESE THINGS WITH HER FROM THE STORE SIX SPOONS OF FRESH SNOW PEAS FIVE THICK SLAVS OF BLUE CHEESE AND MAYBE SNAG FOR HER BROTHER BALL WE ALSO NEED A SMALL PLASTIC SNAKE AND A BIG TOY FROG FOR THE KIDS SHE CAN SCOOP THESE THINGS INTO THREE RED BAGS AND WE WILL GO MEETER WEDNESDAY AT THE TRAIN STATION
portuguese33.wav,PLEASE CO STELLA ASK HER TO BRING THESE THINGS WITH HER FROM THE STORE SIX POUNS OF FRESH SNOW PEAS FIVE THICK SLABS OF BLUE CHEESE AND A MAYBE SNACK FOR HER BROTHER BOB WE ALSO NEED A SMALL PRASKE SNAKE AND A BIG TI FROG FOR THE KIDS SHE CAN SCOOP THE THINGS INTO THREE RED BAGS AND WE WILL MEET HER WEDNESDAY AT THE TRAIN STATION
portuguese34.wav,PLEASE CALL STELLA ASK HER TO BRING THESE THINGS WITH HER FROM THE STORE SIX SPOONS OF FRESH SNOW PEAS FIVE THICK SLABS OF BLUE CHEESE AND MAYBE A SNAKE FOR HER BROTHER BOB WE ALSO NEED A SMALL PLASTIC SNAKE AND A BIG TOY FROG FOR THE KIDS SHE CAN SCOOP THESE THINGS INTO THREE RED BAGS AND WE WILL GO MEET HER WEDNESDAY AT THE TRAIN STATION
portuguese35.wav,PLEASE CALL STELLA ASK HER TO BRING THESE THINGS WITH HER FROM THE STORE SIX SPOONS OF FRESH SNOW PEAS FIVE THICK SLABS OF BLUE CHEESE AND MAYBE A SNACK FOR HER BROTHER BOB WE ALSO NEED A SMALL PLASTIC SNAKE AND A BIG TOY FROG FOR THE KIDS SHE CAN SCOOP THESE THINGS INTO THREE RAW BAGS AND WE WILL GO MEET HER WEDNESDAY AT THE TRAIN STATION
portuguese36.wav,PLEASE CALL STELLA ASK HER TO BRING THESE THINGS WITH HER FROM THE STORE SIX SPOONS OF FRESH SNOW PEAS FIVE THICK SLABS OF BLUE CHEESE AND MA MAY BE A SNACK OF HER BROTHER BOB WE ALSO NEED A SMALL PLASTIC SNAKE AND A BIG TOY FROG FOR THE KIDS SHE CAN SCOOP THE THINGS INTO THREE RED BAGS AND WE WILL GO MEET HER WEDNESDAY AT THE TRAIN STATION
portuguese37.wav,PLEASE CALL STELLA ASK HER TO BRING THE THINGS WITH HER FROM THE STORE SIXTY SPOONS OF FRESH SNOW PEAS FIVE THICK SLABS OF BLUE CHEESE AND MAYBE A SNAKE FOR HER BROTHER BOB WE ALSO NEED A SMALL PLASTIC SNAKE AND A BIG TOY FROG FOR THE KIDS SHE CAN SCOOP THESE THINGS INTO THREE RED BAGS AND WE'LL GO MEET HER WEDNESDAY AT THE TRAIN STATION
portuguese38.wav,PLEASE CAL TELL HER ASK HER TO BRING THESE THINGS WITH HER FROM THE STORE SIX SPOONS OF FRESH SNOWPEES FIVE THICK SLABS OF BLUE CHEESE AND MAYBE A SNACK FOR HER BROTHER BOB WE ALSO NEED A SMALL PLASTIC SNAKE AND A BIG TOY FROG FOR THE KIDS SHE CAN SCOOP THESE THINGS INTO THREE RED BAGS AND WE WILL GO MEETHER WEDNESDAY AT THE TRAIN STATION
portuguese39.wav,PLEASE CALL STELLA ASK HER TO BRING THESE THINGS WITH HER FROM THE STORE SIX BONES OF FRESH SNOW PEAS FIVE THICK SLABS OF BLUE CHEESE AND MAYBE A SNAKE FOR HER BROTHER BOB WE ALSO NEED A SMALL PLASTIC SNAKE AND A BIG TOY FROG FOR THE KIDS SHE CAN SCOOP THESE THINGS INTO THREE RED BAGS AND WE WILL GO MEET HER WEDNESDAY AT A TRAIN STATION
portuguese4.wav,PLEASE CALL STELLA ASK HER TO BRING THESE THINGS WITH HER FROM THE STORE SIX SPOONS OF FRESH SNOW PEAS FIVE THICK SLAPES OF BLUE SHEAS AND MAYBE A SNAKE FOR HER BROTHER BOB WE ALSO NEED A SMALL PLASTIC SNAKE AND A BIG TOY FROW FROM THE KIDS SHE CAN SCOOP SHE CAN SCOOP THESE THINGS INTO THREE RED BAGS AND WE WILL GO MEET HER WEDNESDAY AT THE TRAIN STATION
portuguese40.wav,PLEASE CALL STELLA ASK HER TO BRING THESE THINGS WITH HER FROM THE STORE SIX SPOONFS OF FRESH SNOW PEASE FIVE THICK SLABS OF BLUE CHEESE AND MABE'S NECK FOR HER BREAD A BOT WE ALSO NEED A SMALL PLASTIC SNAKE AND A BIG TOY FROG FOR THE KIDS SHE CAN SCOOP THESE THINGS INTO THREE RED BAGS AND WE WILL GO MEET HER WEDNESDAY AT THE TRAIN STATION
portuguese41.wav,PLEASE CALL STELLA ASK HER TO BRING THESE THINGS WITH HER FROM THE STORE SIX SPOONS OF FRESH SNOW PEAS FIVE THICK SLABS OF BLUE CHEESE AND MAYBE A SNACK FOR HER BROTHER BOB WE ALSO NEED A SMALL PLASTIC SNAKE AND A BIG TOY FROG FOR THE KIDS SHE CAN SCOOP THESE THINGS INTO THREE RED BAGS AND WE WILL GO MEET HER WEDNESDAY AT THE TRAIN STATION
portuguese42.wav,PLEASE CALL STELLA ASK HER TO BRING THESE THINGS WITH HER FROM THE STORE SIX SPOONS OF FRESH SNOW PEAS FIVE THICK SLABS OF BLUE CHEESE AND MAYBE A SNIKE FOR HER BROTHER BOB WE ALSO NEED A SMALL PLASTIC SNAKE AND A BIG TOY FROG FOR THE KIDS SHE CAN SCOOP THESE THINGS INTO THREE RED BAGS AND WE WILL GO AND WE WILL GO MEET HER WEDNESDAY AT THE TRAIN STATION
portuguese43.wav,PLEASE CALL STELLA ASK HER TO BRING THESE THINGS WITH HER FROM THE STORE SIX SPOONS OF FRESH SNOW PEAS FIVE THICK SLABS OF BLUE CHEESE AND MAYBE A SNACK FOR HER BROTHER BOB WE ALSO NEED A SMALL PLASTIC SNAKE AND A BIG TOY FROG FOR THE KIDS SHE CAN SCOOP THESE THINGS INTO THREE RED BAGS AND WE WILL GO MEET HER WEDNESDAY AT THE TRAIN STATION
portuguese44.wav,PLEASE CALL STELLA ASK HER TO BRING THESE THINGS WITH HER FROM THE STORE SIX SPOONS OF FRESH SNOW PEAS FIVE THICK SLABS OF BLUE CHEESE AND MAYBE A SNAKE FOR HER BROTHER BOB WE ALSO NEED A SMALL PLASTIC SNAKE AND A BIG TOY FROG FOR THE KIDS SHE CAN SCOOP THESE THINGS INTO THREE RED BAGS AND WE WILL GO MEET HER WEDNESDAY AT THE TRAIN STATION
portuguese45.wav,PLEASE CALL STELLA ASK HER TO BRING THESE THINGS WITH HER FROM THE STORE SIX SPOONS OF FRESH SNOW PEAS FIVE TAKE SLAVES OF BLUE CHEESE AND MAYBE A SNACK FOR HER BROTHER BOB WE ALSO NEED A SMALL PASSIC SNAKE AND A BIG TOY FROG FOR THE KIDS SHE CAN SCOOP THESE THINGS INTO THREE RED BAGS AND WE WILL GO MEET HER WEDNESDAY AT THE TRAIN STATION
portuguese46.wav,PLEASE CALL STELLA ASK HER TO BRING THESE THINGS WITH HER FROM THE STORE SIX SPOONS OF FRESH SNOW PEASE FIVE THICK SLABS OF BLUE CHEESE AND MAYBE A SNACK FOR HER BROTHER BOB WE ALSO NEED A SMALL PLASTIC SNAKE AND A BIG TOY FROG FOR THE KIDS SHE CAN SCOOP THESE THINGS INTO THREE RED BAGS AND WE WILL GO MEET HER WEDNESDAY AT THE TRAIN STATION
portuguese47.wav,PLEASE CALL STELLA ASK HER TO BRING THESE THINGS WITH HER FROM THE STORE SIX SPOONS A FRESH SNOW PIECE FIVE THICK SLABS OF BLUE CHEESE AND MAYBE A SNACK FOR HER BROTHER BOB WE ALSO NEED A SMALL PLASTIC SNAKE AND A BIG TOY FROG FOR THE KIDS SHE CAN SCOOP THESE THINGS INTO THREE RED PACKS AND WE WILL GO MEET HER WEDNESDAY AT THE TRAIN STATION
portuguese48.wav,PLEASE CALL STELLA ASK HER TO BRING THE SAME THINGS WITH HER FROM THE STORE SIX SPOONFUS OF FRESH SNOW PEAS FIVE THICK SLABS OF BLUE CHEESE AND MAYBE A SNACK FOR HER BROTHER BOB WE ALSO NEED A SMALL PLASTIC SNAKE AND A BIG TOY FROG FOR THE KIDS SHE CAN SCOOP THINGS INTO THREE RED BAGS AND WE WILL GO MEET HER WEDNESDAY AT THE TRAIN STATION
portuguese5.wav,PLEASE CALL STELLAM ASK HER TO BRING THESE THINGS WITH HER FROM THE STORE SIX SPOONS OF FRESH SNOW PEAS FIVE THICK SLABS OF BLUE CHEESE AND MAYBE A SNAKE FOR HER BROTHER BOB WE ALSO NEED A SMALL PLASTIC SNAKE AND A BIG STOY FROG FROG FOR HER CKITS SHE CAN SCOOP THE THINGS INTO THREE RED BAGS AND WE WILL GO MEET HER W WEDNESDAY AT THE TRAIN STATION
portuguese6.wav,PLEASE CALL STELLA ASK HER TO BRING THESE THINGS WITH HER FROM THE STORE SIX SPOONS OF FRESH NO PEAS FIVE THICK SLAPS OF BLUE CHEESE AND MAYBE A SNACK FOR HER BROTHER BOB WE ALSO NEED A SMALL PLASTIC SNAKE AND A BIG TOY FROG FOR THE KIDS SHE CAN SCOOP THESE THINGS INTO THREE RED BAGS AND WE GO MEET HER WEDNESDAY AT THE TRAIN STATION
portuguese7.wav,PLEASE CALL STELLA ASK HER TO BRING THESE THINGS WITH HER FROM THE STORE SIXT SPOON OF FRESH SNOW PEAS FIVE THICK SLABS OF BLUE CHEESE AND MAYBE A SNACK FOR HER BROTHER BOB WE ALSO NEED A SMALL PLASK SNAKE AND A BIG TOY FROG FOR THE KIDS SHE CAN SCOOP THESE THINGS INTO THREE RAG BAGS AND WE WILL GO MEET HER WEDNESDAY AT THE TRAIN STATION
portuguese8.wav,PLEASE CALL STELLA ASK HER TO BRING THESE THINGS WITH HER FROM THE STORE SIX SPOONS OF FRESH SNOW PEAS FIVE FIG SLABS OF BLUE CHEESE AND MAYBE A SNUK FOR HER BROTHER BOB WE ALSO NEED A SMALL PLASKE SNAKE AND A BIG TOY FROG FOR THE KIDS SHE CAN SCOOP THESE THINGS INTO THREE RED BAGS AND WE'LL GO MEET HER WEDNESDAY AT THE TRAIN STATION
portuguese9.wav,PLEASE CALL STELLA ASK HER TO BRING THESE THINGS WITH HER FROM THE STORE SIX SPOONFUS OF FRESH SNOW PEAS FIVE THICK SLABS OF BLUE CHEESE AND MAYBE A SNAK FOR HER BROTHER BOB WE ALSO NEED A SMALL PLASTIC SNAKE AND A BIG TOY FROG FOR THE KIDS SHE CAN SCOOP THESE THINGS INTO THREE RED BAGS AND WE'LL GO MEET HER WEDNESDAY AT THE TRAIN STATION
pulaar1.wav,PLEASE CALL STELLA ASK HER TO BRING THESE THINGS WITH HER FROM THE STORE SIX POUNDS OF FRESH SNOW PEAS FIVE THICK SLABS OF BLUE CHEESE AND MAYBE A SNUCK FOR HER BROTHER BOB WE ALSO NEED A SMALL PLASTIC SNIK AND A BIG TOY FROG FOR THE KIDS SHE CAN SCOOP THESE THINGS INTO THREE RED BAGS AND WE WILL GO MEET HER WENESDAY AT THE TRAIN STATION
pulaar2.wav,PLEASE CALL STELLA ASK HER TO BRING THESE THINGS WITH HER FROM THE SOR SIX SPOONS OF FRESH SNOW PEAS FIVE THICK SLAPS OF BLUE CEES AND MAYBE A SNUG FOR HER BROTHER BOB WE ALSO NEED A SMALL PLASTIC SNAKE AND A BIG TOY FROG FOR THE KIDS SHE CAN SCOOP THESE THINGS INTO THREE RED BAGS AND WE WILL GO MEET HER WEDNESDAY AT THE STATION AT THE TRAIN STATION
pulaar3.wav,PLEASE CALL STELLA ASK HER TO BRING THESE THINGS WITH HER FROM THE STORE I MEAN SIX SPOONS OF FRESH SNOW PEASE FIVE THICK SLAVES OF BLUE CHEESE AND MAYBE A SNAKE FOR HER BROTHER BAK WE ALSO NEED A SMALL PLASTIC SNAKE AND A BIG TOY FROG FOR THE KIDS SHE CAN SCOOP THESE THINGS INTO THREE RED BATS AND WE'LL GO MEET HER WEDNESDAY AT THE  STATION
punjabi1.wav,PLEASE CALL STELLA ASK HER TO BRING THESE THINGS WITH HER FROM THE STORE SIX SPOONS OF FRESH SNOW PESE FIVE THICK SLABS OF WILLOW CHEESE AND MAYBE A SNACK FOR HER BROTHER BOB WE ALSO NEED A SMALL PLASTIC SNAK AND A BIG TO FROG FOR THE KIDS SHE CAN SCOPE THESE THINGS INTO THREE RED BAGS AND WE WILL GO MEETHER WEDNESDAY AT THE TRAIN STATION
punjabi10.wav,PLEASE CALL STELLA ASK HER TO BRING THESE THINGS WITH HER FROM THE STORE SIX SPOON OF FRESH SNOW PEAS FIVE THICK SLAPS OF BLUE CHEESE AND MAYBE A SNACK FOR HER BROTHER BOB WE ALSO NEED A SMALL PLASTIC SNAKE AND A BIG TOY FROG FOR THE KIDS SHE CAN SCOOP THESE THINGS INTO THREE RED BAKS AND WE WILL GO MEET HER VENIS DAY AT THE TRAIN STATION
punjabi2.wav,PLEASE CALL STELLA ASK HER TO BRING THESE THINGS WITH HER FROM THE STORE SIX SPOONS OF FRESH SNOW PEAS FIVE THICK SLABS OF BLUE CHEESE AND MAYBE A SNAKE SNACK FOR HER BROTHER BOB WE ALSO NEED A SMALL BASSIK SNAKE AND A BIG TOI FROG FOR THE KIDS SHE CAN SCOOP THESE THINGS INTO THREE RED BAGS AND WE'LL GO MEET HER WEDNESDAY AT THE TRAIN STATION
punjabi3.wav,PLEASE CAL STELLAR ASK HER TO BRING THESE THINGS WITH HER FROM THE STORE SIX SPOONS OF FRESH SNOW PINK FIVE TIK SLEPS OF BLUE CHEESE AND MAYBE A SNAK FOR HER BROTHER BAL WE ALSO NEED A SMALL PLASTIC SNAKE AND A BIG TOY FROG FOR HER FOR THE KIDS SHE CAN SCOOP THESE THINGS INTO THREE RED BAGS AND WE WILL GO MEET HER WENESDAY AT THE TRAIN STATION
punjabi4.wav,PLEASE CALL STELLA ASK HER TO BRING THESE THINGS WITH HER FROM THE STORE SIX SPOONS OF FRESH SNOW PEAS FIVE THICK SLABS OF BLUE CHEESE AND MAYBE A SNACK FOR HER BROTHER BOB WE ALSO NEED A SMALL PLASTIC SNAKE AND A BIG TOY FROG FOR THE KIDS SHE CAN SCOOP THESE THINGS INTO THREE RED BAGS AND WE'LL GO MEET HER WEDNESDAY AT THE TRAIN STATION
punjabi5.wav,PLEASE CALL STELLA ASK HER TO BRING THESE THINGS WITH HER FROM THE STORE SIX SPOONS OF FRESH SNOW PEAS FIVE THICK SLABS OF BLUE CHEESE AND MAYBE A SNACK FOR HER BROTHER BOB WE ALSO NEED A SMALL PLASTIC SNAKE AND A BIG TOY FROG FOR THE KIDS SHE CAN SCOOP THESE THINGS INTO THREE RED BAGS AND WE WILL GO MEET HER WITNESS DAY AT THE TRAIN STATION
punjabi6.wav,PLEASE CALL STELLA ASK HER TO BRING THESE THINGS WITH HER FOR THE STROR FROM THE STORE SIX SPOONS OF FRESH SNOW PEA FIVE STICK THICK SLABS OF BLUE CHEESE AND MAYBE A SNACK FOR HER BROTHER BOB WE ALSO NEED A SMALL PLASTIC SNAKE AND A BIG TOY FROG FOR THE KIDS SHE CAN SCOOP THESE THINGS INTO THREE RED BAGS AND WE AND WE WILL GO GO MEET HER WHEN I STAY AT THE TRAINSTATION
punjabi7.wav,PLEASE CALL STELLA ASK HER TO BRING THESE THINGS WITH HER FROM THE STORE SIX SPOONS OF FRESH SNOW PEAS FIVE THICK SLAPS OF BLUE CHEESE AND MAYBE A SNACK FOR HER BROTHER BOB WE ALSO NEED A SMALL PLASTIC SNAKE AND A BIG TOY FROG FOR THE KIDS SHE CAN SCOOP THESE THINGS INTO THREE RED BAGS AND WE'LL GO MEET HER WEDNESDAY AT THE TWIN STATION
punjabi8.wav,PLEASE CALL STELLA ASK HER BRING THESE THINGS BIT HER FROM THE STORE SIX SPOON OF FISH NO IS FIVE THINGS STELL IN THE BLUE CHEESE AND MAYBE A SNAP OF HER BROTHER BOB WE ALL SO NEED IS SIMPLE SIMPLE BASKETS KAN ATHE A BIT T FOR THE KITS SHE CAN'T STOOP THEIR THINGS IN THEIR RED BAD AND WE WILL GO MEET HER WENSDAY AT THE TRIN STATION
punjabi9.wav,PLEASE CALL STELLA ASK HER TO BRING THESE THINGS WITH HERO FOR FROM THE STORE SIX SPOONS OF FRESH SNOW PEAS FIVE THICK SLABS OF BLUE CHEESE AND MAYBE A SNACK FOR HER BROTHER BOB WE ALSO NEED A SMALL PLASTIC SNAKE AND A BIG TOY FROG FOR THECES SHE CAN SCOOP THESE THINGS INTO THREE WET BAGS AND WE WE WILL GO MEET HER WENSTAY AT THE TRAIN STATION
quechua1.wav,PLEASE CALL STELLA ASK HER TO BRING THESE THINGS WITH HER FROM THE STORE SIX SPOONS OF FRESH SNOW PEECS FIVE THICK SLABS OF BLUE CHEESE AND MAYBE A SNACK FOR HER BROTHER BOB WE ALSO NEED A SMALL PLASTIC SNAKE AND A BIG TOI FROCK FOR THE KIDS SHE CAN SCOOP THESE THINGS INTO THREE RID BAGS AND WE WILL GO MEET HER WEDNESDAY AN THE TRAIN STATION
quechua2.wav,PLEASE A COLMA STILE ASK ASKHER FOR TO WERD THE THIS THINKETHA WITCH HOR FRON THE ISTOR SIX ASPONCE OF THE FESH IS NO TINC FIVE TIKET SLIPE OF THE BLOOM SHES AND TE MAYBE IS NKED FOR FOR BROTHER BUT W ALSO NAT I SMALL PLASTIC IS NAKED AND THE BE TO FROFIT FOR THE CAK SHES SHE CANCOPD THES THIN KET ITOR TRE RED BAK AND E WE WILL GO MIT MIT HORT WHEN IT TAY AT THE TAN STATION
romanian1.wav,PLEASE CALL STELLA ASK HER TO BRING THESE THINGS WITH HER FROM THE STORE SIX SPOONS OF FRESH SNOW PEAS FIVE THICK SLABS OF BLUE CHEESE AND MAYBE A SNACK FOR HER BROTHER BOB WE ALSO NEED A SMALL PLASTIC SNAKE AND A BIG TOY FROG FOR THE KIDS SHE CAN SCOOP THESE THINGS INTO THREE RED BAGS AND WE WILL GO MEET HER WEDNESDAY AT THE TRAIN STATION
romanian10.wav,PLEASE CALL STELLA ASK HER TO BRING THESE THINGS WITH HER FROM THE STORE SIX SPOONS OF FRESH SNOWPES FIVE THICK SLEPS OF BLUE CHEES AND MAYBE A SNACK FOR HER BROTHER BOB WE ALSO NEED A SMALL PLASTIC SNAKE AND A BIG TOY FROCK FOR THE KIDS SHE CAN SCOOP THESE THINGS INTO THREE RED BAGS AND WE WILL GO MEET HER WEDNESDAY AT THE TRAIN STATION
romanian11.wav,PLEASE CALL STELLA ASK HER TO BRING THESE THINGS WITH HER FROM THE STORE SIX SPOONS OF FRESH SNOW PEAS FIVE THICK SLABS OF BLUE CHEESE AND MAYBE A SNACK FOR HER BROTHER BOB WE ALSO NEED A SMALL PLASTIC SNAKE AND A BIG TOY FROG FOR THE KIDS SHE CAN SCOOP THESE THINGS INTO THREE RED BAGS AND WE'LL GO MEET HER WEDNESDAY AT THE TRAIN STATION
romanian12.wav,PLEASE CALL STELLA ASK HER TO BRING THESE THINGS WITH HER FROM THE STORE SIX SPOONS OF FRESH SNOW PEAS FIVE THICK SLABS OF BLUE CHEESE AND MAYBE A SNACK FOR HER BROTHER BOB WE ALSO NEED A SMALL PLASTIC SNAKE AND A BIG TOY TOY FROG FOR THE KIDS SHE CAN SCOOP THESE THINGS INTO THREE RED BAGS AND WE WILL GO MEET HER WEDNESDAY AT THE TRAIN STATION
romanian13.wav,PLEASE CALL STELLA ASK HER TO BRING THESE THINGS WITH HER FROM THE STORE SIX SPOONUS OF FRESH SNOW PEAS FIVE THICK SLABS OF BLUE CHEESE AND MAYBE A SNACK FOR HER BROTHER BOB WE ALSO NEED A SMALL PLASTIC SNAKE AND THE BIG TOY FROG FOR THE KIDS SHE CAN SCOOP THESE THINGS INTO THREE RED BAGS AND WE'LL GO MEET HER WEDNESDAY AT THE TRAIN STATION
romanian14.wav,PLEASE CALL STELLA ASK HER TO BRING THESE THINGS WIT HER FROM THE STORE SIX SPOONS OF FRESH SNOW PEAS FIVE THICK SLABS OF BLUE CHEESE AND MAYBE A SNACK FOR HER BROTHER BOB WE ALSO NEED A SMALL PLASTIC SNAKE AND A BIG TOY FROG FOR THE KIDS SHE CAN SCOOP THESE THINGS INTO THREE RED BAGS AND WE WILL GO MEET HER ONE DAY AT THE TRAIN STATION
romanian15.wav,PLEASE CALL STELLA ASK HER TO BRING THESE THINGS WITH HER FROM THE STORE SIX SPOONS OF FRESH SNOW PEAS FIVE THICK SLABS OF BLUE CHEESE AND MAYBE A SNACK FOR HER BROTHER BOB WE ALSO NEED A SMALL PLASTIC SNAKE AND A BIG TOY FROG FOR THE KIDS SHE CAN SCOOP THESE THINGS INTO THREE RED BAGS AND WE WILL GO MEET HER WEDNESDAY AT THE TRAIN STATION
romanian16.wav,PLEASE CALL STELLA ASK HER TO BRING THESE THINGS WITH HER FROM THE STORE SIX SPOONS OF FRENCH FRESH SNOW PEAS FIVE THICK SLABS OF BLUE CHEESE AND MAYBE A SNACK FOR HER BROTHER BOB WE ALSO NEED A SMALL PLASTIC SNAKE AND A BIG TOY FROG FOR THE KIDS SHE CAN SCROOP THESE THINGS INTO THREE RED BAGS AND WE WILL GO MEET HER WEDNESDAY AT THE TRAIN STATION
romanian17.wav,A PLEASE CALL STELLA ASK HER TO BRING THES THESE THINGS WHICHARE FROM THE STORE SIX SPOONSF FRESH SNOW PIECE FIVE THING SLAPS OF BLUE CHEESE AND MAYBE A SNAKE FOR THE BROTHER BOB WE ALSO NEED A SMALL PLASTIC SNAKE AND A BIG TOY FROG FOR THE KIDS SHE CAN SCOOP THESE THINGS INTO THE THREE READ BAGS AND WE WILL GO MEET HER WENESDAY AT THE TRAIN STATION
romanian18.wav,PLEASE CALL STELLA ASK HER TO BRING THESE THINGS WITH HER FROM THE STORE SIX POONS OF FRESH SNOW PEES FIVE TICK SLAP OF BLUE CHEESE AND MAYBE A SNACK FOR HER BROTHER BOB WE ALSO NEED A SMALL PLASTIC SNAKE AND A BIG TOY FROK FOR THE KIDS SHE CAN SCOOP THESE THINGS INTO THREE RED BAGS AND WE WILL GO MAT HER WEDNESDAY AT THE TRAIN STATION
romanian19.wav,PLEASE CALL STELLA ASK HER TO BRING THESE THINGS WITH HER FROM THE STORE SIX POUNDS OF FRESH SNOT PEES FIVE THIX SLABS OF BLUE CHEESE ANA ME SNACK FOR HER BROAD BOOK WEALSO NET A SMALL PLASTIC SNAKE AND A BIG TURF FROG FOR THE KIDS SHE CAN SCOOP THESE THINGS INTO THREE RED BAGS WE WILL GO MEET HER WEDNESDAY TO THE TRAIN STATION
romanian2.wav,PLEASE CALL STELLA ASK HER TO BRING THESE THINGS WITH HER FROM THE STORE SIX SPOONS OF FRESH SNOW PEAS FIVE TEAK SLABS OF BLUE CHEESE AND MAYBE A SNUCK FOR HER BROTHER BOB WE ALSO NEED A SMALL PLASTIC SNAKE AND A BIG TOY FROG FOR THE KIDS SHE CAN SCOOP THESE THINGS INTO THREE RED BAGS AND WE WILL GO MEET HER WEDNESDAY AT THE TRAIN STATION
romanian20.wav,PLEASE CALL STELLA ASK HER TO BRING THESE THINGS WITH HER FROM THE STORE SIX SPOONS OF FRESH SNOW PEAS FIVE THICK SLABS OF BLUE CHEESE AND MAYBE A SNACK FOR HER BROTHER BOB WE ALSO NEED A SMALL PLASTIC SNAKE AND A BIG TOY FROG FOR THE KIDS SHE CAN SCOOP THESE THINGS INTO THREE RED BAG BAGS AND WE WILL GO MEET HER WEDNESDAY AT THE TRAIN STATION
romanian3.wav,PLEASE CALL STELLA ASK HER TO BRING THESE THINGS WITH HER FROM THE STORE SIX POUNDS OF FRESH SNOW PEA FIVE TING SLABE OF BLUE CHEESE AND MAYBE A SNAK FOR HER BROTHER BOB WE ALSO NEED A SMALL PLASTIC SNAKE AND A BIG TOY FROG FOR THE KIDS SHE CAN SCOOP THIS THING INTO THREE RED BAGS AND AND WE WILL GO MEET HER WEDNESDAY AT THE TRAIN STATION
romanian4.wav,PLEASE CALL STELLA ASK HER TO BRING THESE THINGS WITH HER FROM THE STORE SIX SPOONFULS OF FRESH SNOW PEAS FIVE THICK SLABS OF BLUE CHEESE AND MAYBE A SNACK FOR HER BROTHER BOB WE ALSO NEED A SMALL PLASTIC SNAKE AND A BIG TIE FROG FOR THE KIDS SHE CAN SCOOP THESE THINGS INTO THREE RED BAGS AND WE WILL GO MEET HER WEDNESDAY AT THE TRAIN STATION
romanian5.wav,PLEASE CALL STELLA ASK HER TO BRING THESE THINGS WITH HER FROM THE STORE SIX SPOONS OF FRESH SNOW PEAS FIVE THICK SLABS OF BLUE CHEESE AND MAYBE A SNACK FOR HER BROTHER BOB WE ALSO NEED A SMALL CLASTIC SNAKE AND A BIG TOY FROG FOR THE KIDS SHE CAN SCOOP THESE THINGS INTO THREE RED BAGS AND WE'LL GO MEET HER WEDNESDAY AT THE TRAIN STATION
romanian6.wav,PLEASE CALL STELLA ASK HER TO BRING THESE THINGS WITH HER FROM THE STORE SIX SPOONS OF FRESH SNOW PEAS FIVE THICK SLABS OF BLUE CHEESE AND MAYBE A SNACK FOR HER BROTHER BOB WE ALSO NEED A SMALL PLASTIC SNAKE AND A BIG TOY FROG FOR THE KIDS SHE CAN SCOOP THES STINGS INTO THREE RED BAGS AND WE WILL GO MEET HER WEDNESDAY AT THE TRAIN STATION
romanian7.wav,PLEASE CALL STELLA ASK HER TO BRING THESE THINGS WITH HER FROM THE STORE SIX SPOONFUS OF FRESH SNOW PEAS FIVE THICK SLABS OF BLUE CHEESE AND MAYBE A SNACK FOR HER BROTHER BOB WE ALSO NEED A SMALL PLASTIC SNAKE AND A BIG TOY FROG FOR THE KIDS SHE CAN SCOOP THESE THINGS INTO THREE RED BAGS AND WE WILL GO MEET HER WEDNESDAY AT THE TRAIN STATION
romanian8.wav,PLEASE CALL STELLA ASK HER TO BRING THESE THINGS WITH HER FROM THE STORE SIX SPOONS OF FRESH SNOW PEAS FIVE THICK SLABS OF BLUE CHEESE AND MAYBE A SNACK FOR HER BROTHER BOB WE ALSO NEED A SMALL PLASTIC SNAKE AND A BIG TOY FROG FOR THE KIDS SHE CAN SCOOP SHE CAN SCOOP THESE THINGS INTO THREE RED BAGS AND WELL GO MEET HER WEDNESDAY AT THE TRAIN STATION
romanian9.wav,PLEASE CALL STELLA ASK HER TO BRING THESE THINGS FORA WITH HER FROM THE STORE SIX SPOONS OF FRESHN SNOW PEAS FIVE THICK SLABS OF BLUE CHEESE AND MAYBE A SNACK FOR HER BROTHER BOB WE ALSO NEED A SMALLPLASTIC SNAKE AND A BIG TOY FROG FOR THE KIDS SHE CAN SCOOP THESE THINGS INTO THREE RED BAGS AND WE WILL GO MEET HER WEDNESDAY AT THE TRAIN STATION
rotuman1.wav,PLEASE CALL STELLA ASK HER TO BRING THESE THINGS WITH HER FROM THE STORE SIX SPOONS OF FRESH SNOW PEAS FIVE THICK SLABS OF BLUE CHEESE AND MAYBE A SNAKE FOR HER BROTHER BOB WE ALSO NEED A SMALL PLASTIC SNAKE AND A BIG TOY FROG FOR THE KIDS SHE CAN SCOOP THESE THINGS INTO THREE REED BAGS AND WE WILL GO MEET HER WEDNESDAY AT THE TRAIN STATION
rotuman2.wav,PLEASE CALL STELLA ASK HER TO BRING THESE THINGS WITH HER FROM THE STORE SIX SPOONS OF FRESH SNOW PEAS FIVE THICK SLABS OF BLUE CHEESE AND MAYBE A SNECK FOR HER BROTHER BOB WE ALSO NEED A SMALL PLASTIC SNAKE AND A BIG TOY FROG FOR THE KIDS SHE CAN SCOOP THESE THINGS INTO THREE RED BAGS AND WE WILL GO MEET HER WEDNSDAY AT THE TRAIN STATION
rundi1.wav,PLEASE CALL STELLA ASK HER TO BRING THESE THINGS WITH HER FROM THE STORE SIX SPOONS OF FRESH SNOW PEAS FIVE THICK SLABS OF BLUE CHEESE AND MAYBE A SNUCK FOR HER BROTHER BOB WE ALSO NEED A SMALL PLASTIC SNAKE AND A BIG TOY FROG FOR THE KIDS SHE CAN SCOOP THESE THINGS INTO THREE RED BAGS AND WE WILL GO MEET HER WEDNESDAY AT THE TRAIN STATION
russian1.wav,PLEASE CALL STELLA ASK HER TO BRING THESE THINGS WITH HER FROM THE STORE SIX SPOONS OF FRESH SNOW PIACE FIVE THIK SLIPES OF BLUE CHEESE AND MAYBE A SNAKE FOR HER BROTHER BOB WE ALSO NEED A SMALL PLASTIC SNAKE AND BIG TOY FROK FOR THE KIDS SHE CAN SCOOP THESE THINGS INTO THREE RED BAGS AND WE WILL GO MEET HER WEDNESDAY AT THE TRAIN STATION
russian10.wav,PLEASE CALL STELLA ASK HER TO BRING THESE THINGS WITH HER FROM THE STORE SIX SPOONS OF FRESH SNOW PEAS FIVE THICK SLAPS OF BLUE CHEESE MAY BE SNACK FOR A BROTHER BUB ALSONATE A SMALL PLASTIC SNAKE AND A BIG TOY FROCK FOR THE KIDS SHE CAN SCOOP THESE THINGS INTO THREE RED BAGS AND WILL GO MEET HER WEDNESDAY THE TRAIN STATION
russian11.wav,PLEASE CALL STELLA ASK YOR TO BRING THESE THINGS WITH HER FROM THE STORE SIX SPOONS OF FRESH SNOW PEASE FIVE THICK SLABS OF BLUE CHEESE AND MAYBE A SNAK FOR HER BROTHER BOB WE ALSO NEED A SMALL PLASTIC SNAKE AND A BIG TOY FROG FOR THE KIDS SHE CAN SCOOP THESE THINGS INTO THREE RED BAGS AND W E WILL GO MEET HER WEDNESDAY AT THE TRAIN STATION
russian12.wav,PLICE CALL STELLER ASK HER TO BRING THEE THINGS WITH HER FROM THE STORE SIX SPOONS OF FRESH SNOW PEAS FIVE THICK SLABS OF BLUE CHEESE AND MAYBE A SNAG FOR HER BROTHER BOPS NOW WE ALSO KNEED A SMALL PLASTIC SNAG AND BIG TOY FROG FOR THE KIDS SHE CAN SCOKE THE THINGS INTO THREE RED BAGS AND WE WILL GO MEET HER WEDNESDAY AT THE TRAIN STATION
russian13.wav,PLEASE CALL STELLA ASK HER TO BRING THESE THINGS WITH HER FROM THE STORE SIX SPOONS OF FRESH SMILL PEAS FIVE THICK SLABS OF BLUE CHEESE AND MADE A SNACK FOR HER BROTHER BOB WE ALSO NEED A SMALL PLASTIC SNAKE AND A BIG TOY FROG FOR THE CANS SHE CAN SCOOP THESE THINGS INTO THREE RED BAGS AND WE'LL GO MEET HER WENSDAY AT THE TRAY STATION
russian14.wav,PLEASE CALL STELLA ASK HER TO BRING THESE THINGS FROM HER WITH HER FROM THE STORE SIX SPOONS OF FRESH SNOW SNOW APIECE FIVE THICK SLABS OF BLUE CHEESE AND MAYBE A SNAKE FOR HER BROTHER BOB WE ALSO NEED A SMALL PLASTIC SNAKE AND A BIG TOY FROG FOR THE KIDS SHE CAN SCOOP THESE THINGS INTO THREE RED BAGS AND WE WILL GO MEET HER WEDNESDAY AT THE TRAIN STATION
russian15.wav,PLEASE CALL STELLA ASK HER TO BRING THESE THINGS FROM HER WITH HER FROM THE STORE SIX SPOONS OF FRESH SNOW PEAS FIVE THICK SLABS OF BLUE CHEESE AND MAYBE A SNACK FOR HER BROTHER BOB WE ALSO NEED A SMALL PLASTIC SNAKE AND A BIG TOY FROG FOR THE KIDS SHE CAN SCOOP THESE THINGS INTO THREE RED BAGS AND WE WILL  WILL GO TO MEET HER WEDNESDAY AT THE TRAIN STATION
russian16.wav,PLEASE CALL STELLA AND ASK HER TO BRING THESE THINGS WITH HER FROM THE STORE A SIX SPOONU OF FRESH SNOW PEASE FIVE THICK SLABS OF BLUE CHEESE AND MAYBE A SNAK FOR HER BROTHER BOB WE ALSO NEED A SMALL PLASTIC SNAKE AND A BIG TOY FROG FOR THE KIDS SHE CAN SCOOP THESE THINGS INTO THREE RED BAGS AND WE WILL GO MEET HER WEDNESDAY AT THE TRAIN STATION
russian17.wav,PLEASE CALL STELLA ASK HER TO BRING THE THINGS WITH HER FROM THE STORE SIX SPOONS OF FRESH SNOW PEAS FIVE THICK SLABS OF BLUE CHEESE AND MAYBE A SNAKE FOR HER BROTHER BOB WE ALSO NEED A SMALL PLASTIC SNAKE AND A BIG TOY FROG FOR THE KIDS SHE CAN SCOOP THE THINGS INTO THREE RED BAGS AND WE WILL GETME AND WE WILL GO MEET HER WEDNESDAY AT THE TRAIN STATION
russian18.wav,PLEASE CALL STELLA ASK HER TO BRING THESE THINGS WITH YER FROM THE STORE SIX SPOONS OF FRESH SNOW PEAS FIVE THICK SLEPS OF BLUE CHEESE AND MAYBE A SNACK FOR YOUR BROTHER BOB WE ALSO NEED A SMALL PLASTIC SNAKE AND BIG TIE FROG FOR THE KIDS SHE CAN SCOOP THESE THINGS INTO THREE RED BAGS AND WE'LL GO MEET HER WEDNESDAY AT THE TRAIN STATION
russian19.wav,PLEASE CALL STELLA ASK HER TO BRING THESE THINGS WITH HER FROM THE STORE SIX SPOONS OF FRESH SNOW PEAS FIVE THICK SLABS OF BLUE CHEESE AND MAYBE A SNAKE FOR HER BROTHER BOB WE ALSO NEED A SMALL PLASTIC SNAKE AND A BIG TOY FROG FOR THE KIDS SHE CAN SCOOP THESE THINGS INTO THREE RED BAGS AND WE WILL GO MEET HER WEDNESDAY AT THE TRAIN STATION
russian2.wav,PLEASE CALL STELLAR ASK HER TO BRING THESE THINGS WITH HER FROM THE STORE SIX SPOONS OF FRESH SNOW PEARS FIVE THICK SLAPS OF BLUE CHEESE AND MAYBE A SNACK FOR HER BROTHER BOB WE ALSO NEED A SMALL PLASTIC SNAKE AND A BIG TOY FROG FOR THE KIDS SHE CAN SCOOP THE THINGS INTO THREE RED BAGS AND WE WILL GO MEET HER WEDNESDAY AT THE TRAIN STATION
russian20.wav,PLEASE CALL STELLA ASK HER TO BRING THESE THINGS WITH HER FROM THE STORE SIX SPOONS OF FRESHNOT PEAS FIVE THICK SLABS OF BLUE CHEESE AND MAYBE A SNACK FOR HER BROTHER BOB WE ALSO NEED A SMALL PLASTIC SNAKE AND A BIG TOY FROG FOR THE KIDS SHE CAN SCOOP THESE THINGS INTO THREE RED BAGS AND WE WILL GO MEET HER WEDNESDAY AT THE TRAIN STATION
russian21.wav,A PLEASCO STELLER ASK YOU TO BRING THESE TINGS WITH HER FROM THE STORE SIX SPOONS OF FRESH SNOW PIERCE FIVE SIX SLABS OF BLUE TREES AND MAY BE A SNAK FOR YOUR BROTHER BOB WEL ALSO NEED A SMALL PLASTIC SNACK FOR A BIG TOY FROG FOR THE KIDS SHE CAN SCOOP THOSE SINGS INTO THREE RED BAGS AND WE WILL GO MEET HER WEDNESDAY AT THE TRAIN STATION
russian22.wav,PLEASE CALL STELLA ASK HER TO BRING THREE THINGS WITH HER FROM THE STORE SIX SPOONS OF FRESH SNOW PEAS FIVE THICK SLABS OF BLUE CHEESE AND MAYBE A SNACK FOR HER BROTHER BOB WE ALSO NEED A SMALL PLASTIC SNAKE AND A BIG TOY FROG FOR THE KIDS SHE CAN SCOOP THESE THINGS INTO THREE RED BAGS AND WE WILL GO MEET HER WEDNESDAY AT THE TRAIN STATION
russian23.wav,PLEASE CALL STELLA ASK HER TO BRING THESEI THINGS WITH HER FROM THE STORE SIX SPOONSLS FRESH SNOW PEAS FIVE FIVE THICK SLAPS OF BLUE CHEESE AND MAYBE A SNACK FOR HER BROTHER BOB WE ALSO NEED A SMALL PLASTIC SNAKE AND A BIG TOY FROG FOR THE KIDS SHE CAN SCOOP THESE THINGS INTO THREE RED BAGS AND WE WILL GO MEET HER WEDNESDAY AT THE TRAIN STATION
russian24.wav,PLEASE CALL STELLA ASK HER TO BRING THESE THINGS WITH HER FROM THE STORY SIX SPOONS OF RED SNOWPIECE FIVE THICK SLABS OF BLUE CHEESE AND MAYBE A SNAKE FOR HER BROTHER BOB WE ALSO KNEED A SMALL PLASTIC SNAKE AND A BIG TOY FROG FOR THE KIDS SHE CAN SCOOP THESE THINGS INTO THREE RED BAGS AND WE WILL GO MEET HER WEDNESDAY AT THE TRAIN STATION
russian25.wav,PLEASE CALL STELLA ASK HER TO BRING THESEER THINGS WITH HER FROM FROM THE STORE SIX SPOONS OR FRESH SNOW FRESH SNOW PIECE FIVE THICK SLAPS OF BLUE CHEESE AND MAYBE A SNAKE FOR HER BROTHER BOB WE ALSO NEED A SMALL PLASTIC SNAKE AND A BIG TOY FROK FROM THE KIDS SHE CAN SCO SCOOP THESE THINGS INTO THREE RED BAGS AND WE WILL GO MEET HER WEDNESDAY AT THE TRAIN STATION
russian26.wav,PLEASE CALL STELLA ASK HER TO BRING THOSE THINGS WITH HER FROM THE STORE SIX SPOONS OF FRESH SNOW PEAS FIVE THICK SLAPS OF BLUE CHEESE AND MAYBE A SNACK FOR THE BROTHER BOB WE ALSO NEED A SMALL PLASTIC SNAKE AND A BIG TOY FROG FOR THE KIDS SHE CAN SCOOP THOSE THINGS INTO THREE RED BAGS AND WE WILL GO A MEET HER WEDNESDAY AT THE TRAIN STATION
russian27.wav,PLEASE CALL TELLA ASK HER TO BRING THESE THINGS WITH HER FROM THE STORE SIX SPOONS OF FRESH SNOW PEAS FIVE THICK SLABS OF BLUE CHEESE AND MAYBE A SNACK FOR HER BROTHER BOB WE ALSO KNID A SMALL PLASTIC SNAKE AND A BIG TOY FROK FOR THE KIDS SHE CAN SCOOP THESE THINGS INTO THREE RED BAGS AND WE WILL GO MEET HER WEDNESDAY AT THE TRAIN STATION
russian28.wav,PLEASE CALL STELLA ASK HER TO BRING THESE THINGS WITH HER FROM THE STORE SIX SPOONS OF FRESH SNOW PEAS FIVE THICK SLABS OF BLUE CHEESE AND MAYBE A SNACK FOR HER BROTHER BOB WE ALSO NEED A SMALL PLASTIC SNAKE AND A BIG A TOY FROCK FOR THE KIDS SHE CAN SCOOP THESE THINGS INTO THREE RED BAGS AND WE WILL GO MEET HER WEDNESDAY AT THE TRAIN STATION
russian29.wav,PLEASE CALL STELLA ASK HER TO BRING THESE THINGS WITH HER FROM THE STORE SIX SPOONS OF FRESH SNOW PEAS FIVE THICK SLEFS OF BLUE CHEESE AND MAYBE A SNAKE FOR HER BROTHER BOB WE ALSO NEED A SMALL PLASTIC SNAKE AND A BIG TOY FROG FOR THE KIDS SHE CAN SCOOP THESE THINGS INTO THREE RED BAGS AND WE WILL GO MEET HER WEDNESDAY AT THE TRAIN STATION
russian3.wav,PLEASE CALL STELLA ASK HER TO BRING THESE THINGS WITH HER FROM THE STORE SIX SPOONS OF FRESH SNOW PEAS FIVE THICK SLABS OF BLUE CHEESE AND MAYBE A SNAP FOR HER BROTHER BOB WE ALSO NEED A SMALL PLASTIC SNAKE AND THE BIG TOY FROG FOR THE KIDS SHE CAN SCOP THESE THINGS INTO THREE RED BAGS AND WE WILL GO MEET HER WEDNESDAY AT THE TRAIN STATION
russian30.wav,PLEASE CALL STELLA ASK HER TO BRING THESE THINGS WITH HER FROM THE STORE SIX SPOONS OF FRESH SNOW PEAS FIVE THICK SLABS OF BLUE CHEESE AND MAYBE A SNACK FOR HER BROTHER BOB WE ALSO NEED A SMALL PLASTIC SNAKE AND A BIG TOY FROK FOR THE KIDS SHE CAN SCOOP THESE THINGS INTO THREE RED BAGS AND WE WILL GO MEET HER WETNESS DAY AT THE TRAIN STATION
russian31.wav,PLEASE CALL STELLA ASK HER TO BRING THESE THINGS WITH HER FROM THE STORE SIX SPOONS OF FRESH SNOW PEAS FIVE THICK SLABS OF BLUE CHEESE AND MAYBE A SNACK FOR HER BAROBAR YOU ALSO NEED A SMALL PLASTIC SNAKE AND A BIG TOY FROG FOR THE KIDS SHE CAN SCOOP THESE THINGS INTO THREE RED BAGS AND L GO MEET HER WEDNESDAY AT THE TRAIN STATION
russian32.wav,PLEASE CALL STELLA ASK HER TO BRING YOU THE THINGS FO HER FROM THE STORE SIX SPOONS OF FRESH SNOW PEAE FIVE THICK SLAPS OF BLUE CHEES AND MAYBE A SNACK FOR HER BROTHER BOB WE ALSO NEED A SMALL PLASTIC SNAKE AND A BIG TOY FROG FOR THE KIDS SHE CAN SCOOP THESE THINGS INTO THREE RED BAGS AND WE WILL GO MEET HER WEDNESDAY AT TA TRAIN STATION
russian33.wav,PLEASE CALL STELLA ASK HER TO BRING THESE THINGS WITH YOU FROM THE STORE SIX SPOONS OF FRESH SNOW PIECE FIVE THICK STAVES OF BLUE CHEESE AND MAYBE A SNACK FOR YOR BROTHER BOB WE'LL SEND YOU THE SMALL PLASTIC SNAKE AND A BIG TOY FROG FOR THE KIDS SHE CAN SCOOPE THESE THINGS INTO THREE RED BAGS AND WE WILL GO MEET HER WEDNESDAY AT THE TRAIN STATION
russian34.wav,PLEASE CALL STELLA ASK HER TO BRING THESE THINGS WITH HER FROM THE STORE SIX SPOONS OF FRESH SMALL PEAS FIVE THICK SLAPS OF BLUE CHEESE AND MAYBE A SNAKE FOR HER BROTHER BOB WE ALSO NEED A SMALL PLASTIC SNAKE AND A BIG TOY FROG FOR THE KIDS SHE CAN SCOOP THESE THINGS INTO THREE RED BAGS AND WE'LL GO MEET HER WENSDAY AT THE TRAIN STATION
russian35.wav,PLEASE CALL STELLA ASK HER TO BRING THESE THINGS WITH HER FROM THE STORE SIX SPOONS OF FRESH SNOW PEAS FIVE THICK STABS OF BLUE CHEESE AND MAYBE A SNICK FOR HER BROTHER BOB WE ALSO NEED A SMALL PLASTIC SNAKE AND A BIG TOY FROG FOR THE KIDS SHE CAN SCOOP THESE THINGS INTO THREE RED BAGS AND WE WILL GO MEET HER VENSTEY AT THE TRAIN STATION
russian36.wav,PLEASE CALL STELLA ASK HER TO BRING THESE THINGS WITH HER FROM THE STORE SIX SPOONS OF FRESH SNOW PEAS FIVE THICK SLABS OF BLUE CHEESE AND MAYBE A SNACK FOR HER BROTHER BOB WE ALSO NEED A SMALL PLASTIC SNAKE AND A BIG TOY FROG FOR THE KIDS SHE CAN SCOOP THESE THINGS INTO THREE RED BAGS AND WE WILL GO MEET HER WEDNESDAY AT THE TRAIN STATION
russian37.wav,PLEASE CALL STELLER ASK HER TO BRING THESE THINGS WITH HER FROM THE STORE SIX SPOONS OF FRESH SNOW PEASE FINE THICK SLABS OF BLUE CHEESE AND MAYBE A SNAKE FOR THEIR BROTHER POP WE ALSO NEED A SMALL PLASTIC SNAKE AND A BIG TOY FROG FOR THE KIDS SHE CAN SCOOP THESE THINGS INTE THREE RED BACGS AND WE WILL GO MEET HER WEDNESDAY AT THE TRAIN STATION
russian38.wav,PLEASE CALL STELLA ASK HER TO BRING THESE THINGS WITH HER FROM THE STORE SIX SPOONS OF FRESH SNOW PEECS FIVE TAKE SLABS OF BLUE CHEESE AND MAYBE A SNAK FOR HER BROTHER BOB WE ALL SEN A SMALL PLASTIC SNAKE AND A BIG TOY FROCK FOR THE KIDS SHE CAN SCOOP THE THINGS INTO THREE RED BAGS AND WE GO MEET HER WEDNESDAY AT THE TRAIN STATION
russian39.wav,PLEASE CALL STELLA ASK HER TO BRING THESE THINGS WITH HER FROM THE STORE SIX SPOONS OF FRESH SNOW PEAS FIVE THICK SLABS OF BLUE CHEESE AND MAYBE A SNACK FOR HER BROTHER BOB WE ALSO NEED A SMALL PLASTIC SNAKE AND A BIG TOY FROG FOR THE KIDS SHE CAN SCOOP THESE THINGS INTO THREE RED BAGS AND WE WILL GO MEET HER WEDNESDAY AT THE TRAIN STATION
russian4.wav,PLEASE CALL STELLA ASK HER TO BIN THESE FINKS WEVE HER FROM E STORE SIX SPONS OF FRESH SNOW PIECEA FIVE FIVE TICKA SLABE OF BLUCHES AND MAYBE A SNAK FOR HER BROTHER BOB WE ALSO NEED A SMALL POLASTIC A SNAK AND A BIG TOY FOR TO FROG FOR THE KIDS A SHIKENSCONCOP I DON'T NOW THESE FINKS INTO THREE RED BAGS AND WE WELL GO MEET HER THEN TAY AT THE TRAIN STATION
russian40.wav,PLEASE CALL STELLA ASK HER TO BRING THESE THINGS WITH HER FROM THE STORE SIX SPOONS OF FRESH SNOW PEAS FIVE THICK SLABS OF BLUE CHEESE AND MAYBE A SNACK FOR HER BROTHER BOB WE ALSO NEED A SMALL PLASTIC SNAKE AND A BIG TOY FROG FOR THE KIDS SHE CAN SCOOP THESE THINGS INTO THREE RED BAGS AND WE WILL GO MEET HER WEDNESDAY AT THE TRAIN STATION
russian41.wav,PLEASE CALL STELLA ASK HER TO BRING THESE THINGS WITH HER FROM THE STORE SIX SPOONS OF FRESH SNOW PEAS FIVE THICK STABS OF BLUE CHEESE AND MAYBE A SNACK FOR HER BROTHER BOB WE ALSO NEED A SMALL PLASTIC SNAKE AND A BIG TOY FROG FOR THE KIDS SHE CAN SCOP THESE THINGS INTO THREE RED BAGS AND WE WILL GO MEET HER WEDNESDAY AT THE TRAIN STATION
russian42.wav,PLEASE CALL STELLA ASK HER TO BRING THESE THINGS WITH HER FROM THE STORE SIX SPOONS OF FRESH SNOW PEAS FIVE THICK SLABS OF BLUE CHEESE AND MAYBE A SNACK FOR HER BROTHER BOB WE ALSO NEED A SMALL PLASTIC SNAKE AND A BIG TOY FROG FOR THE KIDS SHE CAN SCOOP THESE THINGS INTO THREE RED BAGS AND WE WILL GO MEET HER WEDNESDAY AT THE TRAIN STATION
russian43.wav,PLEASE CALL STELLA ASK HER IF WE BRING THESE THINGS WITH HER FROM THE STORE SIX SPOONS OF FRESH SNOW PEAS FIVE SIX SAPS OF BLUE CHEESE AND MAYBE A SNACK FOR HER BROTHER BOB WE ALSO NEED A SMALL PLASTIC SNAKE AND A BIG TOY FROG FOR THE KIDS SHE CAN SCOUP THESE THINGS INTO THREE RED BAGS AND WE WILL GO MEET HER WEDNESDAY AT THE TRAIN STATION
russian44.wav,PLEASE CALL STELLA ASK HER TO BRING THESE THINGS WITH HER FROM THE STORE SIX SPOONS OF FRESH SNOW PEAS FIVE THICK SLABS OF BLUE CHEESE AND MAYBE A SNACK FOR HER BROTHER BOB WE ALSO NEED A SMALL PLASTIC SNAKE AND A BIG TOY FROG FOR THE KIDS SHE CAN SCOOP THESE THINGS INTO THREE RED BAGS AND WE WILL GO MEET HER WEDNESDAY AT THE TRAIN STATION
russian45.wav,PLEASE CALL STELLA ASK HER TO BRING THESE THINGS WITH HER FROM THE STORE SIX SPOONS OF FRESH SNOW PEAS FIVE THICK SLABS OF BLUE CHEESE AND MAYBE A SNACK FOR HER BROTHER BOB WE ALSO NEED A SMALL PLASTIC SNAKE AND A BIG TOY FROG FOR THE KIDS SHE CAN SCOOP THESE THINGS INTO THREE RED BAGS AND WE WILL GO MEET HER WEDNESDAY AT THE TRAIN STATION
russian46.wav,PLEASE CALL STELLA ASK HER TO BRING THESE THINGS WITH HER FROM THE STORE SIX SPOONS OF FRESH SNOW PEAS FIVE THICK SLABS OF BLUE CHEESE AND MAYBE A SNAKE FOR HER BROTHER BOB WE ALSO MEET A SMALL PLASTIC SNAKE AND A BIG TOY FROG FOR THE KIDS SHE CAN SCOOP THESE THINGS INTO THREE RED BAGS AND WE WILL GO MEET HER WEDNESDAY AT THE TRAIN STATION
russian47.wav,PLEASE CALL STELLA ASK HER TO BRING THESE THINGS WITH HER FROM THE STORE SIX PONS OF FRESH SNOW PEAS FIVE THICK SLABS OF BLUE CHEESE AND MAYBE A SNACK FOR HER BROTHER BOB WE SO NEAT A SMALL PLASTIC SNAKE AND A BIG TOL FRY FOR THE KIDS SHE CAN SCOOP THESE THINGS INTO THREE RED BAGS AND WE WILL GO MEET HER WEDNESDAY AT THE TRAIN STATION
russian48.wav,PLEASE CALL STELLA ASK HER TO BRING THESE THINGS WITH HER FROM THE STORE SIX FONS OF FRESH SNOW PEAS FIVE THICK SLAPS OF BLUE CHEESE AND MAYBE A SNACK FOR HER BROTHER BOB WE ALSO NEED A SMALL PLASTIC SNAKE AND A BIG TOY FROG FOR THE KIDS SHE CAN SCOOP THESE THINGS INTO THREE RED BAGS AND WE WILL GO MEET HER WEDNESDAY AT THE TRAIN STATION
russian5.wav,PLEASE CALL STELLA ASK HER TO BRING THESE THINGS WITH HER FROM THE STORE SIX SPOONS AND FHREE OF FRESH SNOW PEERS FIVE THICK SLAPS OF BLUCHES OF BLUCIS AND MAYBE A SNACK FOR HER BROTHER BOB WE ALSO NEED A SMALL PLASTIC SNAKE AND BIG TOY FROG FOR THE KIDS SHE CAN SCOOP THESE THINGS INTO THREE RED BAGS AND WE WILL GO MAT HERN WEDNESDAY AND ENTRAIN STATION
russian6.wav,PLEASE CALL STELLA  ASK HER TO BRING THE THINGS WITH HER HOME FROM STORE SIX SPOONS OF FRESH SNOW PEAS FIVE THICK SLAPS OF BLUE CHEESE AND MAYBE A SNACK FOR HER BROTHER BOB  WE ALSO NEED A SMALL PLASTIC SNAKE AND A BIG TOY FROK FOR THE KIDS SHE CAN SCOOP ALL THE THINGS INTO THREE RED BAGS AND WE WILL GO MEET HER WEDNESDAY AT THE TRAIN STATION
russian7.wav,AH PLEASE CALL STELLA ASK HER TO BRING THESE THINGS WITH HER FROM THE STORE SIX SPOONS OF FRESH SMAWL PEAS FIVE THICK SLABS OF BLUE CHEESE AND MAYBE A SNACK FOR HER BROTHER BOB WE ALSO NEED A SMALL PLASTIC SNAKE AND A BIG TOY FROK FOR THE KIDS SHE CAN SCOOP THES THINGS INTO THREE RED BAGS AND WE WILL GO MEET HER WEDNESDAY AT THE TRAIN STATION
russian8.wav,PLEASE CALL ME STELLA ASK HER TO BRING THESE THINGS WITH HER FROM THE STORE SIX SPOONS OF FRESH SNOW PEAS FIVE THICK SLABS OF BLUE CHEESE AND MAYBE A SNUG FOR HER BROTHER BOB WE ALSO NEED A SMALL PLASTIC SNAKE AND A BIG TOY FROG FOR THE KID SHE CAN SCOOP THESE THINGS INTO THREE RED BAGS AND WE WILL GO MEET HER WEDNESDAY AT THE TRAIN STATION
russian9.wav,PLEASE CALL STELLA ASK HER TO BRING THESE THINGS WITH HER FROM THE STORE SIX SPOONS OF FRESH SNOW PEAS FIVE THICK SLABS OF BLUE CHEESE AND MAYBE A SNACK FOR HER BROTHER BOB WE ALSO NEED A SMALL PLASTIC SNAKE AND A BIG TOY FROCK FOR THE KIDS SHE CAN SCREW THESE THINGS INTO THREE RED BAGS AND WE WILL GO WET HER WEDNESDAY AT THE TRAIN STATION
rwanda1.wav,PLEASE COL STELLA ASK HER TO BRING THESE THINGS WITH HER FROM THE STORE SIX POUNDS OF FRESH SNOW PEAS FIVE THICK LEPS OF BROECHES AND MAYBE A SNUCK OF HER BROTHER BOB WE ALSO NEED A SMALL PLASTIC SNAKE AND A BIG TOY FROG FROM FOR THE KIDS SHE CAN SCOOP THESE THINGS INTO THREE RED BAGS AND WILL GO MEET HER WEDNESDAY AT THE TRAIN STATION
sa'a1.wav,PLEASE CALL STELLA ASK HER TO BRING THESE THINGS WITH HER FROM THE STORE SIX SPOONS OF FRESH SNOW PEAS FIVE THICK SLABS OF BLUE CHEESE AND MAYBE A SNUG FOR HER BROTHER BOB WE ALSO NEED A SMALL PLASTIC SNAKE AND A BIG TOY FROG FOR THE KIDS SHE CAN SCOOP THESE THINGS INTO THREE RED BAGS AND WE WILL GO MEET HER WEDNESDAY AT THE TRAIN STATION
sardinian1.wav,PLEASE CALL STELLA ASK HER TO BRINGA THESE THINGS WITH HER FROM THE STORE SIX SPOONS OF FRESH SNOW PEAS FIVE STICK SLOBS OF BLUE CHEESE AND MAYBE A SNACK FOR HER BROTHER BOB WE ALSO NEED A SMALL PLASTIC SNAKE AND A BIG TOY FROG FOR THE KIDS SHE CAN SCOOP THESE THINGS INTO THREE RED BAGS AND SHE WILL GO MEET HER AND WE WILL GO MEET HER WEDNESDAY AT THE TRAIN STATION
sarua1.wav,PLEASE CALL STELLA ASK HER TO BRING THE SING WITH HER FROM THE STORE SIXY SPONS OF FRESH ISNO PAS FIVE SIX SYLAPS OF BLUE CHEESE AND MAYBE A SNUG FOR HER BROSE BOB WE ALSO NIT A SMALL PLASTIC IS NEK AND A BIT TOY FROK FOR THE CANS THE KIDS KIDS SHICAN IS COOK THES SINGS IN TWO THREE RED BAGS AND WE WILL GO MEET HER WENEDAY AT THE TRAN STATION
satawalese1.wav,PLEASE CALL STELLA ASK HER TO BRING THESE THINGS WITH HER FROM THE STORE SIX SPOONS OF FRESH SNOW PEAS FIVE THICK SLAPS OF BLUE CHEESE AND MAYBE A SNACK FOR HER BROTHER BOB WE ALSO NEED A SMALL PLASTIC SNAKE AND A BIG TOY ROCK FOR THE KIDS SHE CAN SCOOP THESE THINGS INTO THREE RED BACKS AND WE WILL GO MEET HER WEDNESDAY AT THE TRAIN STATION
satawalese2.wav,PLEASE CALL STELLA ASK HER TO BRING THESE THINGS WITH HER FROM THE STORE SIX SPOONS OF FRESH SNOW BEES FIVE THICK SLAPS OF BLUE JEESE AND MAYBE A SNUCK FOR HER BROTHER BOB WE ALSO NEED A SMALL PLASTIC SNAKE AND A BIG TOY FROG FOR THE KIDS SHE CAN SCOOP THESE THINGS INTO THE INTO THREE RED BAGS AND WE WILL GO MEET HER WEDNESDAY AT THE TRAIN STATION
serbian1.wav,PLEASE CALL STELLA ASK HER TO BRING THESE THINGS WITH HER FROM THE STORE SIX POUNDS OF FRESH SNOW PINS A FIVE SI SLAPS OF BLUE CHEESE AND MAYBE A SNACK FOR HER BROTHER BOB WE ALSO NEED A SMALL PLASTIC SNECK AND A BIG TOY PROP FROG FOR THE KIDS SHE CAN CHOP THESE THINGS INTO THREE RED BAGS AND WE WILL GO MEET HER WINESDAY AT THE TRAIN STATION
serbian10.wav,PLEASE CALL STELLA ASK HER TO BRING THESE THINGS WITH HER FROM THE STORE SIX SPOONS OF FRESH SNOW PEAS FIVE THICK SLABS OF BLUE CHEESE AND MAYBE A SNACK FOR HER BROTHER BOB WE ALSO NEED A PLASTIC SNAKE AND A BIG TOY FROG FROT FOR THE KIDS SHE CAN SCOOP THESE THINGS INTO THREE RED BAGS AND WELL GO MEET HER WEDNESDAY AT THE TRAIN STATION
serbian11.wav,PLEASE CALL STELLA ASK HER TO BRING THESE THINGS WITH HER FROM THE STORE SIX SPOONS OF FASHNAL PEAS FIVE THICK SLABS OF BLUE CHEESE AND MAYBE A SNACK FOR HER BROTHER BOB WE ALSO NEED A SMALL PLASTIC SNAKE AND A BIG TOY FROG FOR THE KIDS SHE CAN SCOOP THESE THINGS INTO THREE RED BAGS AND WE WILL GO MEET HER WEDNESDAY AT THE TRAIN STATION
serbian12.wav,PLEASE CALL STELLA ASK HER TO BRING THOSE THINGS WITH HER FROM THE STORE SIX SPOONS OF FRESH SNOW PEAS FIVE THICK SLAPS OF BLOOCHES AND MAYBE A SNACK FOR HER BROTHER BOB WE ALSO NEED A SMALL PLASTIC SNAKE AND A BIG TOY FROG FOR THE KIDS SHE CAN SCOOP THOSE THINGS INTO THE THREE RED BAGS AND WE WILL GO TO MEET HER WEDNESDAY AT THE TRAIN STATION
serbian13.wav,PLEASE CALL STELLA ASK HER TO BRING THESE THINGS WITH HER FROM THE STORE SIX SPOONS OF FRESH SNOW PEAS FIVE THICK SLABS OF BLUE CHEESE AND MAYBE A SNACK FOR HER BROTHER BOB WE ALSO NEED A SMALL PLASTIC SNAKE AND A BIG TOY FROG FOR THE KIDS SHE CAN SCOOP THESE THINGS INTO THREE RED BAGS AND WE WILL LL MEET HER WEDNESDAY AT THE TRAIN STATION
serbian14.wav,PLEASE CALL STELLA ASK HER TO BRING THESE THINGS WITH HER NAMEE WITH HER WITH HER FROM THE STORE SIX SPOONS OF FRESH SNOW PEAS FIVE TICK SLABS OF BLUE CHEESE AND MAYBE A SMACK FOR HER BROTHER BOB WE ALSO NEED A SMALL PLASTIC SNAKE AND A BIG TOY FROG FOR THE KIDS SHE CAN SCOOP THESE THINGS INTO THREE RED BAGS AND WE WILL GO MEET HER WEDNESDAY AT THE TRAIN STATION
serbian15.wav,PLEASE GO STALLA ASK HER TO BRING THE THINGS WITH HER FROM THE STORE SIX SPOONS OF FRESH SNOW PEECS FIVE THING SLUBS OF BLUE CHEESE AND MAYBE A SNAK FOR HER BROTHER BOB WE ALSO NEED A SMALL PLASTIC SNAK SNAKE AND A BIG TOY FROG FROM THE KIDS SHE CAN SCOOP THESE THINGS IN THE THREE RED BAGS AND WE WILL GO TO MEET HER A WEDNESDAY ON THE TRAIN STATION
serbian16.wav,PLEASE CALL STELLA ASK HER TO BRING THESE THINGS WITH HER FROM THE STORE SIX SPOONS OF FRESH SNOW PEAS FIVE THICK SLABS OF BLUE CHEESE AND MAYBE A SNACK FOR HER BROTHER BOB WE ALSO NEED A SMALL PLASTIC SNAKE AND A BIG TOY FROG FOR THE KIDS SHE CAN SCOOP THESE THINGS INTO THREE RED BAGS AND WE'LL GO MEET HER WEDNESDAY AT THE TRAIN STATION
serbian17.wav,PLEASE CALL STELLA ASK HER TO BRING THESE THINGS WITH HER FROM THE STORE SIX SPOONS OF FRESH SNOW PEAS FIVE THICK SLABS OF BLUE CHEESE AND MAYBE A SNACK FOR HER BROTHER BOB WE ALSO NEED A SMALL PLASTIC SNAKE AND A BIG TOIL FROG FOR THE KIDS SHE CAN SCOOP THESE THINGS INTO THREE RED BAGS AND WE WILL MEET HER WEDNESDAY AT THE TRAIN STATION
serbian18.wav,PLEASE CALL STELLA ASK HER TO BRING THESE THINGS WITH HER FROM THE STORE SIX SPOONS OF FRESH SNOW PEAS FIVE THICK SLABS OF BLUE CHEESE AND MAYBE A SNACK FOR HER BROTHER BOB WE ALSO NEED A SMALL PLASTIC SNAKE AND A BIG TOY FROG FOR THE KIDS SHE CAN SCOOP THESE THINGS INTO THREE RED BAGS AND WE WILL GO MEET HER WEDNESDAY AT THE TRAIN STATION
serbian2.wav,PLEASE CALL STELLA ASK HER TO BRING THESE THINGS WITH HER FROM THE STORE SIX SPOONS OF FRESH SNOW PEAS FIVE THICK SLABS OF BLUE CHEESE AND MAYBE A SNACK FOR HER BROTHER BOB BOB WE ALSO NEED A SMALL PLASTIC SNAKE AND A BIG TOY BIG TOY FROG FOR THE KIDS SHE CAN SCOOP THESE THINGS INTO THREE RED BEGS AND WE WILL GO MEET HER WEDNESDAY AT THE TRAIN STATION
serbian3.wav,PLEASE CALL STELLA ASK HER TO BRING THESE THINGS WITH HER FROM THE STORE SIX SPOONS OF FRESH SNOW PEAS FIVE THICK SLABS OF BLUE CHEESE AND MAYBE A SNACK FOR HER BROTHER BOB WE ALSO NEED A SMALL PLASTIC SNAKE AND A BIG TOY FROG FOR THE KIDS SHE CAN SCOOP THESE THINGS INTO THREE RED BAGS AND WE WILL GO MEET HER WEDNESDAY AT THE TRAIN STATION
serbian4.wav,PLEASE CALL STELLA ASK HER TO BRING THESE THINGS WITH HER FROM THE STORE SIX SPOONS OF FRESH SNOW PEAS FIVE THICK SLABS OF BLUE CHEESE AND MAYBE A SNACK FOR HER BROTHER BOB WE ALSO NEED A SMALL PLASTIC SNAKE AND A BIG TOY FROG FOR THE KIDS SHE CAN SCOOP THESE THINGS INTO THREE RED BAGS AND WE WILL GO MEET HER WEDNESDAY AT THE TRAIN STATION
serbian5.wav,PLEASE CALL STELLA ASK HER TO BRING THESE THINGS WITH HER FROM THE STORE SIX SPOONS OF FRESH SNOW PEAS FIVE THICK SLUBS OF BLUE CHEESE AND MAYBE A SNAKE FOR HER BROTHER BOB WE ALSO NEED A SMALL PLASTIC SNAKE AND A BIG TOY FROCK FOR THE KIDS O SHE CAN SCOOP THESE THINGS INTO THREE RED BAGS AND WE'LL GET AND WE'LL GO MEET HER WEDNESDAY AT THE TRAIN STATION
serbian6.wav,PLEASE CALL STELLA ASK HER TO BRING THESE THINGS WITH HER FROM THE STORE SIX SPOONS OF FRESH SNOW PEECE FIVE THICK SLABS OF BLUE CHEESE AND MAYBE A SNAKE FOR HER BROTHER BOB WE ALSO NEED A SMALL PLASTIC SNAKE AND A BIG TOY FROG FOR THE KIDS SHE CAN SCOOP THESE THINGS INTO THREE RED BAGS AND WE WILL GO MEET HER WEDNESDAY AT THE TRAIN STATION
serbian7.wav,PLEASE CALL STELLA ASK HER TO BRING THESE THINGS WITH HER FROM THE STORE SIX SPOONS OF FRESH SNOW PEAS FIVE THICK SLABS OF BLUE CHEESE AND MAYBE A SNACK FOR HER BROTHER BOB WE ALSO NEED A SMALL PLASTIC SNAKE AND A BIG TOY FROG FOR THE KIDS SHE CAN SCOOP THESE THINGS INTO THREE RED BAGS AND WE WILL GO MEET HER WEDNESDAY AT THE TRAIN STATION
serbian8.wav,PLEASE CALL STELLA ASK HER TO BRING THESE THINGS WITH HER FROM THE STORE SIX SPOONS OF FRASH SNOW PEES FIVE THICK SLABS OF BLUE CHEESE AND MAYBE A SNAKE FOR HER BROTHER BOB WE ALSO NEED A SMALL PLASTIC SNAKE AND A BIG BIG TOY FROG FOR THE KIDS SHE CAN SCOOP THESE THINGS INTO THREE RED BAGS AND WE WILL GO MEETF HER ONE DAY AT THE TRAI STATION
serbian9.wav,PLEASE CALL STELLA ASK HER TO BRING THESE THINGS WITH HER FROM THE STORE SIX SPOONS OF FRESH SNOW PEAS FIVE THICK SLABS OF BLUE CHEESE AND MAYBE A SNACK FOR HER BROTHER BOB WE ALSO NEED A SMALL PLASTIC SNAKE AND A BIG TOY FROG FOR THE KIDS SHE CAN SCOOP THESE THINGS IN THREE RED BAGS AND WE WILL GO MEET HER WEDNESDAY AT THE TRAIN STATION
serer1.wav,PLEASE CALL STELLA ASK HER TO BRING THE THINGS WITH HER FROM THE STORE SIXPENCE A FRESH SNOW PIECE FIVE STICK SLAB OF BUKES AND MAYBE A SNAKE FOR HER BROTHER BOB WE ALSO NEED A SMALL PLASTIC SNAKE AND A BIG TOY FROG FOR THE KIDS SHE CAN SCOOP THESE THINGS INTO THREE RED BAGS AND WE WILL GO MEET HER WEDNESDAY AT THE TRAN STATION
sesotho1.wav,PLEASE CALL STELLA ASK HER TO BRING THESE THINGS WITH HER FROM THE STORE SIX SPOONS OF FRESH SNOW PEASE FIVE THICK SLABS OF BLUE CHEESE AND MAYBE A SNACK OF HER BROTHER A SNACK FOR HER BROTHER BOB WE ALSO NEED A SMALL PLASTIC SNAKE AND A BIG TOY FROG FOR THE KIDS SHE CAN SCOOP THESE UP THESE THINGS INTO THREE RED BAGS AND WE WILL GO TO WE WILL GO MEET HER WEDNESDAY AT THE TRAIN STATION
shan1.wav,PLIS CAS TERA AR HER TO BRING THIS THING WIT HER FROM THE STOVE SIX SPOON OF PRES SNOW PIS FI TIT STRAP OF BROOCHES AND MAYBE A SNAG FOR HER BROTHER BOS WE ALSO NEED A SMALL PRUSTIC SNAG AND A BIG TROY FLOK FOR THE KIYS SHE CAN SCOOP THIS TING INTO TWEE LET BAGS AND WE WILL GO TO MEET HER WENNEDAY AT THE TRAIN STATION
shilluk1.wav,PLEASE CALL STELLA ASK HER TO BRING THESE THINGS WITH HER FROM THE STAW SIX SPOONS OF FRESH SNOW PIECE FIVE THICK SLAPS OF BLUE CHEESE AND MAYBE A SNAG FOR HER BROTHER BOB WE ALSO NEED A SMALL PLASTIC SNAG AND A BIG TOY FROCK FOR THE KIDS SHE CAN SCOOP THESE THINGS INTO THREE RED BAGS AND WE WILL GO MEET HER WEDNESDAY AT THE TRAIN STATION
shona1.wav,PLEASE CALL STELLA ASK HER TO BRING THESE THINGS WITH HER FROM THE STORE SIX SPOONS OF FRESH SNOW PEAS FIVE THICK SLABS OF BLUE CHEESE AND MAYBE A SNACK FOR HER BROTHER BOB WE ALSO NEED A SMALL PLASTIC SNAKE AND A BIG TOY FROG FOR THE KIDS SHE CAN SCOOP THESE THINGS INTO THREE RED BAGS AND WE WILL GO MEET HER WEDNESDAY AT THE TRAIN STATION
shona2.wav,PLEASE CALL STELLA ASK HER TO BRING THESE THINGS WITH HER FROM THE STORE SIX SPOONS OF FRESH SNOW PEAS FIVE THICK SLABS OF BLUE CHEESE AND MAYBE A SNACK FOR HER BROTHER BOB WE ALSO NEED A SMALL PLASTIC SNAKE AND A BIG TOY FROG FOR THE KIDS SHE CAN SCOOP THESE THINGS INTO THREE RED BAGS AND WE WILL GO MEET HER WEDNESDAY AT THE TRAIN STATION
sicilian1.wav,PLEASE CALL STERA ASK HER TO BRING THOSE THINGS WITH HER FROM THE STORE SIX SPOON OF FRESH SNOW PEAS FIVE THICK SLAB SLABS OF BLUE CHEESE AND MAYBE A SNACK FOR HER BROTHER BOB WE ALSO NEED A SMALL PLASTIC SNAKE SNACK SARRY AND A BIG TOY FROG FOR THE KIDS SHE CAN SCOOP THOSE THINGS IN THREE RED BAGS AND WE WILL GET GOLD MEAT HER WEDNESDAY AT THE TRAIN STATION
sindhi1.wav,PLEASE CALL STELLA ASK HER TO BRING THESE THINGS WITH HER FROM THE TOLL SIX SPOONS OF FRESH SNOW PEAS FIVE THICK SLABS OF BLUE CHEESE AND MAYBE A SNAK FOR HER BROTHER BAB WE ALSO NEED A SMALL PLASTIC SNAKE AND A BIG TOY FROG FOR THE KIDS SHE CAN SCOOP THESE THINGS INTO THREE RED BAGS AND WE'LL GO MEET HER WEDNESDAY AT THE TRAIN STATION
sinhala6.wav,PLEASE CALL ATILLAS HER TO BRING THEN TIN WITH HER FROM THE STOR SIX SPUNE OF PRESSNOPINS PI ISTICK SALSELPS OF BLUOCHES AND MAYBE INACK FOR TEER BROT BROTHER BAB WE ALSO NEED A SMALL PLASTIC ISNACK AND TE BRING TO PROM FROM THE KIN SEKENSCOP THEN THE TING INTO TREE RED BACK AND E WILL BE MEET THE VENES DAY AND THE TRAIN  STATION
slovak1.wav,PLEASE CALL STELLA ASK HER TO BRING THESE THINGS WITH HER FROM THE STORE SIX SPOONS OF FRESH SNOW PEAS FIVE THICK SLAPS OF BLUE CHEESE AND MAYBE A SNACK FOR HER BROTHER BOB WE ALSO NEED A SMALL PLASTIC SNAKE AND A BIG TOY FROCK FOR THE KITS SHE CAN SCOOP THEE THINGS INTO THREE RED BAGS AND WE WILL GO MEET HER WEDNESDAY AT AT THE TRAIN STATION
slovak2.wav,PLEASE CALL STELLA ASK HER TO BRING THESE THINGS WITH HER FROM THE STORE SIX SPOONS OF FIRT SNOW PIECE FIVE THICK SLIPS OF BLUE CHEESE AND MAYBE A SNACK FOR HER BROTHER BOB WE ALSO NEED A SMALL PLASTIC SNAKE AND A BIG TOY FROCK FOR THE KIDS SHE CAN SCOPE THESE THINGS INTO THREE RED BAGS AND WE WILL GO MEET HER WEDNSDAY AT THE TRAIN STATION
slovak3.wav,PLEASE CALL STELLA ASK HER TO BRING THESE THINGS WITH HER FROM THE STORE SIX PONCE OF FRESH SNOW PEECE FIVE THICK SLABS OF BLUE CHEESE AND MAYBE A SNACK FOR HER BROTHER BOB WE ALSO NEED A SMALL PLASTIC SNAKE AND A BIG TOY FROG FOR THE KIDS SHE CAN SCOOP THESE THINGS INTO THREE RED BAGS AND WE WILL GO MEET HER WEDNESDAY AT THE TRAIN STATION
slovak4.wav,PLEASE CALL STELLA ASK HER TO BRING THESE THINGS WITH HER FROM THE STORE SIX SPOONS OF FRESH SNOW PEECE FIVE THICK SLABS OF BLUE CHEESE AND MAYBE A SNACK FOR HER BROTHER BOB WE ALSO NEED A SMALL PLASTIC SNAKE AND A BIG TOY FROG FOR THE KIDS SHE CAN SCOOP THESE THINGS INTO THREE RED BAGS AND WE WILL GO MEET HER WEDNESDAY AT THE TRAIN STATION
slovak5.wav,PLEASE CALL STELLA ASK HER TO BRING THESE THINGS WITH HER FROM THE STORE SIX SPOONS OF FRESH SNOW PEAS FIVE FIK SLAPS OF BLUE CHEESE AND MAYBE A SNACK FOR HER BROTHER BOB WE ALSO NEED A SMALL PLASTIC SNAKE AND A BIG TOLL FROK FOR THE KIDS SHE CAN SCOOP THESE THINGS INTO THREE RED BAGS AND WE WILL GO MEET HER WEDNESDAY AT THE TRAIN STATION
slovenian1.wav,PLEASE CALL STELLA ASK HER TO BRING THESE THINGS WITH HER FROM THE STORE SIX SPOONS OF FRESH SNOW PEAS FIVE THICK SLABS OF BLUE CHEESE AND MAYBE A SNACK FOR HER BROTHER BOB WE ALSO NEED A SMALL PLASTIC SNAKE AND A BIG TOY FROG FOR THE KIDS SHE CAN SCOOP THESE THINGS INTO THREE RED BAGS AND WE WILL GO MEET HER WEDNESDAY AT THE TRAIN STATION
slovenian2.wav,PLEASE CALL STELLA ASK HER TO BRING THESE THINGS WITH HER FROM THE STORE SIX SPOONS OF FRESH SNOW PEAS FIVE THICK SLAPS OF BLUE CHEESE AND MAYBE A SNACK FOR HER BROTHER BOB WE ALSO NEED A SMALL PLASTIC SNAKE AND A BIG TOY FROK FOR THE KIDS SHE CAN SCOOP THESE THINGS INTO THREE RED BAGS AND WE WILL GO MEET HER WEDNESDAY AT THE TRAIN STATION
somali1.wav,PLEASE CALL ESTELLA ASK HER TO BRINK THOSE THINGS WITH HER FROM THE STOLL SIX SPOONS OF FRESH SNOW PEASE FIVE TICK SLIPES OF BLUE CHEESE AND MAYBE SNAG FOR HER BROTHER PAP WE ALSO NEED SMALL PLASTIC SNAG AND PICK TOY FORK FOR THE KITS SHE CAN SKEW THOSE THINGS INTO THREE RED BAGS AND WE WILL GO MEET HER WENESDAY AT TUN STATION
somali2.wav,PLEASE CALL STELLA ASK HER TO BRING THESE THINGS WITH HER FROM THE STORE SIX SPOONS OF FRESH SNOW PEAS FIVE THICK SLABS OF BRUE CHEESE AND MAYBE A SNAK FOR HER BROTHER BOB WE ALSO NEED A SMALL PLASTIC SNAKE AND A BIG TOY FROCK FOR THE KIDDS HE CAN SCOOP THESE THINGS INTO THREE RED BAGS AND WE WILL GO MEET HER WEDNESDAY AT THE TRAIN STATION
somali3.wav,SHE IS CALLED STILE ASK HER TO BRING THESE THINGS WITH HER FROM THE STORE SIX SPOONS OF FRESH SNOW PIECE FIVE THICKSLIPS OF BLUE CHEESE AND MAYBE A SAKE FOR HER BROTHER BOT WE ALSO NEED A SMALL PLASTIC SNACK AND A BIG TOLL FRAN FOR THE CRISE SHE CAN SCOOP THESE THINGS INTO THREE RED BAGS AND WE WILL GO MEET HER WENSLAY AT THE TRAIN STATION
somali4.wav,PLEASE CALL STELLA ASK HER TO BRING THESE THINGS WITH HER FROM THE STORE SIX SPOONS OF FRESH SNOW PEASE FIVE THICK SLABS OF BLUE CHEESE AND MAYBE A SNACK FOR HER BROTHER BOB WE ALSO NEED A SMALL PLASTIC SNAKE AND A BIG TOY FROG FOR THE KIDS SHE CAN SCOOP THESE THINGS INTO THREE RED BAGS AND WE WILL GO MEET HER AND WE WILL GO MEET HER WEDNESDAY AT THE TRAIN STATION
somali5.wav,PLEASE CALL STELLA ASK HER TO BRING THESE THINGS WITH HER FROM THE STORE SIX SPOONS OF FRESH SNOW PEAS FIVE THICK SLIVES OF BLUE CHEESE AND MAYBE A SNAG FOR HER BROTHER BOB WE ALSO NEED A SMALL PLASTIC SNAKE AND A BIG TOY FROG FOR THE KIDS SHE CAN SCOOP THESE THINGS INTO THREE RED BAGS AND W E WILL GO MEET HER WEDNESDAY AT THE TRAIN STATION
somali6.wav,PLEASE CALL STELLA ASK HER TO BRING THESE THINGS WITH HER FROM THE STORE SIX SPOONS OF FRESH SNOW SPEED FIVE THICK SLABS OF BLUE CHESE AND MAYBE A SNAK FOR HER BROTHER BOB WE ALSO NEED A SMALL PLASTIC SNAKE AND A BIG TOY FROG FOR THE KIDS SHE CAN SCOOP THESE THINGS INTO THREE BAGS AND WE WILL GO MEET HER WEDNESDAY AT THE TRAIN STATION
spanish1.wav,PLEASE CALL ESTELLA ASK HER TO BRING THESE THINGS WITH HER FROM THE STORE SIX SPOONS OR FRESH SNOW PEAS FIVE THICK SLAF OF BLUE CHEESE AND MAYBE A SNAK FOR HER BROTHER BOB WE ALSO NEED A SMALL BASTY SNAKE AND A BIG TOY FROCK FOR THE KEES SHE CAN SCOOP THESE THINGS INTO THREE RED BAGS AND WE WILL GO MEET HER WEDNESDAY AN THE TRAIN STATION
spanish10.wav,PLEASE CALL ESTELLA ASK HER TO BRING THESE THINGS WITH HER FROM THE STORE SIX SPOONS ON FRENCH SNOW PEAS FUNNY THINGS LOVES OF BLUE CHEESE AND MAYBE A SNAG FOR HER BROTHER BOB WE ALSO NEED A SMALL PLASTIC SNAKE AND A BIG TOY FROG FOR THE KILS SHICKEN SCOP THISING INTO THREE RED BAGS AND WE WILL GO MEET HER WEDAY AT THE TRAIN STATUE
spanish100.wav,PLEASE CALL ESTELLA ASK HER TO BRING THESE TINGS WITH HER FROM THE STORE SIX SPOONS OF FRESH SNOW PEASE FIVE THICK SLAB OF BLUE CHEESE AND MAYBE I SNACK FOR HER BROTHER BARK WE ALSO NEED A SMALL PLASTIC SNAY AND A BIG TOY FROK FOR THE KIDS SHE CAN SCOPE THESE THINGS INTO THREE RED BAGS AND WE WILL GO MEET HER WEDNESDAY AT THE TRAIN STATION
spanish101.wav,PLEASE CALL ESTELLA ASK HER TO BRING THIS THING WITH HER FROM THE STORE SEEK ESPAR OF THE FRESH S NOW PEACE FIVE THINK LOW OF THE BLUE CHEESE AND MAYBE A SNAB FOR THE HER BROTHER BOB WE ALSO NEED A SMALL PLASTY SNAG AND A BIG TOY FROG FOR THE KID SHE CAN SCARP THIS THING INTO THREE RED BAGS AND WE WILL GO MEET HER WEDNESDAY AN THE TRAIN STATION
spanish102.wav,PLEASE CALL ESTELLA ASK HER TO BRING THESE THINGS WITH HER FROM THE STORE SIX SPOONS OF FRESH SNOW PEES FIVE THICK SLABS OF BLUE CHEESE AND MAYBE A SNAG FOR HER BROTHER BOB WE ALSO NEED A SMALL PLASTIC SNAKE AND A BIG TOY FROCK FOR THE KIS SHE CAN SCOOP THESE THINGS AND THREE RED PAGS AND WE WILL GO MEET HER WEDNESDAY AT THE TRAIN STATION
spanish103.wav,PLEASE CALL STELL US HER TO BRING THESE THINGS WITH HER FROM THE STORE SIX SPOONS OF FRESH SNOW PEAS FIVE THICK SLAPS OF BLUE CHEESE AND MAYBE A SNUG FOR HER BROTHER BABA WE ALSO NEED SMALL PLASTIC SNAKE A BIG TOY FROG FOR THE KIT SHE CAN SCOOP THESE THINGS INTO THREE RED BAGS AND WE WILL GO MEET HER WEDNESDAY AT THE TRAIN STATION
spanish104.wav,PLEASE CALL ESTELLA ASK HER TO BRIN THIS THING WITH HER FROEND TA STORE SIK SPOON OF FRENCH SNOW PI FISTI SLAPS OF BLUE CHEESE ON THE MAYBE ON SNACK FOR HER BROTHER BOB WEALSO TER SLO PLASTIC SNEAK IN A BIG TOY FRONT FOR DAR KID SHE CAN PON THIS THING INTO THREE RED BACK AND WE WILL GO MEET HER WEDNESDAY AND THE TRANIS STATION
spanish105.wav,PLEASE CALL STELLA ASK HER TO BRING THESE THINGS WITH HER FROM THE STORE SIX SPOONS OF FRESH SNOW PEAS FIVE THICK SLAPS OF BLUE CHEESE AND MAYBE A SNUCK FOR HER BROTHER BOB WE ALSO NEED A SMALL PLASTIC SNAKE AND A BIG TOY FROG FOR THE KIDS SHE CAN SCOOP THESE THINGS INTO THREE RED BAGS AND WE WILL GO MEET HER WENESDAY AT THE TRAIN STATION
spanish106.wav,PLEASE CALL STELLA ASK HER TO BRING THESE THINGS WITH HER FROM THE STORE SIX SPOONS OF FRESH SNOW PIECE FIVE THICK SLAPS OF BLUE CHEESE AND MAYBE A SNACK FOR HER BROTHER BOB WE ALSO NEED A SMALL PLASTIC SNAKE AND A BIG TOY FROG FOR THE KIDS SHE CAN SCOOP THESE THINGS INTO THREE RED BAGS AND WE WILL GO MEET HER WEDNESDAY AT THE TRAIN STATION
spanish107.wav,PLEASE CALL STELLA ASK HER TO BRING THOSE THINGS WITH HER FROM THE STORE SIX SPOONS OF FRESH SNOW PEAS FIVE TICK SLABS OF BLUE CHEESE AND MAYBE A SNACK FOR HER BROTHER BOB WE ALSO NEED A SMALL PLASTIC SNAKE AND A BIG TOY FROG FOR THE KITS SHE CAN SCOOP THOSE THINGS INTO THREE RED BAGS AND WE WILL GO MEET HER WEDNESDAY AT THE TRAIN STATION
spanish108.wav,PLEASE CALL STELLA ASK HER TO BRING THESE THINGS WITH HER FROM THE STORE SIX SPOONS OF FRESH SNOW PEAS FIVE THICK SLABS OF BLUE CHEESE AND MAYBE A SNIKE FOR HER BROTHER BOB WE ALSO NEED A SMALL PLASTIC SNAKE AND A BIG TOY FROG FOR THE KIDS SHE CAN SCOOP THESE THINGS INTO THREE RED BAGS AND WELL GO MEET HER WEDNESDAY AT THE TRAIN STATION
spanish109.wav,PLEASE CALL STELLA ASK HER TO READ THE THINGS WIT HEAR FROM THE STORE SIX SPOONS OF FRESH NOSE BEES FIVE TIKS LOVS OF BLUE CHEESE AND MABE SNOW FOR HER BROTHER BOB WE ARE TO NEED A SMALL PLASTY SNAY AND A BIG TOY FROCK FOR THE KIDS SHE CAN SCREW THE THINGS INTO THREE RED BAGS AND WE WILL GO MEET HER WEDNESDAY AT THE TRAIN STATION
spanish11.wav,PLEASE CALL ESTELLA ASK HER TO BRING THESE THINGS WITH HER FROM THE STORE SIX SPOONS OF FRESH SNOW PEES FIVE THICK SLABS OF BLUE CHEESE AND MAYBE A SNACK FOR HER BROTHER BOB WE ALSO NEED A SMALL PLASTIC SNACK AND BIG TOY FROG FOR THE KIDS SHE CAN COOP THESE THINGS INTO THREE RED BAGS AND WE WILL GO MEET HER WHEN STAY AT THE TRAIN STATION
spanish110.wav,PLEASE CALL STELLA ASK HER TO BRING THESE THINGS WITH HER FROM THE STORE SIX SPOONS OF ASNOW PEASE FIVE SIX SLAPS OF BLUE CHEESE AND MAYBE SNUG FOR HER BROTHER BOB WE ALSO NEED A SMALL PLASTIC SNAKE AND A BIG TOY FROCK FOR THE KIDS SHE CAN SCOOP THESE THINGS INTO THREE RED BAGS AND WE WILL GO MEET HER ON WEDNESDAY AT THE TRAIN STATION
spanish111.wav,PLEASE CALL ESTELLA ASK HER TO BRING THESE THINGS WITH HER FROM THE STORE SIX SPOONS OF FRESH SNOW PEALS FIVE THICK SLAVS OF BLUE CHEESE AND MAYBE A SNACK FOR HER BROTHER BOB WE ALSO NEED A SMALL PLASTIC SNAKE AND A BIG TOY FROG FOR THE KIS SHE CAN SCOOP THESE THINGS INTO THREE RED BAGS AND WE WILL GO MEET HER WEDNESDAY AT THE TRAIN STATION
spanish112.wav,PLEASE CALL STELLA ASK HER TO BRING THESE THINGS WITH HER FROM THE STORE SIX SPOONS OF FRESH SNOW PEAS FIVE THICK SLABS OF BLUE CHEESE AND MAYBE A SNACK FOR HER BROTHER BOB WE ALSO NEED A SMALL PLASTIC SNAKE AND A BIG TOY FROG FOR THE KIDS SHE CAN SCOOP THESE THINGS INTO THREE RED BAGS WE WILL GO MEET HER WEDNESDAY AT THE TRAIN STATION
spanish113.wav,PLEASE CALL STELLA ASK HER TO BRING THESE THINGS WITH HER FROM THE STORE SIX SPOONS OF FRESH SNOW PEAS FIVE THICK SLABS OF BLUE CHEESE AND MAYBE A SNACK FOR HER BROTHER BOB WE ALSO NEED A PLASTIC WE ALSO NEED A SMALL PLASTIC SNAKE AND A BIG TOY FROK FOR THE KIDS SHE CAN SCOOP THESE THINGS INTO THREE RED BAGS AND WE WILL GO TO MEET HER WEDNESDAY AT THE TRAIN STATION
spanish114.wav,PLEASE CALL STELLA ASK HER TO RING THESE THINGS WITH HER FROM THE STORE SIX SPOONS OF FRESH NOL PEAS FIVE THICK SLABS OF BLUE CHEESE AND MAYBE SNACK FOR HER BROTHER BOB ET WAS A NEAR SMALL PLASTIC SNAKE AND A BIG TREE FROCK FOR THE GUESTS SHE CAN SCOOL THESE THINGS INTO THER BAGS AND WE'LL GALL MEAT HEME ANDSTAY AN THE TRAIN STATION
spanish115.wav,PLEASE CALL STELLA ASK HER TO BRING THESE THINGS WITH HER FROM THE STORE SIX SPOONFS OF FRESH SNOW PEAS FIVE THICK SLIBS OF BLUE CHEESE AND MAYBE A SNIFE FOR HER BROTHER BOB WE ALSO NEED A SMALL PLASTIC SNAKE AND A BIG TOY FROG OF THIRTY FOR THE KIDS SHE CAN SCOOP THESE THINGS INTO THREE RED BAGS AND WE WILL GET WE WILL GO AND MEET HER WEDNESDAY AT THE TRAIN STATION
spanish116.wav,PLEASE CALL STELLA ASK HER TO BRING THESE THINGS WITH HER FROM THE STORE SIX SPOONS OF FRESH SNOW PEAS FIVE THICK SLABS OF BLUE CHEESE AND MAYBE A SNACK FOR HER BROTHER BOB WE ALSO NEED A SMALL PLASTIC SNAKE AND A BIG TOY FROG FOR THE KIDS SHE CAN SCOOP THESE THINGS INTO THREE RED BAGS AND WE WILL GO MEET HER WEDNESDAY AT THE TRAIN STATION
spanish117.wav,PLEASE CALL STELLA ASK HER TO BRING THESE THINGS WITH HER FROM THE STORE SIX SPOONS OF FRESH SNOW PEASE FIVE THICK SLABS OF BLUE CHEESE AND MAYBE A SNACK FOR HER BROTHER BOB WE ALSO NEED A SMALL PLASTIC SNAKE AND A BIG TOY FROG FOR THE KIDS SHE CAN SCOOP THESE THINGS INTO THREE RED BAGS AND WE WILL GO MEET HER WEDNESDAY AT THE TRAIN STATION
spanish118.wav,PLEASE CALL ESTELLA ASK HER TO BRING THESE THINGS WITH HER FROM THE STORE SIX SPOONS OF FRESH SNOW PIECE FIVE STICK SLABS OF BLUE CHEESE AND MAYBE A SNACK FOR HER BROTHER BAB WE ALSO NEED A SMALL PLASTIC SNAKE AND A BIG TOY FROG FOR THE KIDS SHE CAN SCOOP THESE THINGS INTO INTO THREE TREAD BAGS AND WE WILL GO MEET HER WENESDAY AT THE TRAIN AN STATION
spanish119.wav,PLEASE CALL STELLA ASK HER TO BRING THESE THINGS WITH HER FROM THE STORE SIX SPOONS OF FRESH SNOW PEES FIVE THICK SLABS OF BLUE CHEESE AND MAYBE A SNACK FOR HER BROTHER BOB WE ALSO NEED A SMALL PLASTIC SNAKE AND A BIG TOY FROG FOR THE KIDS SHE CAN SCOOP THESE THINGS INTO THREE RED BAGS AND WEWILL GO MEET HER WEDNESDAY AT THE TRAIN STATION
spanish12.wav,PLEASE CALL STEL ASS HED TO BRING THES THINGS WE HEARE FROM THE STORE SIX SPOON OF FRENCH SNOW A B PA FIE FIGHTING SLOW OF BLUE CHEESE AND MAYBE A SNAKE SNAK FROM EBOR BOG WE ALTO NE SMALL PLATE SNAKE AND A BIG TOY A FLO FLOW FOR FOR THE KILL CHICKEN COOP TESTING TO TREE RED BAG AND WE WILL GO MET HER WITE OTHE TWAIN STAC
spanish120.wav,PLEASE CALL STELLA ASK HER TO BRING THESE THINGS WITH HER FROM THE STORE SIX SPOONS OF FRESH SNOW PEASE FIVE THICK SLABS OF BLUE CHEESE AND MAYBE A SNACK FOR HER BROTHER BOB WE ALSO NEED A SMALL PLASTIC SNAKE AND A BIG TOY FROG FOR THE KIDS SHE CAN SCOOP THESE THINGS INTO THREE RED BAGS AND WE WILL GO MEET HER WEDNESDAY AT THE TRAIN STATION
spanish121.wav,PLEASE CALL STELLA ASK HER TO BRING THESE THINGS WITH HER FROM THE STORE SIX SPOONS O FRESH SNOW PIECE FIVE STIK SLABS OF BLUE CHEESE AND MAYBE A SNACK FOR HER BROTHER BO WE ALSO NEED A SMALL PLASTIC SNUCK AND A BIG TOI FROW FOR THE KIDS SHE CAN SCOOP THESE THINGS INTO THREE RED BOKS AND WE WILL GO MEET HER WEDNESDAY AT THE STRANGE STATION
spanish122.wav,PLEASE CALL STELLA ASK HER TO BRING THESE THINGS WITH HER FROM THE STORE SIX SPOONS OF FRESH SNOW PEAS FIVE THICK SLAPS OF BLUE CHEESE AND MAYBE A SNACK FOR HER BROTHER BOB WE ALSO NEED A SMALL PLASTIC SNAKE AND A BIG TOY FROG FOR THE KIDS SHE CAN SCOOP THESE THINGS INTO THREE RED BAGS AND WE WILL GO MEET HER WEDNESDAY AT THE TRAIN STATION
spanish123.wav,PLEASE CALL STELLA ASK HER TO BRING THESE THINGS WITH HER WITH HER FROM THE STORE SIX SPOONS OF FRESH SNOW PEAS FIVE THICK SLAPS OF BLUE CHEESE AND MAYBE A SNACK FOR HER BROTHER BOB WE ALSO NEED A SMALL PLASTIC SNAKE AND A BIG TOY FROK FOR THE KIDS SHE CAN SCOOP THE THINGS INTO THE THREE RED BAGS AND WE WILL GO MEET HER WEDNESDAY AT THE TRAIN STATION
spanish124.wav,PLEASE CALL STELLA ASK HER TO BRING THESE THINGS WITH HER FROM THE STORE SIX SPOONFS OF FRESH SNOW PEAS FIVE THICK SLABS OF BLUE CHEESE AND MAYBE A SNAK FOR HER BROTHER BOB WE ALSO NEED A SMALL PLACID SNAKE AND A BIG SO FROG FOR THE KIDS SHE CAN SCOOT THESE THINGS INTO THREE RED BAGS AND WE WILL GO MEET HER ONE DAY AT THE TRAIN STATION
spanish125.wav,PLEASE CALL STELLA ASK HER TO BRING THESE THINGS FROM HER FROM THE STORE SIX SPOONS OF FRESH SMELLED PEAS FIVE THICK SLABS OF BLUE CHEESE AND MAYBE A SNAK FOR HER BROTHER BOB WE ALSO NEED A SMALL PLASTIC SNAKE AND A BIG TOY FROG FOR THE KIDS SHE CAN SCOOP THESE THINGS INTO THREE RED BAGS AND WE WILL GO MEET HER WEDNESDAY AT THE TRAIN STATION
spanish126.wav,PLEASE CALL SHEILA ASK HER TO BRING THESE THINGS WITH HER FROM THE STORE SIX SPOONFS OF FRESH SNOW PEAS FIVE THICK SLABS OF BLUE CHEESE AND MAYBE A SNACK FOR HER BROTHER BOB WE ALSO NEED A SMALL PLASTIC SNAKE AND A BIG TOY FROG FOR THE KIDS SHE CAN SCOOP THESE THINGS INTO THREE RED BAGS AND WE WILL GO MEET HER WEDNESDAY AT THE TRAIN STATION
spanish127.wav,PLEASE CALL ESTELLA ASK HER TO BRING THESE THINGS WITH HER FROM THE STORE SIX SPOONS OF FRESH SNOW PEAS FIVE TICK SLAVES OF BLUE CHEESE AND MAYBE A SNACK FOR HER BROTHER BOB WE ALSO NEED A SMALL PLASTIC SNAKE AND A BIG TOY FROG FOR THE KEYS SHE CAN SCOOP THESE THINGS INTO THREE RED BAGS AND WE WILL GO MEET HER WEDNESDAY AT THE TRAIN STATION
spanish128.wav,PLEASE CALL STELLA ASK HER TO BRING THESE THINGS WITH HER FROM THE STORE SIX SPOONS OF FRESH SNOW PEES FIVE THICK SLABS OF BLUE CHEESE AND MAYBE IS A SNACK FOR HER BROTHER BOB WE ALSO NEED A SMALL PLASTIC SNAKE AND A BIG TOY FROG FOR THE KIDS SHE CAN SCOOP THESE THINGS INTO THREE RED BAGS AND WE WILL GO MEET HER WEDNESDAY AT THE TRAIN STATION
spanish129.wav,PLEASE CALL STELLA ASK HER TO BRING THES THINGS WITH HER FROM THE STORE SIX POONS OF FRESH SNOW PET FIVE SIX LAPS OF BLUE CHEESE AND MAYBE A SMACK FOR HER BROTHER BOB WE ALSO MEET A SMALL PLASTIC SNAKE AND A BIG TOY FROG FOR THE KIS SHE CAN'T SCOOP THESE THINGS INTO THREE RECK BAGS AND WE WILL GO MER HER WENSDAY AT THE TRAIN STATION
spanish13.wav,PLEASE CALL STELLA ASK HER TO BRING THESE THINGS WITH HER FROM WITH HER FROM THE STORE SIX SPOONS OF FRESH SNOW PEAS FIVE THICK SLABS OF BLUE CHEESE AND MAYBE A SNACK FOR HER BROTHER BOB WE ALSO NEED A SMALL PLASTIC SNAKE AND A BIG TOY FROG FOR THE KIDS SHE CAN SCOOP THESE THINGS INTO THREE RED BAGS AND WE WILL GO AND WE WILL GO MEET HER WEDNESDAY AT THE TRAIN STATION
spanish130.wav,PLEASE CALL STELLA ASK HER TO BRING THESE THINGS TO HER FROM THE STORE SIX SPOONS OF FRESH SNOW PINS FIVE THICK SLABS OF BLUE CHEESE AND MAYBE A SNACK OF HER BROTHER'S BOB AH WE ALSO NEED A SMALL PLASTIC SNAKE AND A BIG TOY FROG FOR THE KIDS SHE CAN SCOOP THESE THINGS INTO THREE RED BAGS AND WE WILL GO MEET HER WEDNESDAY AT THE TRAIN STATION
spanish131.wav,PLEASE CALL ESTELLA ASK HER TO BRING THER THING WITH HER FROM THE STORE SES A SPOON OF FRESH SNOW PASE FITHING TLAP OF BLUE CHEESE AND MAYBE A SNAP FOR HER BROTHER BUT WE ALSO NEED A SMALL SMALL PLASTY A SNAKE AND A BIG TOY FROG FOREHEAD FOR THE KEY CHECAN COP THIS THING INTO THREE RAP BAD AND WE WILL GO MEET HER WENESDAY AT THE STRANG STATION
spanish132.wav,PLEASE CALL STELLA ASK HER TO BRING THESE THINGS WITH HER FROM THE STORE SIX SPOONS OF FRESH SNELL PEAS FIVE THICK SLABS OF BLUE CHEESE AND MAYBE A SNACK FOR HER BROTHER BOB WE ALSO NEED A SMALL PLASTIC SNAKE AND A BIG TOY FROCK FOR THE KIDS SHE CAN SCOOP THE THINGS INTO THREE RED BACGS AND WE WILL GO MEET HER WEDNESDAY AT THE TRAIN STATION
spanish133.wav,PLEASE CALL STELLA ASK HER TO BRING THESE THINGS WITH HER FROM THE STORE SIX SPOONS OF FRESH SMALL PEAS FIVE THICK LAVS OF BLUE CHEESE AND MAYBE A SNUK FOR HER BROTHER BOB WE ALSO NEED A SMALL PLASTIC SNAKE AND A BIG TOY FROG FOR THE KIDS SHE CAN SCOOP THESE THINGS INTO THREE RED BAGS AND WE WILL GO MEET HER WEDNESDAY AT THE TRAIN STATION
spanish134.wav,PLEASE CALL ESTELLA ASK HER TO BRING THESE THINGS WITH HER MAM WITH FROM THE STORE SIX SPOONS OF FRESH SNOW PEAS FIVE THICK SLABS OF BLUE CHEESE AND MAYBE A SNAG FOR HER BROTHER BOB WE ALSO NEED A SMALL PLASTIC SNAKE AND A BIG TOY FROG FROR THE KIDS SHE CAN SCOOP THE THINGS INTO THREE RED BAGS AND WE WILL GO MEET HER WEDNESDAY AT THE TRAIN STATION
spanish135.wav,PLEASE CALL STELLA ASK HER TO BRING THESE THINGS WITH HER FROM THE STORE SIX SPOONS OF FRESH SNOW PEASE FIVE FIK LAPS OF BLUE CHEESE AND MAYBE A SNACK FOR HER BROTHER BOB WE ALSO NEED A SMALL PLASTIC SNAKE AND A BIG TOY FROG FOR THE KIDS SHE CAN SCOOP THESE THINGS INTO THREE RED BAGS AND WE WILL GO TO MEET HER WENESDAY AT THE TRAIN STATION
spanish136.wav,PLEASE CALL STELLA ASK HER TO BRING THESE THINGS WITH HER FROM THE STORE SIX SPOONS OF FRESH SNOW PEAS FIVE THICK SLABS OF BLUE CHEESE AND MAYBE A SNAKE FOR HER BROTHER BOB WE ALSO NEED A SMALL PLASTIC SNAKE AND A BIG TOY FROG FOR THE KIDS SHE CAN SCOOP THESE THINGS INTO THREE RED BAGS AND WE WILL GO MEET HER WEDNESDAY AT THE TRAIN STATION
spanish137.wav,PLEASE CALL STELLA ASK HER TO BRING THESE THINGS WE WITH HER FROM THE STORE SIX SPAN OF FRESH SNOW PIECE FIVE THICK SLAVS OF BLUECHES AND MAYBE A SNAK FOR HER BROTHER BOB WE ALSO NEEDED A SMALL PLASTIC SNAKE AND A BIG TOY FROW FROM THE KID FOR THE KIDS SHE CAN SCOOP THESE THINGS INTO THREE RED BAGS AND WE WILL GO MEET HER WENESDAY AT THE TRAIN STATION
spanish138.wav,PLEASE CALL ESTELLA ASK HER TO BRING THESE TEMS WI HEAR FROM THE STORE SIX SPOONS OF FRESH SNOW PES FIVE TEN LAPS BLUE CHEESE AND MAYBE A SNOG FOR HER BROTHER BOTH HE ALSO NEE A SMALL PLUSTY SNAKE A SNAKE AND A BIG TOY FROG FOR THE KISS SHE CAN SCOOP THESE THEMS INTO THREE RED BAGS AND WE WILL GO MEET HER WEDNESDAY AT THE TRAINING STATER
spanish139.wav,PLEASE CALL STELLA ASK HER TO BRING THESE THINGS WITH HER FROM THE STORE SIX SPOONS OF FRESH SNOW PEECE FIVE THICK SLABS OF BLUE CHEESE AND MAYBE A SNACK FOR HER BROTHER BOB WE ALSO NEED A SMALL PLASTIC SNAKE AND A BIG TOY FROG FOR THE KIDS SHE CAN SCOOP THESE THINGS INTO THREE RED BAGS AND WE WILL GO MEET HER WEDNESDAY AT THE TRAIN STATION
spanish14.wav,PLEASE CALL ESTELLA ASK HER TO BRING THESE TINS WITH HER FROM THE STORE SIX SPOONS OF FRESH SNOW PEES FIVE TINK SLAFF OF BLUE CHEESE AND MAYBE A SNACK FOR HER BROTHER BAB WE ALSO NEED A SMALL PLASTIC SNAP SNAKE AND A BIG TOYFOG FOR THE KIDS SHE CAN SCOOP THESE TINS INTO THREE RED BAGS AND WE WILL GO MEET HER WEDNESDAY AT THE TRAIN STATION
spanish140.wav,PLEASE CALL ESTELLA ASK HER TO BRING THESE THINGS WITH HER FRON THE STORE SIX SPOONS OF FRESH SNOW PEAS FIVE THICK SLABS OF BLUE CHEESE AND MAYBE SNACK FOR HER BROTHER BOB WE ALSO NEED A SMALL PLASTIC SNAKE AND A BIG TOY FROG FOR THE KIDS SHE CAN SCOOP THE THESE THINGS INTO THREE RED BAGS AND WE WILL GO MEET HER WEDNESDAY AT THE TRAIN STATION
spanish141.wav,PLEASE CALL STELLA ASK HER TO BRING THESE THINGS WITH HER FROM THE STORE SIX SPOONS OF FRESH SNOW PEAS FIVE THICK SLAPS OF BLUE CHEESE AND MAYBE A SNACK FOR HER BROTHER BOB WE ALSO NEED A SMALL PLASTIC SNAKE AND A BIG TOY FROG FOR THE KIDS SHE CAN SCOOP THESE THINGS INTO THREE RED BAGS AND WE WILL GO MEET HER WEDNESDAY AT THE TRAIN STATION
spanish142.wav,PLEASE CALL STELLA ASK HER TO BRING THESE THINGS WITH HER FROM THE STORE SIX SPOONS OF FRESH SNOW PEASE FIVE THICK SLABS OF BLUE CHEESE AND MAYBE A SNACK FOR HER BROTHER BOB WE ALSO NEED A SMALL PLASTIC SNAKE AND A BIG TOIL FROG FOR THE KIDS SHE CAN SCOOP THESE THINGS INTO THREE RAIL BAGS AND WE WILL GO MEET HER WEDNESDAY AT THE TRAIN STATION
spanish143.wav,PLEASE CALL STELLA ASK HER TO BRING THESE THINGS WITH HER FROM THE STORE SIX SPOONS OF FRESH SNOW PEAS FIVE THICK SLABS OF BLUE CHEESE AND MAYBE A SNACK FOR HER BROTHER BOB WE ALSO NEED A SMALL PLASTIC SNAKE AND A BIG TOY FROG FOR THE KIDS SHE CAN SCOOP THESE THINGS INTO THREE RED BAGS AND WE WILL GO MEET HER WEDNESDAY AT THE TRAIN STATION
spanish144.wav,PLEASE CALL STELLA ASK HER TO BRING THESE THINGS WITH HER FROM THE STORE SIX SPOONS OF FRESH SNOW PEAS FIVE SICK SLAVS OF BLUE CHEESE AND MAYBE A SNUG FOR HER BROTHER BOB WE ALSO NEED A SMALL PLASTIC SNAKE AND A BIG TOY FROG FOR THE KIDS SHE CAN SCOOP THESE THINGS INTO THREE RED BAGS AND WE WILL GO MEET HER ON WENESDAY AT THE TRAIN STATION
spanish145.wav,PLEASE CALL STELLA ASK HER TO BRING THESE THINGS WITH HER FROM THE STORE SIX SPOONS OF FRESH SNOW PEASE FIVE THICK SLABS OF BLUE CHEESE AND MAYBE A SNAG FOR HER BROTHER BOB WE ALSO NEED A SMALL PLASTIC SNAKE AND A BIG TOY FROG FOR THE KIDS SHE CAN SCOOP THESE THINGS INTO THREE RED BAGS AND WE WILL GO MEET HER WEDNESDAY AT A TRAIN STATION
spanish146.wav,PLEASE CALL STELLA ASK HER TO BRING THIS TEM WITH HER FROM THE STORE SIX SPOON OF FIRST SNOW PEES FIVE SIX LUMP OF BLUE CHEESE AND MAYBE A SNIFE FOR HER BROTHER POP WE ALSO NEED A SMALL PLASTIC SNAK AND A BIG TOY FROK FOR THE KID SHE CAN COP THIS TING INTO THE RED BAGS AND WE WILL GO TO MEET HER WEDNESDAY AT THE TRAIN STATION
spanish147.wav,PLEASE CALL STELLA I ASK HER TO BRING THE DI THIS DINK WIT HER FROM THE STORE SIX POINT OF FRESH SNOW PEAS FIVE DIG SLAB OF BLUE CHES AND MAYBE A SNACK FOR HER BROTHER BOB WE ALSO NEED A SMALL PLASTIC SNAKE AND A BIG TOY FROG FOR THE KIT SHE CAN CO THIS DINK INTO THREE READ BACK AND WE WILL GO MEET HER WEDNESDAY AT THE TRAIN STATION
spanish148.wav,PLEASE CALL STELLA AS HERE TO BRING THESE THINGS WE'D HEAR FROM THE STORE SIX SPOONS OF FRESH SNOW PEAS FIVE THICK SLAMS OF BLUE CHEESE AND MAYBE A SNAP FOR HER BROTHER BOB WE ALSO NEET A SMALL PLASTIC SNAKE AND BIG TOY FROK FOR THE KIDS SHE CAN SPOOP SCOOP THESE THINGS INTO THREE RED BUCKS AND WE WILL GO MEET HERE WEDNESDAY AN THE TRAIN STATION
spanish149.wav,PLEASE CAS TELL US HER TO BRING THE SESTIN WITH YOU HER FRON THE STORY SIX A POINT OF THE FRESNOW SNOP FITT KIN SLUM OF THE BLUE CANS AND MAYBE A SNAP OF THE MAYBE SNAPPED FOR THE BROTHERS BOB TO BILL A NET AN SMI PLASTIC NECK AN TE BEN TO FRONTE KIDS THEY CAN SCOPE THE SE THINGS INTO THREE RED BANGS AND THE VILL GOT MED HER WEDNESDAY AFTHE TRAIN STATION
spanish15.wav,PLEASE CALL A TELA ASK HER TO BRING THESE THINGS WITH HER FROM THE STORE SIX SPOONS OF PRECIOUS MOK PEAS FIVE SHIX LAB OF BLUE CHEESE AND MAYBE A SNIG FOR HER BROTHER BAB WE ALSO NEEDE SMALL PLASTICS MAKE AND A VICTOL FROCK FOR THE KIDS CHICKANI SCOOP THESE THINGS INTO THREE RED BAGS AND WE WILL GO MILL HER WEDNESDAY AT THE TRAIN STATION
spanish150.wav,PLEASE CALL STELLA ASK HER TO BRING CHES THING WITH HER FROM THE STAR SIX PONS OF FRESH SNOW PEELS FIVE THICK BLAF OF BLUE CHEESE AND MAYBE A SNAKE FOR HER BROTHER BOB WE ALSO NEED A SMART PLASTIC SNAKE AND A BIG TOY FROG FOR THE KIDS SHE CAN SCOOT THE THINGS INTO THREE RED BACKS AND WE WILL GOOD MEET HERWED WEDNESDAY AT THE TRAIN STATION
spanish151.wav,PLEASE CALL STELLA ASK HERE TO BRING THESE THINGS WIT HERE FROM THE STORE SIX POINTS OF FRIENDS NO PEESE TIF THING SLABS OF BLUE CHEESE AND MAKE MAYBE A SNUG FOR HERE BROTHER BAB WE ALSO NEED A SMALL PLASTIC SNUG AND BIG TOFROM TO FROP FOR THE KITS SHE CAN SCOPE THESE THINGS IN INTO TREE RED BACK AND WE WILL GO MEET HERE WEDNESDAY AT THE TRY STAG
spanish152.wav,PLEASE CALL STELLA ASK HER TO BRING THESE THINGS WITH HER FROM THE STORE SIX SPOONS OF FRESH SNOW PEAS FIVE THING SLAPS OF BLUE CHEESE AND MAYBE A SNUK FOR THE BROTHER BUB WE ALSO NEED A SMALL PLASTIC SNUG SNAKE AND A BIG TOY FROG FOR THE KIT SE CAN SCOOP THESE THINGS INTO THREE RED BAGS AND WE WILL GO MEET HER WEDNESDAY AT THE TRAN STATION
spanish153.wav,PLEASE CALL STELLA ASK HER TO BRING THESE THINGS WITH HER FROM THE STORE SIX SPOONS OF FRESH SNOW PIECE FIVE THICK SLAPS OF BLUE CHEESE AND MAYBE A SNIKE FOR HER BROTHER BOB WE ALSO NEED A SMALL PLASTIC SNAKE AND A BIG TOY FROG FOR THE KIDS SHE CAN SCOOP THESE THINGS INTO THREE RED BAGS AND WE WILL GO TO MEET HER WENCETEY AT THE TRAIN STATION
spanish154.wav,PLEASE CALL STELLA ASK HER TO BRING THESE THINGS WITH HER FROM THE STORE SIX SPOONS OF FRESH SNOW PEAS FIVE THICK SLABS OF BLUE CHEESE AND MAYBE A SNACK FOR HER BROTHER BOB WE ALSO NEED A SMALL PLASTIC SNAKE AND A BIG TOY FROG FOR THE KIDS SHE CAN SCOOP THESE THINGS INTO THREE RED BAGS AND WE'LL GO MEET HER WEDNESDAY AT THE TRAIN STATION
spanish155.wav,PLEASE CALL STELLA ASK HER TO BRING THESE THINGS WITH HER FROM THE STORE SIX SPOONS OF FRESH SNOW PEAS FIVE THICK SLABS OF BLUE CHEESE AND MAYBE A SNACK FOR HER BROTHER BOB WE ALSO NEED A SMALL PLASTIC SNAKE AND A BIG TOY FROG FOR THE KIDS SHE CAN SCOOP THESE THINGS INTO THREE RED BAGS AND WE WILL GO MEET HER WEDNESDAY AT THE TRAIN STATION
spanish156.wav,PLEASE CALL STELLA ASK HER TO BRING THESE THINGS WITH HER FROM THE STORE SIX SPOONS OF FRESH SNOW PEES FIVE THICK SLABS OF BLUE CHEESE AND MAYBE A SNACK FOR HER BROTHER BOB WE ALSO NEED A SMALL PLASTIC SNAKE AND A BIG TOY FROG FOR THE KIDS SHE CAN SCOOP THESE THINGS INTO THREE RED BAGS AND WE WILL GO MEET HER WEDNESDAY AT THE TRAIN STATION
spanish157.wav,PLEASE CALL STELLA ASK HER TO BRING THESE THINGS WITH HER FROM THE STORE SIX SPOONS OF FRESH SNOW PEAS FIVE THICK SLABS OF BLUE CHEESE AND MAYBE A SNACK FOR HER BROTHER BOB WE ALSO NEED A SMALL PLASTIC SNACK AND A BIG TOY FROG FOR THE KIDS SHE CAN SCOOP THESE THINGS INTO A RED BAG AND WE CAN GO MEET HER WEDNESDAY AT THE TRAIN STATION
spanish158.wav,PLEASE CALL ESTELLA ASK HER TO PIN THIS THING WITH HER FROM THE STORE SIX SPOON OF FRESH SNOWED PEATS FINE THICK SLOP OF BLUE CHEESE AND MAYBE A SNAK FOR HER BROTHER BOT WE ALSO NEED A SMALL PLASTIC SNAKE AND A BIG TOY FROD FOR THE KIDS SHE CAN SCOOP THIS THING INTO THREE RED BAGS AND WE WILL GO MEET HER WEDNESDAY AT THE TRAIN STATION
spanish159.wav,READY O GOHEAD PLEASE CALL STELLA ASK HER TO BRING THIS TIN WITH HER FROM THE STORE SIX SPOON OF FRESH SNOW PEASPICE ARE FIVE THICK SLABS OF BLUE CHEESE AND MAYBE A SNUG FOR HER BROTHER BOB WE ALSO NEED A SMALL PLUSCY SNAKE AND A BIG TOY FROK FROK FROK FOR THE KID SHE CAN SCOOP THIS THING INTO THREE BREAD BAG AND WE WILL GO MEET HER WEDNESDAY AT THE TRAIN STATION
spanish16.wav,PLEASE CALL STELLA ASK HER TO BRING THESE THINGS WITH HER FROM THE STORE SIX SPOONS OF FRESH SNOW PEAS FIVE THICK SLABS OF BLUE CHEESE AND MAYBE A SNUK FOR HER BROTHER BOB WE ALSO NEED A SMALL PLASTIC SNAKE AND A BIG TOY FROG FOR THE KIDS SHE CAN SCOOP THESE THINGS INTO THREE RED BAGS AND WE WILL GO MEET HER WEDNESDAY AT THE TRAIN STATION
spanish160.wav,PLEASE CALL STELLA ASK HER TO BRING THESE THINGS WITH HER FROM THE STORE SIX SPOONS OF FRESH SNOW PEAS FIVE THICK SLABS OF BLUE CHEESE AND MAYBE THE SNACK FOR BROTHER BOB WE ALSO NEED A SMALL PLASTIC SNAKE AND A BIG TOY FROG FOR THE KIDS SHE CAN SCOOP THESE THINGS INTO THREE RED BAGS AND WE WILL GO MEET HER WEDNESDAY AT THE TRAIN STATION
spanish161.wav,PLEASE CALL STELLA ASK HER TO BRING THES THING WITH HEIR FROM THE STORRET SIX SPON OF FRAC SNOW PIECE FIVE TICK SLAB OF LOOCHES AND MAYBE A SNACK FOR HER BROTHER BROW WE ALSO NEED A SMALL PLASTIC SNIKE AND A BIG TOY FROCK FOR THE KID SHE CAN SCOOP THE STEAM INTO THE TREE RED BAGS AND WE WILL GO MEET HER WENSDAY AT THE TRAIN STATION
spanish162.wav,PLEASE CALL STELLA ASK HER TO BRING THESE THINGS FROM THE STORE SIX SPOONS OF FRESH SNOW PEAS FIVE THICK SLABS OF BLUE CHEESE AND MAYBE A SNACK FOR HER BROTHER BOB WE ALSO NEED A SMALL PLASTIC SNAKE AND A BIG TOY FROG FOR THE KIDS SHE CAN SCOOP THESE THINGS INTO THREE RED BAGS AND WE WILL MEET HER WEDNESDAY AT THE TRAIN STATION
spanish17.wav,PLEASE CALL STELLA ASK HER TO BRING THESE THINGS WITH HER FROM THE STORE SIX SPOONS OF FRESH SNOW PEASE FIVE THICK SLAPS OF BLUE CHEESE AND MAYBE IS A SNACK FOR HER BROTHER BOB WE ALSO NEED A SMALL PLASTIC SNAKE AND A BIG TOY FROG FOR THE KIDS SHE CAN SCOOP THESE THINGS INTO THREE RED BAGS AND WE WILL GO MEET HER WEDNESDAY AT THE TRAIN STATION
spanish18.wav,PLEASE CALL STELLA ASK HER TO BRING THESE THINGS WITH HER FROM THE STORE SIX SPOONS OF FREY OF FRESH SNOW PEAS FIVE THICK SLABS OF BLUE CHEESE AND MAYBE A SNAG FOR HER BROTHER BOV WE ALSO NEED A SMALL PLASTIC SNAKE AND A BIG TOY FROG FOR THE KIDS SHE CAN SCOOP THESE THINGS INTO THREE RED BAGS AND WE WILL GO MEET HER WEDNESDAY AT THE TRAIN STATION
spanish19.wav,PLEASE CALL STELLA ASK HER TO BRING THESE THINGS WITH HER FROM THE STORE SIX SPOONS WITH FRESH SNOW PEAS FIVE THICK SLABS OF BLUE SHEES AND MAYBE A SNAG FOR HER BROTHER BOB WE ALSO NEED A SMALL PLASTIC SNAKE AND A BIG TOY FROM THE KID AND A BIG TOY FROG FOR THE KID SHE CAN SCUB THESE THINGS INTO THREE RED BAGS AND WE WILL GO AND WE WILL GO MEET HER WEDNESDAY AT THE TRAIN STATION
spanish2.wav,PLEASE CALL STELLA ASK HER TO BRING THESE TINS WITH HER FROM THE STORE SIX SPOONS OF FRESH SNOW PEAS FIVE FIVE TEETH SLAPS OF BLUE CHEESE AND MAYBE A SNACK FOR HER BROTHER BOB WE ALSO NEED A SMALL PLASTIC SNAKE AND A BIG TOY FROM FROCK FOR THE KITS SHE CAN SCOOP THESE THINS INTO THREE DRECT BACKS AND WE WILL GO MEET HER WEDNESDAY AT THE TRAIN STATION
spanish20.wav,PLEASE CALL STELLA ASK HER TO BRING THESE THINGS WITH HER FROM THE STORM SEEK A SPOON O FRESH SNOW PEES FI THIK SLAP OF BLUE CHEESE AND MAYBE A SNAK FOR HER BROTHER BO WE ALSO NEED A SMALL PLASTIC SNAKE AND A BIG TOY FROCG FOR THE KIT SHE CAN SCOOP THIS THING INTO THREE RED BAGS AND WE WILL GO MEET HER WEDNESDAY AT THE TRAIN STATION
spanish21.wav,PLEASE CALL STELLA ASK HER TO BRING THE THING WE HEAR FROM THE STORE SIX SPOONS OF FRESH SNOW PEAS FIVE SAK SLAPS OF BLUE CHEESE AND MAYBE A SNACK FOR HER BROTHER BOB WE ALSO NEED A SMALL PLASTIC SNAKE AND A BIG CHI FROG FOR THE CATS SHE CAN SCOOP THES THING INTO THREE RED BARS AND WE WILL GO MEET HER WEDNESDAY AT THE TRAIN STATION
spanish22.wav,PLEASE CALL ESTELLA ASK HER TO BRING THESE THINGS WITH HER FROM THE STORE SIX SPOONS OF FIST SNOW PEAS FIVE THICK SLABS OF BLUE OF BLUE CHEESE AND MAYBE A SNUG FOR HER BROTHER BOB WE ALSO NEED A SMALL PLASTIC SNAKE AND A BIG TOY FROCK FOR THE KIDS SHE CAN SCOOP THESE THINGS INTO THREE RED BAGS AND WE WILL GO MEET HER WEDNESDAY AT THE TRAIN STATION
spanish23.wav,PLEASE CALL STELLA ASK HER TO BRING THESE THINGS WITH HER FROM THE STORE SIX SPOONFULS OF FRESH SNOW PIECE FIVE THICK SLABS OF BLUE CHEESE AND MAYBE A SNACK FOR HER BROTHER BOB WELSON IS A SMALL PLASTIC SNAKE AND A BIG TOY FROG FOR THE KIDS SHE CAN SCOOP THESE THINGS INTO THREE RED BAGS AND WE WILL O MEET HER WEDNESDAY AT THE TRAIN STATION
spanish24.wav,PLEASE CALL STELLA ASK HER TO BRING THESE THINGS WITH HER FROM THE STORE SIX SPOONS OF FRESH SNOW PEAS FIVE THICK SLABS OF BLUE CHEESE AND MAYBE A SNACK FOR HER BROTHER BOB WE ALSO NEED A SMALL PLASTIC SNAKE AND A BIG TOY FROG FOR THE KIDS SHE CAN SCOOP THESE THINGS INTO THREE RED BAGS AND WE WILL GO MEET HER WEDNESDAY AT THE TRAIN STATION
spanish25.wav,BILL CALL STELLA ASK HER TO BRING THESE THINGS FROM THE STORE SIX SPOONS OF FRESH SNOW APIECE BOR A THICK SLAP OF BLUE CHEESE AND MAYBE A SNUK FROM HER BROTHER BAB WE ALSO NEED A SMALL PLASTIC SNAKE AND A BIG TOY FROG FOR THE CAKES SHE CAN SCOOP THESE THINGS INTO THREE RED BAGS AND WE WILL MEET HER WEDNESDAY AT THE TRAIN STATION
spanish26.wav,PLEASE CALL IT STELLA ASK HER TO BRING THESE THINGS WITH HER FROM THE STORE SIX SPOONS OF FRESH SNOW PEAS FIVE THICK SLABS OF BLUE CHEESE AND MAYBE A SNUG FOR HER BROTHER BOB WE ALSO NEED A SMALL PLASTIC SNAKE AND A BIG TOY FROG FOR THE KIDS SHE CAN SCOOP THESE THINGS INTO THREE RED BAGS AND WE WILL MEET HER WEDNESDAY AT THE TRAIN STATION
spanish27.wav,PLEASE CALL STELLA ASK HER TO BRING THESE THINGS WITH HER FROM THE STORE SIX SPOONS OF FRES NOW PEAS FIVE THICK SLABS OF BLUE CHEESE AND MAYBE A SNAK FOR HER BROTHER BOB WE ALSO NEED A SMALL PLASTIC SNAKE AND A BIG TOY FROG FOR THE KIDS SHE CAN SCOOP THESE THINGS INTO THREE RED BAGS AND WE WILL GO MEET HER WEDNESDAY AT THE TRAIN STATION
spanish28.wav,PLEASE CALL STELLA ASK HER TO BRING THESE THINGS WITH HER FROM THE STORE SIX SPOONS OF FRESH SNOW PEASE FIVE THICK SLABS OF BLUE CHEESE AND MAY BE A SNACK FOR HER BROTHER BOB WE ALSO NEED A SMALL PLASTIC SNAKE AND A BIG TOY FROM THE FOR THE KIDS SHE CAN SCOOP THESE THINGS INTO THREE RED BAGS AND WE WILL GO MEET HER WENESDAY AT THE TRAIN STATION
spanish29.wav,PLEASE CALL STELLA ASK HER TO BRING THESE THINGS WITH HER FROM THE STORE SIX SPOONS OF FRESH NOW PEASE FIVE THIK SLUFFS OF BLUE CHEESE AND MAYBE A SNACK FOR HER BROTHER BOB WE ALSO NEED A SMALL PLASTIC SNAKE AND A BIG TOY FROCK FOR THE KIDS SHE CAN SCOOP THESE THINGS INTO THREE RED BAGS AND WE'LL GO MEET HER WEDNESDAY AT THE TRAIN STATION
spanish3.wav,PLEASE CALL STELLA ASK HER TO BRING THESE THINGS WITH HER FROM THE STORE SIX SPOONS OF FRESH SNOW PINS FIVE THINGS SLAPS OF BLUE CHEESE AND MAYBE A SNAG FOR HER BROTHER BOB WE ALSO NEED A SMALL PLASTIC SNAKEA BIG TOY FROG FOR THE KIDS SHE CAN SCOOP THE THESE THINGS INTO THEIR RED BAGS AND WE WE WILL GO MEET HER WEDNESDAY AT THE TRAIN STATION
spanish30.wav,PLEASE CALL STELLA ASK HER TO BRING THESE THINGS WITH HER FROM THE STORE SIX SPOONS OF FRESH SNOW PEAS FIVE THICK SLAPS OF BLUE CHEESE AND MAYBE A SNACK FOR HER BROTHER BOB WE ALSO NEED A SMALL PLASTIC SNAKE AND A BIG TOY FROCK FOR THE KIDS SHE CAN SCOOP THESE THINGS INTO THREE RED BACGS AND WE WILL GO MEET HER WEDNESDAY AT THE TRAIN STATION
spanish31.wav,PLEASE CALL STELLA ASK HER TO BRING THIS THING WITH HER FROM THE STORE SIX SPOONS OF FRESH SNOW PEAS FIVE THINK SLAP OF BLUE CHEES AND MAYBE A SNUG FOR HER BROTHER BUT WE ALSO NEED A SMALL PLASTIC SNAKE AND A BIG TOIL FROG FOR THE KIDS SHE CAN SCOOP THIS THING INTO THREE RED BAGS AND WE WILL GO MEET HER WEDNESDAY AN THE TRAIN STATION
spanish32.wav,A PLEASE CALL STELLA ASK HER TO BRING A THIS THING WITH HER FROM THE START SIXPON OF RE SNOW PAN A FIVE THREE SLAB OF BLUE CHASE AND MAYBE A SNACK FOR HER BROTHER BO WE ALSO NEED A SMALL PLASTIC SNACK AND A BIG TOY FROG FOR THE CAT FOR HE KIT A CHE CAN SCOOP THIS THING INTO THE INT THREE RAGS BACK AND WE WILL GO MEET HER WENSA THE TRAIN STATION
spanish33.wav,PLEASE CALL STELLA ASK HER TO BRING I THESE TINS WITH HER FROM THE STORE SIX SPOONS OF FRESH SNOW PEAS FIVE THICK SLAPS OF BLUE CHEESE AND MAYBE A SNACK FOR HER BROTHER BOB WE ALSO NEED A SMALL PLATED SNAKE AND A BIG TOY FROG FOR THE KIDS SHE CAN SCOOP THESE THINGS INTO THREE RED BAGS AND WE WILL GO MEET HER ON WEDNESDAY AT THE TRAIN STATION
spanish34.wav,PLEASE CALL STELLA ASK HER TO BRING THESE THINGS WITH HER FROM THE STORE SIX SPOONS OF FRESH SNOW PEAS FIVE THICK SLEGS OF BLUE CHEESE AND MAYBE SNACK FOR HER BROTHER BOB WE ALSO NEED A SMALL PLASTIC SNAKE AND A BIG TOY FROCK FOR THE KIDS SHE CAN SCOOP THESE THINGS INTO THREE RED BAGS AND WE WILL GO MEET HER WENES TAY AT THE TRAIN STATION
spanish35.wav,PLEASE CALL STELA ASK HER TO BRING THESE THINGS WITH HER FROM THE STORE SIX SPOONFS OF FRENCH SNOW PEAS FIVE THICK SLAPS OF BLUE CHEESE AND MAYBE A SNACK FOR HER BROTHER BOB WE ALSO NEED A SMALL PLASTIC SNAKE AND A BIG TOY FROG FOR THE KIDS SHE CAN SCOOP THESE THINGS INTO THREE RED BAGS AND WE WILL GO MEET HER WEDNESDAY AT THE TRAIN STATION
spanish36.wav,PLEASE CALL STELLA ASK HER TO BRING THESE THINGS WITH HER FROM THE STORE SIX SPOONS OF FRESH SNOW PEAS FIVE THICK SLABS OF BLUE CHEESE AND MAYBE A SNAK FOR HER BROTHER BOB WE ALSO NEED A SMALL PLASTIC SNAKE AND A BIG TOY FROG FOR THE KIDS SHE CAN SCOOP THESE THINGS INTO THREE RED BAGS AND WE WILL GO METER WEDNESDAY AT THE TRAIN STATION
spanish37.wav,PLEASE CALL STELLA ASK HER TO BRING THESE THINGS WITH HER FROM THE STORE SIX SPOONS OF FRESH SNOW PEAS FIVE THICK SLABS OF BLUE CHEESE AND MAYBE A SNACK FOR HER BROTHER BOB WE ALSO NEED A SMALL PLASTIC SNAKE AND A BIG TOY FROCK FOR THE KIDS SHE CAN SCOOP THESE THINGS INTO THREE RED BAGS AND WE WILL GO MEET HER WEDNESDAY AT THE TRAIN STATION
spanish38.wav,PLEASE CALL STELLA ASK HER TO BRING THESE THINGS WITH HER FROM THE STORE SIX SPOONS OF FRESH SNOW PEAS FIVE THICK SLAPS OF BLUE CHEESE AND MAYBE A SNIKE FOR HER BROTHER BOB WE ALSO NEED A SMALL PLASTIC SNAKE AND A BIG TOY FROG FOR THE KIDS SHE CAN SCOOP THESE THINGS INTO THREE RED BAGS AND WE WILL GO MEET HER WEDNESDAY AT THE TRAIN STATION
spanish39.wav,PLEASE CALL STELLA ASK HER TO BRING THESE THINGS WITH HER FROM THE STORE SIX SPOONS OF FRESH SNOW PEAS FIVE THICK SLABS OF LOCEESE AND MAYBE A SNACK FOR HER BROTHER BOB WE ALSO NEED A SMALL PLASTIC SNAKE AND A BIG TOY FROK FOR THE KIDS SHE CAN SCOOP THESE THINGS INTO THREE RED BAGS AND WE WILL GO MEET HER WEDNESDAY AT THE TRAN STATION
spanish4.wav,PLEASE CALL ESTELLA ASK HER TO BRING THESE THINGS WITH HER WITH HER FROM THE STORE SIX SPOON OF EACH SNOW PIECE FIVE SIK SLAPS OF BLUE SHEETS AND MAYBE A SNACK FOR HER BROTHER PA HE ALSO NEEDS A SMALL PLASTIC SNACK IN A BIG TOY FROW FOR THE KITS SHE CAN SCOVE THESE THINGS INTO THREE RED BAGS AND WE'LL GO MEET THERE MEET HER WEDNESDAY AT THE TRAIN STATION
spanish40.wav,PLEASE CALL ESTELLA ASK HER TO BRING THE SIT WITH HER FROM THE STORE SIXPENE OF FRESH NO PEAS WHII LOVE BLUE CHEESE AND MAYBE A SNIG FOR A BROTR PUP WELSON IS MALL PLASTICS NAK A BIG TOY FOR THE KETS SHE KAN ISPUT THES THING INTO TO RED BACKS IF WE GO MEETING WENSDAY AT THE TRAIN STATION
spanish41.wav,PLEASE CALL STELLA ASK HER TO BRING THESE THINGS WITH HER FROM THE STORE SIX SPOONS OF FRESH SNOW PEAS FIVE THICK SLABS OF BLUE CHEESE AND MAYBE A SNAG FOR HER BROTHER BOB WE ALSO NEED A SMALL PLASTIC SNAKE AND A BIG TOY FROG FOR THE KIDS SHE CAN SCOOP THESE THINGS INTO THREE RED BAGS AND WE WILL GO MEET HER WEDNESDAY AT THE TRAIN STATION
spanish42.wav,PLEASE CALL STELLA ASK HER TO BRING THESE THINGS WITH HER FROM THE STORE SIX SPOONS OF FORAGENO PEESE FIVE TIK SLAPS OF BLUE CHEESE AND MAYBE I NAP TO HER BROTHER BOB WE ALSO NEED A SMALL PLASTIC SNUCK AND A BIG TOY FROK FOR THE KEYS SHE CAN SCUP THIS THING INTO THREE RED BAGS AND WE WILL GO MEET HER WEDNESDAY AT THE TRAINING STATION
spanish43.wav,PLEASE PLEASE CORS STEALER ASK HER TO BRING THESE TINS WE HADE FROM THE STORE SIX SPOONS OF FRESH SNOW SPEES FIVE TIK SLOTS OF BLUE CHEESE AND MAYBE SNUG FOR HER BROTHER BOB WE ALSO NEEDE A SMALL PLASTIC SNAKE AND A BIS TOY FROG FOR THE SKIN SHE CAN PUT SCOOP THESE TINS INTO THREE RADE BAGS AND WE WII GO MEET HEL WEDNESDAY AT THE STRENG TATION
spanish44.wav,PLEASE CALL STELLA ASK HER TO BRING THESE THINGS WITH HER FROM THE STORE SIX SPOONS OF FRESH SNOW PEAS FIVE THICK SLABS OF BLUE CHEESE AND MAYBE A SNACK FOR HER BROTHER BOB WE ALSO NEED A SMALL PLASTIC SNAKE AND A BIG TOY FROG FOR THE KIDS SHE CAN SCOOP THESE THINGS INTO THREE RED BAGS AND WE WILL GO MEET HER WEDNESDAY AT THE TRAIN STATION
spanish45.wav,PLEASE CALL ESTELLA ASK HER TO BRING THESE THINGS WITH HER FROM THE STORE SIX SPOONS OF FRESH SNOW PINS FIVE TINKS SLAB OF BLUE CHEES AND MAYBE A SNAG FOR HER BROTHER BOB WE ALSO KNEED A SMALL PLASTIC SNAK AND A BIG TOY FROG FOR THE KIDS SHE CAN SCOOP THESE THINGS INTO THREE RED BAGS AND WE WILL GO MEET HER WEDDNESDAY AT THE TRAIN STATION
spanish46.wav,PLEASE CALL STELLA ASK HER TO BRING THESE THINGS WITH HER FROM THE STORE SIX SPOONFS OF FRESH SNOW PEAS FIVE THICK SLAPS OF BLUE CHEESE AND MAYBE SNACK FOR HER BROTHER BOB WE ALSO NEED A SMALL PLASTIC SNAKE AND A BIG TOY FROG FOR THE KIDS SHE CAN SCOOP THESE THINGS INTO THREE RED BAGS AND WE WILL GO MEET HER WEDNESDAY AT THE TRAIN STATION
spanish47.wav,PLEASE CALL STELLA ASK HER TO BRING THESE THINGS FOM WITH HER FROM THE STORE SIX POONS OF FRESH SNOW PEAS FIVE STICK LAVS OF LUCES AND MAYBE A SNACK FOR HER BROTHER BOB WE ALSO NEED A SMALL PLASTIC SNAKE AND A BIG TOY FROG FOR THE KIDS SHE CALLS SCOOP SHE CAN SCOOP THE THINS INTO THREE RED BAGS AND WE WILL GO MEET HER WEDNESDAY AT THE TRAIN STATION
spanish48.wav,PLEASE CALL STELLA ASK HER TO BRING THESE THINGS WITH HER FROM E STORE SIX SPOONS OF FRESH NOT PEAS FIVE THICK SLABS OF BLUE CHEESE AND MAYBE A SNACK FOR BROTHER BOB WE ALSOL NEED A SMALL PLASTIC SNAKE AND A BIG TOY FROK FOR THE KIDS SHE CAN SCOOP THESE THINGS INTO THREE RED BAGS AND WE WILL GO MEET HER WENESDAY AT THE TRAIN STATION
spanish49.wav,PLEASE CALL STELLA ASK HER TO BRING THESE THINGS WITH HER FROM THE STORE SIX SPOONS OF FRESH SNOW PEAS FIVE THICK SLABS OF BLUE CHEESE AND MAYBE A SNACK FOR HER BROTHER BOB WWI ALSO NEED A SMALL PLASTIC SNAKE AND A BIG TOY FROG FOR THE KIDS SHE CAN SCOOP THESE THINGS INTO THREE RED BAGS AND WE WILL GO MEET ER WEDNESDAY AT THE TRAIN STATION
spanish5.wav,PLEASE CALL STELLA ASK HER TO BRING THESE THINGS FOR ASK HER TO BRING THESE THINGS WITH HER FROM THE STORE SIX SPOONS OF FRESH SNOW PEAS FIVE THICK SLABS OF BLUE CHEESE AND MAYBE A SNACK FOR HER BROTHER BOB WE ALSO NEED A SMALL PLASTIC SNAKE AND A BIG TOY FROG FOR THE KIDS SHE CAN SCOOP THESE THINGS INTO THREE BREAD BAGS AND WE WILL GO MEET HER WEDNESDAY AT THE TRAIN STATION
spanish50.wav,PLEASE CALL STELLA ASK HER TO BRING THESE THINGS WITH HER FROM THE STORE SIX SPOONFULS FRESH SNOW PEAS FIVE THICK SLABS OF BLUE CHEESE AND MAYBE A SNAKE FOR HER BROTHER BOB WE ALSO NEED A SMALL PLASTE SNAKE AND A BIG TOY FROG FOR THE KIDS SHE CAN SCOOP THESE THINGS INTO THREE RED BAGS AND WE WILL GO MEET HER WENESDAY AT THE TRAIN STATION
spanish51.wav,PLEASE CALL STELLA ASK HER TO BRING THESE TINGS WITH HER FROM THE STORE SIX SPOON OF FRESH SNOW PEES FIVE TI SLABS OF BLUE SHEETS AND MAYBE A SNAP FOR HER BROTHER BOB WE ALSO NEED A SMALL PLATE SNAKE AND A BIG TOYFROW FOR THE KID SHE CAN SCOOP THIS TIN INTO THREE RED BACKS AND W WILL GO MEET HER WEDNESDAY AT THE TRAIN STATION
spanish52.wav,PLEASE CALL ET SELLA ASK HER TO BRING THESE THINGS WITH HER WITH HER FROM THE STORE SIX SPOONS OF FRESH SNOW PEAS FIVE THICK SLAPS OF BLUE CHEESE AND MAYBE A SNACK FOR HER BROTHER BOB WE ALSO NEED A SMALL PLASTIC SNAKE SNAKE AND A BIG TOY FROCK FOR THESE KIDS SHE CAN SCOOP THESE THINGS INTO THREE RED BAGS AND WE WILL GO MEET HER WEDNESDAY AT THE TRAIN STATION
spanish53.wav,PLEASE CALL STELLA ASK HER TO BRING THESE THINGS WITH HER FROM THE STORE SIX SPOON OF FRESH SNOW PEAS FIVE THICK SLABS OF BLUE CHEESE AND MAYBE A SNAK FOR HER BROTHER BOB WE ALSO NEED A SMALL PLASTIC SNAKE AND A BIG TOY FROG FOR THE KIDS SHE CAN SCOOP THESE THINGS INTO THREE RED BAGS AND WE WILL GO MEET HER WEDNESDAY AT THE TRAIN STATION
spanish54.wav,PLEASE CALL STELLA ASK HER TO BRING THE THINGS WITH HER FROM THE STORE SIX SPOONS OF FRESH SNOW PEAS FIVE THICK SLABS OF BLUE CHEESE AND MAYBE A SNUG FOR HER BROTHER BOB WE ALSO NEED A SMALL PLASTIC SNAKE AND A BIG TOY FROK FOR THE KIDS SHE CAN SCOOF THESE THINGS INTO THREE RED BAGS AND WE WILL GO MEET HER WEDNESDAY AT THE TRAIN STATION
spanish55.wav,PLEASE CALL STELLA ASK HER TO BRING THESE THINGS WITH HER FROM THE STORE SIXPES FRESH NO PEAS FIVE THICK SLAPS BLUE CHEESE AND MAYBE A SNACK FOR HER BROTHER BOG WE ALSO NEED A SMALL PLASTIC SNAKE AND A BIG TO FROK FOR THE KIDS SHE CAN SCOOP THESE THINGS INTO THREE RED BAGS AND WE WILL GO AND MEET HER WEDNESDAY AT THE TRAIN STATION
spanish56.wav,PLEASE SCALD STELLA ASK HER TO BRING THESE THINGS WITH HER FROM THE STORE SIX SPOONS OF FRESH SNELL PEASE FIVE THICK SLAPS OF BLUE CHEESE AND MAYBE A SNAG FOR HER BROTHER BOB WE ALSO NEED A SMALL PLASTIC SNAKE AND A BIG TOY FROK FOR THE KIDS SHE CAN SCOOP THESE THINGS INTO THREE RED BAGS AND WE WILL GO MEET HER WEDNESDAY AT THE TRAIN STATION
spanish57.wav,PLEASE CALL STELLA ASK HER TO BRING THESE THINGS WITH HER FROM THE STORE SIX SPOONS OF FRESH SNOW PEAS FIVE SICK SLABS OF BLUE CHEESE AND MAYBE A SNACK FOR HER BROTHER BOB WE ALSO NEED A SMALL PLASTIC SNAKE AND A BIG TOY FROG FOR OTHE KIT SHE CAN SCOOP THESE THINGS INTO THREE RED BAGS AND WE WILL GODMET HER WHENCETHEY ARE THE TRAIN STATION
spanish58.wav,PLEASE CALL STELLA ASK HER TO BRING THESE THINGS WITH HER FROM THE STORE SIX SPOONS OF FRESH SNOW PEES FIVE THICK SLABS OF BLUE CHEESE AND MAYBE A SNAG FOR HER BROTHER BOB WE ALSO NEED A SMALL PLASTIC SNAKE AND A BIG TOY FROG FOR THE KIDS SHE CAN SCOOP THESE THINGS INTO THREE RED BAGS AND WE WILL GO MEET HER WEDNESDAY AT THE TRAIN STATION
spanish59.wav,PLEASE CALL STELLA ASK HER TO BRING THESE THINGS WITH HER FROM THE STORE SIX SPOONS OF FRESH SNOW PEAS FIVE THICK SLABS OF BLUE CHEESE AND MAYBE A SNACK FOR HER BROTHER BOB WE ALSO NEED A SMALL PLASTIC SNAKE AND A BIG TOY FROG FOR THE KIDS SHE CAN SCOOP THESE THINGS INTO THREE RED BAGS AND WE WILL GO MEET HER WEDNESDAY AT THE TRAIN STATION
spanish6.wav,PLEASE CALL ESTELLA ASK HER TO BRING THESE THINGS WITH HER FROM THE STORE SIX SPOONS OF FRESH SNOW PEAS FIVE THIK SLAPS OF BLUCEESE AND MAYBE A SNUG FOR HER BROTHER BOB WE ALSO NEED A SMALL PLASTIC SNAKE AND A BIG TOY FROG FOR THE KIDS SHE CAN SCOOP THESE THINGS INTO THREE READ BAGS AND WE WILL GO MEET HER WEDNESDAY AT THE TRAINING STATION
spanish60.wav,PLEASE CALL STELLA ASK HER TO BRING THESE THINGS WITH HER FROM THE STORE SIX SPOONS OF FRESH NO PEAS FIVE THICK SLABS OF BLUE CHEESE AND MAYBE A SNACK FOR HER BROTHER BOB WE ALSO NEED A SMALL PLASTIC SNAKE AND A BIG TOY FROG FOR THE KIDS SHE CAN SCOOP THESE THINGS INTO THREE RED BAGS AND WE WILL GO MEET HER WENESDAY AT THE TRAIN STATION
spanish61.wav,PLEASE CALL STELLA ASK HER TO BRING THESE THINGS WITH HER FROM THE STORE SIX SPOONS OF FRESH SNOW PEAS FIVE FEET SLAF OF BLUE CHEESE AND MAYBE A SNACK FOR HER BROTHER BOB WE ALSO NEED A SMALL PLASTIC SNAKE AND A BIG TOY FROG FOR THE KIT SHE CAN SCOOP THESE THINGS INTO THREE BREAT BAGS AND WE WILL GO MEET HER WEDNESDAY AT THE TRAIMING STATION
spanish62.wav,PLEASE CALL STELLA ASK HER TO BRING THESE THINGS WITH HER FROM THE STORE SIX SPOONS OF FRESH SNOW PEASE FIVE THICK SLABS OF BLUE CHEESE AND MAYBE A SNACK FOR HER BROTHER BOB WE ALSO NEED A SMALL PLASTIC SNAKE AND A BIG TOY FROG FOR THE KIDS SHE CAN SCOOP THESE THINGS INTO THREE RED BAGS AND WE WILL GO AND MEET HER WEDNESDAY AT THE TRAIN STATION
spanish63.wav,PLEASE SCOLD STELLA ASK HER TO BRING THESE THINGS WITH HER FROM THE STORE SIX SPOONS OF FRESH SNOW PEAS FIVE THICK SLABS OF BLUE CHEESE AND MAYBE A SNACK FOR HER BROTHER BOB WE ALSO NEED A SMALL PLASTIC SNAKE AND A BIG TOY FROG FOR THE KITS SHE CAN SCOOP THES THINGS INTO THREE READ BAGS AND WE WILL O MEET HER WEDNESDAY AT THE TRAIN STATION
spanish64.wav,PLEASE CALL SELLA ASK HER TO BRING THESE THINGS WITH HER FROM THE STORE SIX SPOONFS OF FRESH SNOW PEAS FIVE THICK SLABS OF BLUE CHEESE MAYBE A SNACK FOR HER BROTHER BOB WE ALSO NEED A SMALL PLASTIC SNAKE AND A BIG TOY FROK FOR THA KITS SHE CAN SCROOP THESE THINGS INTO THREE RED BAGS AND WE WILL GO MEET HER WENE DAY AT THE TRAIN STATION
spanish65.wav,PLEASE CALL STELLA ASK HER TO BRING THESE THINGS WITH HER FROM THE STORE SIX SPOONFUS OF FRESH SNOW PEAS FIVE THICK SLAPS OF BLUE CHEESE AND MAYBE A SNACK FOR HER BROTHER BOB WE ALSO NEED A SMALL PLASTIC SNAKE AND A BIG TOY FROG FOR THE KIDS SHE CAN SCOOP THESE THINGS INTO THREE RED BAGS AND WE WILL GO MEET HER WEDNESDAY AT THE TRAIN STATION
spanish66.wav,PLEASE CALL STELLA ASK HER TO BRING THESE THINGS WITH HER FROM THE STORE SIX SPOONS OF FRESH SNOW PEAS FIVE THICK SLABS OF BLUE CHEESE AND MAYBE A SNACK FOR HER BROTHER BOB WE ALSO NEED A SMALL PLASTIC SNAKE AND THE BIG TOY FROG FOR THE KIDS SHE CAN SCOOP THESE THINGS INTO THREE RED BAGS AND WE WILL GO MEET HER WEDNESDAY AT THE TRAIN STATION
spanish67.wav,PLEASE CALL STELLA ASK HER TO BRING THESE THINGS WITH HER FROM THE STORE SIX POONS OF FRESH SNOW PEAS FIVE THICK SLABS OF BLUE SHEES AND MAYBE A SNACK FOR HER BROTHER BOB WE ALSO NEED A SMALL PLASTIC SNAKE AND A BIG TOY FROG FOR THE KIDS SHE CAN SCOOP THESE THINGS INTO THREE RED BAGS AND WE WILL GO MEET HER WEDNESDAY AT THE TRAIN STATION
